initT_pop,1,-0.017431,-0.20361,-0.14143,0.0051194,0.0081939,-0.076555,-2.9524e-05,-0.023203,0,0,0,0,0,0,0,0,0,0
aS_pop,-0.017431,1,0.61495,-0.42178,-0.023097,0.0090878,0.12256,1.7893e-05,-0.0094748,0,0,0,0,0,0,0,0,0,0
dS_pop,-0.20361,0.61495,1,0.44821,-0.055228,0.04342,-0.017002,1.7998e-05,0.044352,0,0,0,0,0,0,0,0,0,0
lBt0_pop,-0.14143,-0.42178,0.44821,1,-0.024827,0.029563,-0.17848,-6.1052e-06,0.059178,0,0,0,0,0,0,0,0,0,0
lk_pop,0.0051194,-0.023097,-0.055228,-0.024827,1,-0.99829,-0.0016782,-2.4332e-05,-0.0082198,0,0,0,0,0,0,0,0,0,0
lae_pop,0.0081939,0.0090878,0.04342,0.029563,-0.99829,1,-0.010292,1.9323e-05,0.0041841,0,0,0,0,0,0,0,0,0,0
lw_pop,-0.076555,0.12256,-0.017002,-0.17848,-0.0016782,-0.010292,1,6.44e-05,-0.013238,0,0,0,0,0,0,0,0,0,0
dE_pop,-2.9524e-05,1.7893e-05,1.7998e-05,-6.1052e-06,-2.4332e-05,1.9323e-05,6.44e-05,1,5.1804e-06,0,0,0,0,0,0,0,0,0,0
lI50_pop,-0.023203,-0.0094748,0.044352,0.059178,-0.0082198,0.0041841,-0.013238,5.1804e-06,1,0,0,0,0,0,0,0,0,0,0
omega_aS,0,0,0,0,0,0,0,0,0,1,-0.63387,-0.41748,0.016146,-0.012878,0.0016469,-2.9731e-09,-0.0011208,-0.0042426,-0.0029598
omega_dS,0,0,0,0,0,0,0,0,0,-0.63387,1,-0.42737,-0.066004,0.062903,0.021874,2.0164e-09,0.0026182,0.0076658,0.00062295
omega_lBt0,0,0,0,0,0,0,0,0,0,-0.41748,-0.42737,1,0.058391,-0.058946,-0.028961,1.1892e-09,-0.0015766,-0.0044851,-0.00061648
omega_lk,0,0,0,0,0,0,0,0,0,0.016146,-0.066004,0.058391,1,-0.99915,0.0068775,-1.794e-08,-0.00011124,-0.0052726,0.0049017
omega_lae,0,0,0,0,0,0,0,0,0,-0.012878,0.062903,-0.058946,-0.99915,1,-0.0085928,1.6911e-08,-0.00053262,0.0049171,-0.0050198
omega_lw,0,0,0,0,0,0,0,0,0,0.0016469,0.021874,-0.028961,0.0068775,-0.0085928,1,-1.447e-08,-0.0009786,0.0064722,-0.010521
omega_dE,0,0,0,0,0,0,0,0,0,-2.9731e-09,2.0164e-09,1.1892e-09,-1.794e-08,1.6911e-08,-1.447e-08,1,3.9804e-10,-1.0061e-08,8.985e-09
omega_lI50,0,0,0,0,0,0,0,0,0,-0.0011208,0.0026182,-0.0015766,-0.00011124,-0.00053262,-0.0009786,3.9804e-10,1,0.0042135,-0.0053729
a,0,0,0,0,0,0,0,0,0,-0.0042426,0.0076658,-0.0044851,-0.0052726,0.0049171,0.0064722,-1.0061e-08,0.0042135,1,-0.9703
b,0,0,0,0,0,0,0,0,0,-0.0029598,0.00062295,-0.00061648,0.0049017,-0.0050198,-0.010521,8.985e-09,-0.0053729,-0.9703,1
