rep,id,eta_initT,eta_aS,eta_dS,eta_tau,eta_lBt0,eta_lp,eta_dI,eta_n,eta_V0
1,10066,0.208662297361098,-0.851271295880539,-0.383312871287824,0,-0.122319012042687,0,-0.397721831260687,-0.010530816000523,0
2,10066,0.248925341197107,-0.120702191102154,-0.0771072783827662,0,-0.250096631516731,0,-0.251715645059604,-0.0660246359587473,0
3,10066,0.225969479852664,-0.380878027231779,-0.114564980419568,0,-0.199062447739079,0,-0.483411271592334,-0.098549798072076,0
4,10066,-0.068392675629096,-0.204281188408349,-0.30911618823604,0,-0.261436459562764,0,-0.301122395876665,-0.000928956859713628,0
5,10066,0.404227927213501,-0.484492708806355,0.0162219926857524,0,-0.14387769893854,0,-0.517656617233962,-0.0387351641200265,0
6,10066,0.379188215354451,-0.733019858979118,-0.437363340014249,0,-0.256482793064585,0,-0.830048927283234,0.029452927989565,0
7,10066,0.432800246591881,-0.773695041074719,-0.151230740964033,0,-0.0874195668000594,0,-0.406610926309462,-0.0796223888245007,0
8,10066,-0.0246034669015722,-0.212585520517029,-0.181102317891046,0,-0.229334007019522,0,-0.482371548983507,-0.0520457005684159,0
9,10066,-0.000513270547781108,-0.604738736960288,-0.0915797775667674,0,-0.065310432179439,0,-0.298060219214297,-0.0258089333080234,0
10,10066,-0.078690893544885,-0.276580182363011,-0.0280569383346121,0,-0.107242431078235,0,-0.13350237582184,-0.0974229468369217,0
1,10203,-0.244927085397132,-1.9805265880147,0.543307215644572,0,0.937719141156792,0,0.349868291773022,0.116819733451649,0
2,10203,0.137536160050631,-1.38291647764683,2.27210063085206,0,1.29100090671827,0,0.102766900713337,-0.000195863022825635,0
3,10203,-0.552782506029822,-1.6258046272291,0.796669648581208,0,0.959207259152887,0,0.467826198361222,0.142296556524501,0
4,10203,-0.310143890396445,-1.08492093775663,1.6756073217217,0,1.06065875261263,0,0.326485749457989,-0.0398788426927012,0
5,10203,-0.395638355368123,-1.6660053770928,0.353075024730665,0,0.781644242344911,0,0.586928137161266,-0.0578099872567656,0
6,10203,-0.141252288483492,-1.12126323595738,1.60025899854422,0,1.05620867240328,0,0.392244589984994,-0.0901704674420544,0
7,10203,-0.541951142384242,-1.163375504303,0.523996161929634,0,0.743190574430192,0,0.651255609467977,-0.054882843829633,0
8,10203,-0.0737338183945943,-1.56582297742908,2.07823908324604,0,1.33862887684821,0,0.0586733074018697,0.057838593136421,0
9,10203,-0.969515416174992,-1.45753186056333,0.134292242513981,0,0.671372427573031,0,0.51159358097448,0.0162588560822967,0
10,10203,-0.0340361462834951,-1.20519603807016,2.3312166904905,0,1.28285973929768,0,0.195188604733138,-0.0519373052596324,0
1,10220,-0.802864573447883,-2.02711026483913,2.017499888994,0,1.34829156722826,0,0.071850730905632,-0.0183386141938529,0
2,10220,-1.11447813557857,-0.820269748283843,3.08511128962062,0,1.34543088875216,0,0.29535973318711,-0.0592500475599398,0
3,10220,-0.916746916657275,-2.21623496776836,2.24583286164355,0,1.50875406703503,0,-0.239707495571103,0.0283163257612704,0
4,10220,-1.13206516131336,-1.15721795516965,3.02043439664286,0,1.43426391689698,0,0.186240433489329,0.00393301184993223,0
5,10220,-1.42931818984542,-2.05524944406337,2.10400230351812,0,1.45818940506992,0,-0.122641979010567,-0.063395697491877,0
6,10220,-0.452252666562286,-1.52295064672908,2.72039681709937,0,1.40805173565905,0,0.278286723551787,-0.0575702498037576,0
7,10220,-0.789331950882856,-1.86166988083474,2.10518354581776,0,1.32092704711729,0,-0.0289524138941386,-0.0273865496440235,0
8,10220,-0.578912084143408,-1.78834091931802,2.40974577697704,0,1.37297657617485,0,-0.109182702362128,0.030128835079279,0
9,10220,-0.84439285018948,-1.85485811463362,2.26806148699838,0,1.37677031866899,0,-0.299190187542042,0.0433831788274693,0
10,10220,-1.3550277891625,-1.56330121079726,2.24295579161552,0,1.27770745561174,0,-0.112646269117244,-0.0934982843940648,0
1,10428,-0.182350643111225,-0.0396706105302853,0.109048674005958,0,-0.0413374108770178,0,-0.279115012417147,0.047000951019866,0
2,10428,-0.0726472783922913,-0.0110646524808087,0.506814467055395,0,0.0489317970500822,0,-0.136372197218835,-0.022052559287779,0
3,10428,0.0861889003909827,0.308800341478044,0.289658791858642,0,-0.162901485651936,0,-0.621028534994144,-0.0238859284174661,0
4,10428,-0.129864302996515,0.0209083696195988,0.801570304198195,0,0.184443777831054,0,-0.514185078017951,0.00299666503096123,0
5,10428,-0.384274613335218,0.776770854604432,0.280136646041088,0,-0.224733261679356,0,-0.452940917514411,-0.0166142435813034,0
6,10428,-0.238813346375354,0.789003647146319,0.971336735562236,0,-0.000731333998637868,0,-0.377929265321702,-0.0471492253854236,0
7,10428,-0.592300728426716,1.31783538352402,0.164015482951921,0,-0.454470231423173,0,-0.244260132353707,-0.00810316580491102,0
8,10428,-0.0854355195955142,0.376460437629018,0.823241360219924,0,0.040451767866022,0,-0.122748485013616,-0.155036141242585,0
9,10428,-0.431912547558902,1.29290719152108,0.166371993904994,0,-0.461750065487115,0,-0.244300964862533,-0.0703683979512185,0
10,10428,-0.450103228558289,0.0589287051164107,0.334374062871317,0,0.0927489123639861,0,-0.576229663245673,-0.0161749948857453,0
1,10435,0.00189704887109804,-0.477590149420508,-0.802846504448537,0,-0.215069818798563,0,-0.203578030128642,-0.0447739501097171,0
2,10435,0.0576140182788518,-1.00114837297434,-0.490533019328965,0,0.0879219451183506,0,-0.325895958609723,0.00779325969989426,0
3,10435,0.0226221274368083,-0.348229802803718,-0.553905590033144,0,-0.187774867262627,0,-0.147272862194259,-0.0505314398060641,0
4,10435,0.569353164456088,-1.42780909320717,-0.15896937804571,0,0.272273530017699,0,-0.707360586349931,0.00284077559068879,0
5,10435,0.398513000658842,-0.853904527714294,-0.733579723358432,0,-0.126070643359786,0,-0.380785476041865,-0.0750091113270285,0
6,10435,0.0462033170214757,-1.03179399369544,-1.42254122186949,0,-0.253061284915695,0,-0.208951372019587,0.00688892699073789,0
7,10435,0.00462263493031669,-0.673276950915994,-0.72755097999227,0,-0.151177382589714,0,-0.312146180019767,-0.0256179189476177,0
8,10435,-0.169183796823984,-0.80514939783294,-1.36395871918636,0,-0.251999784432886,0,-0.175599209751158,0.0257352508794799,0
9,10435,-0.00404773415737861,-0.564478607075668,-0.683380340580171,0,-0.162468721765322,0,-0.282908324553623,-0.012104547855965,0
10,10435,-0.0458608573591104,-0.838561290655651,-0.793790972092246,0,-0.0610370455930222,0,-0.515616845514067,0.0439823373739975,0
1,10463,-0.829259033548825,-1.13551195609396,-0.592788643660877,0,0.0442853642560673,0,0.0999022621099534,0.0355067657091385,0
2,10463,-0.318484384209821,-1.66386417061289,-0.20058610142426,0,0.31812626226521,0,-0.0517197199220946,0.0479421292813968,0
3,10463,-0.739144880437846,-1.31233834652479,-0.502074676491844,0,0.134423337225135,0,-0.00347949553051744,0.102960141882214,0
4,10463,-0.863157206003246,-1.28414011997528,-0.440854400335349,0,0.150965730744776,0,0.154547114539096,0.0595849110506977,0
5,10463,-0.284676043067777,-0.994496750374215,0.484690709764755,0,0.289338219307671,0,-1.01165527321249,0.0834764630025965,0
6,10463,-0.503739079515089,-1.37849086386127,-0.709112759780595,0,0.0109047904704683,0,-0.140279473846159,0.0115360724106941,0
7,10463,-0.307727176592851,-1.00555373868835,-0.126716666216353,0,0.0927148578696784,0,0.0995025113465791,-0.0670803012370468,0
8,10463,-0.668880799500585,-1.09366897751179,-0.49376019429541,0,0.0307874095753554,0,-0.137897003188817,0.0395022556708935,0
9,10463,-0.33212908660854,-0.954246369294784,-0.15556331233116,0,0.0108341829012105,0,-0.441907223765216,0.0281380925908263,0
10,10463,-0.84746025155677,-0.645608972552569,-0.219001546808425,0,-0.0284464710791965,0,-0.144637372188383,-0.0535781961296673,0
1,10723,-0.480428728472379,0.895688353933863,0.635375919396297,0,0.0519912163691173,0,0.584075532787378,0.052704767403719,0
2,10723,-0.149097797215387,-0.22286658856809,1.5895377070255,0,0.802373340588337,0,-0.608653049614107,0.0823113684340654,0
3,10723,-0.144997866283833,1.09030602172987,1.25925314993325,0,0.10295064531245,0,0.43516398546642,-0.0456635610198147,0
4,10723,-0.543086529684423,-0.0882426707291381,1.13667901763015,0,0.956405294016059,0,-0.445323526070484,-0.12380456988634,0
5,10723,-0.0210040334554899,0.679187596296915,1.24563325644993,0,0.245283684206064,0,0.686824731279283,-0.0741127376122803,0
6,10723,-1.71519853311029,-0.496949163752059,0.481464700384264,0,1.16717743306841,0,-0.51495795595929,-0.0764764563192016,0
7,10723,0.236846254962209,0.435698160264554,1.67971852716792,0,0.427193276010511,0,0.427190740354583,-0.114354851645024,0
8,10723,-0.194556675901917,-0.643603363391248,2.0256305007792,0,1.16576026835219,0,-0.586840093667084,-0.0649597861723245,0
9,10723,0.261993336623643,-0.152116242866769,1.61935160973652,0,0.621376917667034,0,-0.327127068267545,0.0183487133380143,0
10,10723,-0.367017814873051,-1.32721759377514,1.01677884111006,0,1.09472283768108,0,-0.67653465603052,0.00833572118827572,0
1,10739,-0.407742015034434,0.551358659986726,-0.940991033014507,0,-0.807816695015975,0,-0.497082445034247,-0.0443936263928509,0
2,10739,-0.55486780305851,0.636922678386019,-1.31796081966528,0,-0.964259972420001,0,-0.279833373012194,-0.0523756511503406,0
3,10739,-0.55846008609808,0.47169481675006,-1.28655867458552,0,-0.865650907950677,0,-0.116622340045141,-0.098551829533945,0
4,10739,-0.333668394359229,0.809760464300364,-1.12180669255463,0,-0.988516254644996,0,-0.428848968979543,-0.0786662124073541,0
5,10739,-0.461093353582859,0.133888467709444,-1.30929724906274,0,-0.758967135815574,0,-0.162258629756437,-0.0542037905001243,0
6,10739,-0.7291903640425,0.612950702872043,-1.00041918107302,0,-0.784821598973412,0,-0.133444083410251,-0.000653941895154593,0
7,10739,-0.792293950369964,0.697078037843266,-1.08089203931248,0,-0.88803238321223,0,-0.62758414661045,0.0104753121293958,0
8,10739,-0.537386867821055,0.393510522655956,-1.17154070466948,0,-0.834764614560028,0,-0.666839713045602,0.00119350134771922,0
9,10739,-0.408869375589174,0.286559937295247,-0.898186884884419,0,-0.676190944348324,0,-0.579380670225963,0.079869354882907,0
10,10739,-0.221875091446927,0.317273890952985,-0.765007429268013,0,-0.662614928972223,0,-0.609676154078295,0.00633481429426623,0
1,10742,0.0502917075209919,1.21810944034709,0.122595112875109,0,-0.656729038130692,0,-0.277335369951452,-0.0251833398824185,0
2,10742,-0.356480391148711,2.71547913133161,1.3168633144617,0,-0.592507065479138,0,0.200324259843635,-0.0514500378487062,0
3,10742,-0.254938152515738,1.51426746970153,-0.184523782467759,0,-0.801083834401105,0,0.0786152686446662,-0.078504424807802,0
4,10742,-0.0369023674711381,2.25248081425888,1.32054061033296,0,-0.534788940395863,0,-0.420321865247621,-0.135331265676355,0
5,10742,-0.227494591712178,1.89481505785698,0.425496990780206,0,-0.746633695748394,0,-0.387360583391538,0.0234857096695601,0
6,10742,0.202756390025144,1.73996825211299,1.43729779233243,0,-0.361489124184674,0,-0.677309542076866,-0.00191700457303707,0
7,10742,-0.157145714374503,1.80652281539785,0.65438547942287,0,-0.597041364875053,0,-0.247372650604288,0.0208424724762035,0
8,10742,0.060604806539305,1.99123992138247,1.4864707781428,0,-0.407536043561204,0,-0.268663656246268,-0.042891394635419,0
9,10742,0.166958974122243,1.65375962355206,0.86070164915999,0,-0.561248272352222,0,-0.286289624588532,-0.000553973621628727,0
10,10742,0.047582346368415,1.55007921223733,0.687710910367213,0,-0.519483471091952,0,-0.188892208107617,0.0260839751519115,0
1,40007,-0.740749589818448,0.173683319633784,-2.12924183295422,0,-1.12378835035095,0,-0.0510688907265694,0.0328317235630994,0
2,40007,-0.342313993016742,-0.396035933742649,-2.49051032806078,0,-1.05678655962526,0,0.249077457572274,0.020931857933815,0
3,40007,-0.93117726328486,0.630559678351983,-1.83190030686562,0,-1.07379644015032,0,0.445226425699525,-0.0149268167284944,0
4,40007,-0.776249307898751,-0.572281091404693,-2.70062006433584,0,-1.02015219996011,0,0.0501407985942994,0.0861310516814653,0
5,40007,-0.98604643233116,0.135435254103493,-2.41996336555337,0,-1.14992256070256,0,0.210078900196577,-0.0719571939871574,0
6,40007,-0.924719254382685,-0.407828526278491,-2.8374937773893,0,-1.13009890532202,0,0.331738594189988,0.000626364406137267,0
7,40007,-0.869563050659351,0.230421701409787,-2.10960366060224,0,-1.07361961653729,0,0.305408519642925,-0.0868309022754675,0
8,40007,-0.664249123787793,-0.745187677888958,-2.82282474479693,0,-1.04219723666222,0,-0.203459569585382,0.114088726396401,0
9,40007,-0.730700573555805,0.367237277207988,-1.55364267689596,0,-0.955458275825228,0,0.00211434277484898,0.0349900439742173,0
10,40007,-0.701760915359382,-0.537767857914422,-2.70375731157197,0,-1.00714291487625,0,0.403312316508255,0.0658890806957428,0
1,40061,-0.806517499896475,-0.675615134768158,2.05304672017946,0,0.90871213791331,0,0.164678892627829,0.0589620403704013,0
2,40061,-1.19518191553417,-0.986095237515048,1.05010954434703,0,0.746909654854073,0,0.595735541353207,-0.0240544695083074,0
3,40061,-1.28485814447396,-0.906823365708635,1.54371193948554,0,0.853746972764527,0,0.250892628414186,-0.0111210028376192,0
4,40061,-1.26871656602461,-1.31172268080677,0.936193321073335,0,0.773212536612234,0,0.627139667557958,0.0185258940435854,0
5,40061,-0.751072040967677,-1.04911428580417,1.52548098387296,0,0.818803794495323,0,0.170930715805126,0.00997437329297975,0
6,40061,-1.28370482278032,-0.876476570022482,1.32218837264503,0,0.785350573132353,0,0.356079500805724,0.0505384472070103,0
7,40061,-1.26905384599307,-1.28546482840709,1.27957260876516,0,0.898503858682645,0,0.341235422322444,-0.0570876341649158,0
8,40061,-1.45011252763194,-0.84818525482043,1.60991803482219,0,0.856599499205884,0,0.244650174071957,-0.010745062043388,0
9,40061,-1.37349653236526,-1.10264607384431,1.31985237876623,0,0.848130488922279,0,0.483725674584999,-0.0645626129515896,0
10,40061,-0.999683021297344,-1.5691909374431,1.27896100020271,0,1.0071022721825,0,0.53006934934221,-0.0713322457056363,0
1,40094,0.109872061232138,0.196658512734004,1.64947278716056,0,0.314059569375529,0,-0.0372913658480303,0.082828958545666,0
2,40094,0.382949447895607,0.0179263846579631,1.95822656099088,0,0.419161275587449,0,-0.196134122104229,0.0722777138351129,0
3,40094,0.0030376748296416,0.601547460941262,1.78517159051731,0,0.26502075577155,0,0.342007409083421,-0.00795493829846275,0
4,40094,0.389137472618477,-0.313335715133564,1.55936626497124,0,0.343000226017841,0,-0.62537219377155,-0.0520183563496394,0
5,40094,-0.0797990746926828,0.973662971531618,1.97478085049568,0,0.180643265028206,0,0.171371693004946,-0.00911896213671954,0
6,40094,0.306734193774132,-0.224592531550954,1.26541942916512,0,0.254543878317134,0,-0.140928134740511,-0.0166180485966882,0
7,40094,-0.0347888374336817,1.14784631682574,2.11068385998559,0,0.199027200526148,0,0.451111561125832,-0.0464379560009156,0
8,40094,0.31046552470235,-0.367194239745411,0.822296379899612,0,0.183611128357915,0,0.0376594109482968,-0.0254059901234497,0
9,40094,-0.129332108288345,0.562350108612982,1.68559929896484,0,0.187682582271972,0,-0.0903955460915118,0.0694635734732969,0
10,40094,0.134172373316425,0.160872139425894,1.20327677995314,0,0.130811883386315,0,-0.0622087166274135,-0.0760713605236191,0
1,40100,-0.0889035577587957,1.53645762847891,-1.55612113867504,0,-1.38154638862804,0,-0.252565422844707,0.0211652897140893,0
2,40100,-1.4506169751374,1.04323629986404,-0.549357675868958,0,-0.107224672704745,0,-1.51566836530034,-0.0437430646433988,0
3,40100,0.0412222709206655,1.78169336648366,-0.681002649794719,0,-1.18534834047254,0,-0.450770837674922,0.0139487635630546,0
4,40100,-1.29063477700664,0.919137395516285,-0.119747748088135,0,0.023764450553756,0,-1.35317788784847,-0.0521872079111785,0
5,40100,0.0358134859685385,1.88989302121593,-0.63141153834968,0,-1.18890303229107,0,-0.230000776587526,0.0247742109444028,0
6,40100,-1.61814355412125,1.2253838758502,-0.0109721288470518,0,0.121699767703886,0,-1.22534212677094,0.0266478317507975,0
7,40100,-0.0221524598590255,1.53473512623709,-0.930091494091891,0,-1.14991257203339,0,-0.175870949405708,0.00173672502879282,0
8,40100,-1.31896074820395,0.233209256041844,-0.480343129686064,0,0.167827265684367,0,-1.62325336810481,0.0648672370581974,0
9,40100,-0.173049137260649,1.03710426611339,-1.03912010810127,0,-0.962077568270869,0,0.11846436558313,0.0213325022996396,0
10,40100,-1.3966610148096,-0.0512846659447384,-1.20285433161106,0,-0.0211624033347574,0,-1.60588350524687,-0.0230202191942332,0
1,40123,-0.765703943551062,0.174427186180554,2.05692708536868,0,0.580159012134563,0,0.0942051171093784,-0.0764819501072028,0
2,40123,-1.22161231128706,-0.660799845080501,1.80174148839751,0,0.819947595629533,0,-0.600933983483963,-0.00801430140379216,0
3,40123,-1.02442168729017,0.665339952305322,1.82363382364795,0,0.292159719341272,0,0.0290184012430768,-0.0346974702787334,0
4,40123,-0.808708703448497,-0.0909872391167028,1.90985465573919,0,0.603642236138963,0,-0.450192991741581,-0.144582058548915,0
5,40123,-0.997999218420526,0.0985597685476086,1.55116486858491,0,0.409323587365787,0,0.0895108823142386,0.0282803475422881,0
6,40123,-0.83928714277282,0.125779455295076,1.76290125767992,0,0.481057319798179,0,0.376086622944301,-0.0123583600236151,0
7,40123,-1.00168666927031,0.3057263548806,1.31912885416762,0,0.240289341441401,0,0.0415892133410995,-0.0963462272097895,0
8,40123,-0.999023528199534,0.315773535324918,1.73512844197165,0,0.391748828505519,0,-0.260195128869899,0.00608188817416637,0
9,40123,-1.1457946235404,0.514259238090756,1.46877182631622,0,0.210334860802909,0,-0.0988378007890792,-0.0183866327339204,0
10,40123,-0.770555069341204,0.332127433090151,2.11320433184722,0,0.47840048548969,0,-0.307553840730296,-0.128522420930945,0
1,40168,-0.478919984663422,2.72438297605204,1.84891292855752,0,-0.516159734425911,0,0.214690125785156,-0.0763523684531232,0
2,40168,0.0600600539415474,2.24342916728595,1.82523937025926,0,-0.425465460605618,0,-0.0237638119921352,0.110809387717611,0
3,40168,-0.201094373356064,2.36706039987457,1.76603526963029,0,-0.392344948410394,0,0.320406224904685,0.01153559750698,0
4,40168,-0.564699881369018,2.70964597397824,1.65729005602329,0,-0.503126495283881,0,0.488291746169672,-0.0454352088633784,0
5,40168,0.149693696334179,2.296010372586,1.46251805245804,0,-0.535329083564254,0,0.471799115223434,-0.00895660113404043,0
6,40168,-0.500444842824874,2.44581260211798,1.29229679730905,0,-0.551344465054666,0,0.491104179140528,0.0259863063760595,0
7,40168,-0.246543641330699,2.17463142190334,1.24273437891448,0,-0.523549759305132,0,0.619970340259113,0.0308563256152714,0
8,40168,-0.387421775251342,2.35315405969744,1.41710951392778,0,-0.559973448558796,0,-0.0173984028878511,0.0611244996789288,0
9,40168,-0.400618442125758,2.03510205236503,1.56154869787281,0,-0.324974123434547,0,0.456786048161359,-0.0351350431839133,0
10,40168,-0.0553547723559699,2.04322764013479,1.46160347342844,0,-0.414162488153425,0,0.585004961881623,-0.101808042277543,0
1,40231,-0.368251628484722,-1.28277048368301,-0.882961163129517,0,0.0174645222325348,0,0.128695362791897,-0.0479978008053343,0
2,40231,0.137233138993387,-0.892414369994475,0.691428215323658,0,0.363497705944351,0,-0.329249373789593,0.058090013160418,0
3,40231,-0.246872743166818,-1.19117523303562,-0.962907754964692,0,-0.0338398150795237,0,0.292595831129968,0.0644226894990474,0
4,40231,-0.206391913016611,-0.582993054316512,0.591381665250009,0,0.280040377392706,0,-0.132468101143698,0.0378681496690103,0
5,40231,-0.439749859296563,-1.57110751863156,-0.91180237631117,0,0.0959875483709654,0,0.0367101721070085,0.00828202413925871,0
6,40231,-0.0878621357648275,-1.04724383509963,-0.15176590720007,0,0.161649313523949,0,-0.0302809277152834,0.118890254788243,0
7,40231,-0.261189558483294,-1.36260256043366,-0.503277188767414,0,0.204665057344873,0,0.429861708923218,0.0946423042592982,0
8,40231,-0.239815752976482,-1.24537169634893,-0.0575337347822113,0,0.284703207529995,0,-0.0413593465970323,0.0637548041041993,0
9,40231,-0.2526530637964,-1.41173324377587,-0.451389258523985,0,0.178467074833908,0,-0.14788126380466,-0.0537214133152133,0
10,40231,-0.0788683851906587,-1.23671745557457,0.0292594273122617,0,0.29235547600135,0,-0.0485116494340271,0.00272627710719954,0
1,40250,-0.463918079249046,0.42915283951171,0.515006098404415,0,-0.203895093566722,0,-0.108842472181807,0.0345071236825954,0
2,40250,-0.917070465670511,1.69280374139737,1.45804121259448,0,-0.185297189344895,0,0.505568594408959,-0.00478611272424349,0
3,40250,-0.60899495847664,0.812102970293331,0.4442180076649,0,-0.301433403196918,0,0.205738322065563,0.0244508238216846,0
4,40250,-0.38528635707642,1.46144378078213,1.22720940641701,0,-0.31053473344161,0,0.211984073388531,-0.047501744468312,0
5,40250,-0.39373420613341,0.929861168111044,0.629808308606348,0,-0.354334360196012,0,-0.0131823132097086,-0.107235916879898,0
6,40250,-0.63723813804017,0.866792128647019,1.13177891922113,0,-0.0729320604010626,0,0.0979113820811072,0.0462498972299509,0
7,40250,-0.693209061514808,0.976065081759114,0.854092018941887,0,-0.234424783990226,0,0.0440452023396814,-0.0707130687746133,0
8,40250,-0.283005948455674,0.645864336992224,0.885218300925849,0,-0.14618726690145,0,0.0157229341309607,0.0558814331457482,0
9,40250,-0.378745918274286,0.776962127851507,0.677735952054079,0,-0.278145224863831,0,-0.112108061949165,-0.0574523545705514,0
10,40250,-0.25210256086914,0.760049837147856,0.668157206049584,0,-0.286273525804619,0,0.0728888483946913,-0.0522041626771632,0
1,40257,-0.205839198519573,1.39618387037258,-0.444234743727621,0,-0.851257186222012,0,0.431722901639612,0.140084623671795,0
2,40257,-0.22585547589999,0.768278010604703,-1.28323077496768,0,-0.974094931210583,0,0.153021183148277,0.00186785748763718,0
3,40257,-0.490876713678562,1.5139599436145,-0.783391122843967,0,-1.00797974282577,0,0.0969694318542901,0.114130462444175,0
4,40257,-0.434831300141031,0.301337885292568,-1.55059584442895,0,-0.785100454889592,0,0.69906496514139,-0.000484307115544605,0
5,40257,-0.0598653102195115,1.28691523581634,-0.73568310928435,0,-0.98450911977072,0,0.239346925744352,0.132018677993762,0
6,40257,-0.0626039317262216,0.0667629405102471,-1.49303881264064,0,-0.796392006725747,0,0.217024016779971,0.0499132432518028,0
7,40257,-0.371123158338248,1.64307983962568,-0.465558906483488,0,-0.930562311314449,0,0.177753278447409,0.0755224933166666,0
8,40257,-0.0573385614219925,-0.283877687020572,-2.2099759248894,0,-0.999553912515788,0,-0.0555219025373339,0.0317123345199009,0
9,40257,0.00247402838921352,1.51373647334159,-0.171441926000423,0,-0.902288554614334,0,-0.100352539074023,0.135457772365964,0
10,40257,0.0287957052733343,-0.333689585446342,-1.99462370767469,0,-0.838131787482474,0,0.496207427881272,0.068582822394683,0
1,40265,-0.849647912365342,0.42434632223768,1.22016553113477,0,0.153752161233504,0,0.255479657790921,0.0806318253013336,0
2,40265,-1.04374699785368,0.824752004723858,1.05716201431289,0,-0.0121339546700984,0,0.485165514773897,-0.00143099216329647,0
3,40265,-0.786863465216522,0.79218225864382,1.57431056596392,0,0.102917024538741,0,-0.11631130950064,0.0149982838823434,0
4,40265,-0.291203056275857,0.498580787017188,0.969037507998441,0,-0.0615881710352256,0,0.0821025766822206,-0.0316035435787351,0
5,40265,-0.954666618268854,1.18350596740443,1.21773756996109,0,-0.119240742578391,0,0.271869095633242,0.0252705641483998,0
6,40265,-0.84145740333695,0.22953995175881,0.996890847459231,0,0.120953505355783,0,-0.173106623657062,0.0758116284713397,0
7,40265,-0.403691233124767,0.907432662378696,1.26919823493755,0,-0.0787588245643124,0,0.0843855093806821,-0.111764154326088,0
8,40265,-0.711439078916005,0.447420706876741,0.715911389960297,0,-0.0490890942005939,0,0.237244369981176,-0.0346043125014441,0
9,40265,-0.638062444605257,1.33166800294554,2.3391141340611,0,0.200176818272133,0,0.135020120797404,0.0113370431548042,0
10,40265,-0.692078028886901,1.68393026575262,1.87249139087846,0,-0.0946835174157922,0,0.181850974849278,-0.0518244290773585,0
1,40353,-1.17701021734699,-2.26520422826318,1.11126987962191,0,1.25396266022076,0,-0.234625260298341,0.0384545964884988,0
2,40353,-0.731923076639735,-1.73394928740735,1.41101905964128,0,1.08710259307738,0,0.0724332453350469,0.0168956199158246,0
3,40353,-0.743446973775649,-2.19400998932723,1.03054232426282,0,1.12513822451476,0,0.268636643855203,0.0180328578934513,0
4,40353,-0.693496176669521,-1.55413083101781,2.02605076482601,0,1.24810857302165,0,-0.0302908782836474,-0.0805359931598585,0
5,40353,-0.816057601637382,-2.28390859271818,0.763794531934351,0,1.05652909018372,0,0.00114223464805238,-0.0282747619982624,0
6,40353,-0.686733542074191,-1.77028729294301,2.01951674494055,0,1.32466407627806,0,-0.25118660620497,-0.00290276576506843,0
7,40353,-0.406195267518162,-2.41044412231494,1.40755996278082,0,1.30078256401625,0,-0.125832951781123,0.0323198877670611,0
8,40353,-0.860099873114611,-1.44344033653731,1.69753382430201,0,1.14041590670021,0,0.412605903720182,-0.0135216343740045,0
9,40353,-0.81051561574511,-2.19404699286666,1.16878350052216,0,1.18562030745975,0,0.0540198011857186,-0.0761270609580935,0
10,40353,-0.797660468689125,-2.0889565924353,1.41801512619633,0,1.24975783357545,0,0.0798184171520409,0.0596498088822933,0
1,40363,-0.833012422595488,1.59303968283646,1.58310967457484,0,-0.0900508927685718,0,0.478438070816594,-0.0582193036813994,0
2,40363,-0.809222935907423,0.746612722857329,0.738967173344311,0,-0.153353610098176,0,-0.144033674271836,0.0558037074185628,0
3,40363,-0.970808225498777,1.20245159640232,1.2327912131755,0,-0.0809748897374252,0,0.315309531293051,-0.0220536477238265,0
4,40363,-0.997945663663161,1.18632084185138,1.4575322704578,0,0.0370749833691596,0,0.117059136678491,-0.00750209198832764,0
5,40363,-0.889043027185944,1.29603371340798,1.46125488017494,0,-0.0481544962252772,0,-0.0439533768937154,0.0339087401789331,0
6,40363,-1.02067171866753,1.39713736789843,1.50985129030234,0,-0.0534599364086632,0,0.261014696640985,-0.0255661344095298,0
7,40363,-0.620327979163333,1.08490967062329,1.74568792279795,0,0.0793900116015742,0,-0.275746053339657,-0.0156083430757684,0
8,40363,-1.2153341193106,1.77733074568583,1.82704709984352,0,-0.00696564218662192,0,0.524445891090932,0.0355995074004266,0
9,40363,-0.745014267803119,1.06639072546345,1.80255267918835,0,0.119088713335188,0,0.035627700342243,0.0424005208002319,0
10,40363,-1.31485416683577,1.40042106011871,1.47172226212123,0,-0.0699120405479189,0,0.111609202460324,-0.128341215004657,0
1,40511,0.626149109398999,-0.4239785012792,-0.914051376094814,0,-0.260039924671724,0,0.305465166744082,0.0304080150583186,0
2,40511,0.718940212905621,-0.915921142127787,-1.26635521682318,0,-0.243198624270136,0,0.151946998262656,0.100365283446931,0
3,40511,0.777582302678692,-1.05009472954369,-0.999369364285819,0,-0.13897418343879,0,0.383261727330544,-0.00544234338766506,0
4,40511,1.29076948745636,-0.430321646649814,-1.00371774612889,0,-0.554319366442241,0,-0.274946397570726,-0.0452722386094354,0
5,40511,0.0559536701822429,-0.427346159232863,-0.349625981934411,0,0.0420346297115609,0,0.661604542550155,0.0482269469688189,0
6,40511,1.43318976472783,-0.923288219375681,-0.38134206007063,0,-0.236271149607843,0,-0.355124126159796,-0.0476707379507058,0
7,40511,-0.0870965961587057,-0.394107907641207,-0.528515187294842,0,-0.042500034299306,0,0.632907585283378,0.078801471656698,0
8,40511,1.05533699723789,-0.921470559075345,-0.761215968138873,0,-0.186469308851451,0,0.14679618773092,0.0379161588745413,0
9,40511,-0.411981999644202,-0.0338471511881014,-0.0966592172186952,0,0.135565888431535,0,0.834053729947222,0.0923214803259857,0
10,40511,0.862342440184621,-1.18636713195926,-1.20634534284678,0,-0.268556232842629,0,-0.0445994210100811,-0.0146396941333695,0
1,40512,-0.39404491643049,1.29500230314564,1.03163091630064,0,-0.325111282162372,0,-0.020877927790507,-0.0392359558373507,0
2,40512,-0.166008155527263,1.87276354990636,2.47905196137271,0,-0.00415913105647585,0,-0.311124653409227,-0.0828102109904553,0
3,40512,-0.278508308974847,1.27239366790862,1.28119370887268,0,-0.207916117120607,0,0.0853068797712293,-0.0218741766555876,0
4,40512,0.00115707024928754,1.58171346939525,2.12180121632367,0,-0.0877185059320567,0,-0.21401804916888,-0.0489528918678587,0
5,40512,-0.147541655815855,2.00558553412258,1.70627706269647,0,-0.354717226703009,0,0.143065947011493,-0.0662995030327111,0
6,40512,-0.155002726313136,1.4356873907958,1.82820420568887,0,-0.121991883298355,0,-0.0528843967110881,-0.0692872847319562,0
7,40512,-0.573137980916374,2.13217134675062,1.45044126773166,0,-0.439230826622392,0,0.38817298777013,-0.0261792342814677,0
8,40512,-0.0953816383332713,1.10835165441296,1.74498020795517,0,-0.0320608765464923,0,-0.256896722959679,-0.0266193930987112,0
9,40512,-0.268578221506734,1.66114959617375,1.21844312771616,0,-0.361348474124902,0,0.399649619336185,-0.0258225305451602,0
10,40512,-0.0798044715134351,1.11537430468456,1.48451903511407,0,-0.0796502481933134,0,0.117775030472508,0.0780141053654731,0
1,40577,-0.29858550074084,0.857394103057087,-1.56445872816926,0,-1.13532494947441,0,0.0280526467048573,0.0239868066846463,0
2,40577,-0.190493821172695,0.364420088760663,-2.42997324283378,0,-1.34692029247057,0,-0.0850023533661557,-0.0793074661920925,0
3,40577,-0.419752676364419,1.00424520002862,-1.49470760507166,0,-1.13701608928774,0,0.140876158361324,0.0930645417698006,0
4,40577,-0.279380619989769,-0.0866090187388968,-2.36522539403361,0,-1.10936489913355,0,-0.389091365843265,0.102404628033773,0
5,40577,-0.305374592733141,0.96023565633222,-1.46807475366575,0,-1.14334802739858,0,0.127833743598479,0.0048742714664557,0
6,40577,-0.418998998668328,0.242563448893315,-2.35345411150922,0,-1.20293931895002,0,0.101741565681223,-0.00183439103605756,0
7,40577,-0.462850513042863,0.796374479826468,-1.93174141875978,0,-1.2464759866019,0,0.0997152754356639,0.011383445726288,0
8,40577,-0.0676543020814826,0.18719699699374,-2.18947128987697,0,-1.18766717135004,0,-0.0997950108831079,0.0629852086089084,0
9,40577,-0.128454349506946,0.246365743199868,-1.89531097426405,0,-1.05029082448933,0,0.263694583779325,0.0120262761170785,0
10,40577,-0.255789619014191,0.132231202074971,-2.28053644339089,0,-1.22058150581729,0,-0.205791801591588,0.0247735789123979,0
1,10753,0.486256521650163,-0.110181547410438,0.0581184755376158,0,-0.532936137345885,0,-0.257559155102577,0.10376038030098,0
2,10753,-0.680975748827934,-0.34320106449284,-2.1211203515009,0,-1.13440130008416,0,0.363363882798071,-0.0306469329009225,0
3,10753,0.327300316010679,-0.120512355421155,0.08432624522215,0,-0.516594914187798,0,-0.385836289595129,-0.0278097382265657,0
4,10753,-0.679096258125214,0.359827237721035,-1.9704183075005,0,-1.13280539400222,0,0.916833867066031,-0.0603511325059199,0
5,10753,-0.0449636496250448,1.26660751376208,0.352437410810029,0,-0.881102407623802,0,-0.00989091800439529,-0.100910338105134,0
6,10753,-0.130585481130373,0.170661754901034,-1.16339875625131,0,-0.92586148680548,0,0.474374385421008,-0.0190857635283165,0
7,10753,-0.346309178437773,1.07903345525506,0.201828944242332,0,-0.715763190691779,0,0.293126742521371,0.14118267341871,0
8,10753,0.0765119171681941,0.33444391151847,-0.811964601484495,0,-0.885904447844785,0,0.436360930432851,0.00601881748161699,0
9,10753,-1.29711394712994,0.833353773271313,-1.07636017453227,0,-0.783731827618702,0,0.611548984053244,0.0716305644161845,0
10,10753,-0.246397644039644,0.921283217549093,-0.586093621749471,0,-1.02582366479489,0,0.235966871491956,0.097316020157232,0
1,40032,-0.685222587180608,0.19173498187203,0.415041939018118,0,1.05549940223673,0,-0.307355580993353,-0.0328712192152727,0
2,40032,-0.978603743699594,0.788825336645554,-0.65885827952419,0,0.690564304892938,0,-0.31116363055777,0.0116435884204955,0
3,40032,-0.378717543663958,0.390816657331122,-0.613885412769823,0,0.716328833522995,0,-0.585130642363543,-0.0560848989387846,0
4,40032,0.045471029201317,0.452432375537739,-1.21307740238675,0,0.77359609357372,0,-0.51250627336177,-0.0500526487234185,0
5,40032,-0.52554963555372,0.307117946702729,-0.404495092160639,0,1.00714805070809,0,-0.637652008864913,0.0155339881611703,0
6,40032,-0.573863991548845,0.122189893209604,-0.872522063141812,0,1.05775114823534,0,-0.449237329869967,-0.0179587013786676,0
7,40032,-1.21844312023949,0.00811535736990691,0.640925901989547,0,1.23211317656724,0,-0.574778726795793,0.0773491809075196,0
8,40032,0.0617686339099643,0.286422225935153,-0.975482185623398,0,0.936900302951333,0,-0.662246053904946,-0.00592075086587764,0
9,40032,-1.18184762018078,1.05526131789075,-0.0650576053105207,0,0.75327414353673,0,-0.117542617084391,0.0486893869092731,0
10,40032,-0.952172596527054,1.09225250705369,-0.775117969288358,0,0.64856176586754,0,-0.278518673675648,0.00322966179749237,0
1,40211,0.624857319845191,0.0205174020450728,-0.0638279661848149,0,-0.19794108147324,0,0.204011673540668,0.107166893489153,0
2,40211,0.28305826085339,-0.550934320143785,-1.09247467833024,0,-0.397132446573651,0,0.168369249864782,-0.0453026133193476,0
3,40211,1.21879935986881,-0.837343590262281,-0.0919311192686045,0,-0.101112163553828,0,-0.0442814058355078,0.03567706741751,0
4,40211,0.254395904244228,0.822745739869296,0.0273223394785437,0,-0.225097361577721,0,1.15782663429294,-0.113728830273722,0
5,40211,0.851115830698371,-0.0131544428284425,-1.47058711399355,0,-0.589434795101812,0,0.476556766270645,-0.0381332066206791,0
6,40211,0.010025911541262,1.19382386645345,0.879570900254742,0,-0.120039488637478,0,0.637972819818009,-0.00156665894508776,0
7,40211,0.348060426038131,0.0622694405616814,-1.61637807057408,0,-0.505745960400345,0,0.5598368845404,0.0272064008090795,0
8,40211,0.431027666118539,0.835186341823706,0.525864640666648,0,-0.192042986046767,0,0.540321911634252,-0.00496864643826562,0
9,40211,0.371600931560338,-1.3017297553516,-1.35202331793112,0,-0.0731779870039795,0,0.929675784587215,-0.0942715688648947,0
10,40211,0.00264583554198694,-0.0121360696316514,-0.972189764983242,0,-0.371254472732959,0,0.541774915347087,-0.00717464207520037,0
1,40503,-0.730477412436265,-1.09696548584578,-2.17662903437084,0,-0.594100651891968,0,0.274631669353114,-0.100459154213488,0
2,40503,-1.12181709463654,0.0908164814508045,-1.4681847154303,0,-0.681444645301663,0,0.557922559915077,0.00947459339039968,0
3,40503,-0.659018279906137,-1.34119978023281,-2.26062276796714,0,-0.535425056681163,0,0.356934120839987,-0.0236493060380386,0
4,40503,-1.3872380510573,-0.207015125470434,-1.83409279736636,0,-0.682356356975009,0,0.475309140697262,0.0588591915308712,0
5,40503,-0.843674440354051,0.701751066529043,0.403523189880954,0,-0.282275852453575,0,0.00625442470261879,0.0557237491098834,0
6,40503,-0.778113708747479,-0.672885044525728,-1.80459457465087,0,-0.54397303018378,0,0.515877595095143,0.0199450054711672,0
7,40503,-0.835387088580185,0.940188583187228,0.26475722756631,0,-0.338669925719563,0,0.373626350783522,-0.0255035074285211,0
8,40503,-1.13811803225976,-0.1669842363335,-1.49450297583852,0,-0.573347585156391,0,0.616260001606656,0.0365342559189539,0
9,40503,-0.994395520048673,1.54842501235146,0.639286082537474,0,-0.441528354515302,0,0.613488641538457,0.0225665981736645,0
10,40503,-0.727287295124603,-0.18480143144253,-1.59163747489162,0,-0.741288367577001,0,-0.0256083040928209,0.0297588668263255,0
1,40646,-1.13756649929279,-1.32972014226994,-2.56280180657152,0,-0.677298244290707,0,-0.133379760978652,-0.0356940752940689,0
2,40646,-0.953739609326724,-1.04699840120148,-2.14212281534628,0,-0.603915752361154,0,-0.141999728809131,-0.0108204101131783,0
3,40646,-1.32868379482461,-1.19829461292045,-2.42095808556875,0,-0.627533742574064,0,0.0331744492848336,-0.0841138475992752,0
4,40646,-1.06582950845826,-0.951791633524461,-1.61904786681346,0,-0.439979502878496,0,-0.189162317945125,0.0479526057622167,0
5,40646,-1.00444823345431,-0.919730660196214,-2.02829323708933,0,-0.601477767674123,0,-0.186990971223488,0.0271960183955164,0
6,40646,-1.01237160882244,-0.243726335376863,-1.0164960845123,0,-0.502334188261393,0,-0.212359079575953,-0.00743083329943091,0
7,40646,-1.22778574322389,-0.723543578223431,-1.687135554401,0,-0.559550398739356,0,-0.30706952156791,0.0668095810566226,0
8,40646,-1.22394483335667,-0.295442155543901,-1.21371264375828,0,-0.521961227043286,0,-0.183580337614205,-0.00966829825181797,0
9,40646,-1.06093698674497,-0.674511264052052,-1.52212105927988,0,-0.495272638137329,0,-0.1426439458126,-0.0209224233697763,0
10,40646,-1.07206675174893,-0.238839761437274,-1.52907045687062,0,-0.672993811309055,0,-0.183816314909395,-0.0017140597336151,0
1,10204,-0.0364120982397485,0.913831705249478,-0.76211354290506,0,-0.717774093652489,0,-0.329867695626952,-0.0507952011441473,0
2,10204,0.555571992186659,-0.534242766196494,-0.26745478951273,0,-0.133509842180181,0,-0.566993389128762,0.0508527772752124,0
3,10204,-0.384529662398473,0.646470508365344,-1.21808144289485,0,-0.709359641037336,0,0.0129912920475553,-0.0430532033400626,0
4,10204,0.766614235398918,-0.915415363167265,-0.232811513000463,0,-0.023356609096545,0,-0.243716763894403,-0.0585984636067499,0
5,10204,-0.390809018405807,0.704211705870333,-1.46677046564271,0,-0.833950114390425,0,0.0392445812764221,-0.0594072681915588,0
6,10204,0.828839111185908,-0.804244559320409,-0.0994689778353983,0,-0.033494404613451,0,-0.784489972591788,0.0259624664479047,0
7,10204,-0.208299841314776,0.854868022335233,-1.21167337384525,0,-0.844682455428103,0,-0.238203515502371,-0.056283239260018,0
8,10204,0.495323692635566,-0.821263679064419,-0.0757124906125222,0,0.0536184491655511,0,-0.575624795367176,0.00777334825626122,0
9,10204,-0.0243891532019014,0.824323022839593,-0.856051315046716,0,-0.727324881954688,0,-0.347731468464997,0.00570009147811603,0
10,10204,0.640887831297049,-0.892543650678668,-0.251839801262157,0,0.00642200155832747,0,-0.30281445510369,-0.0576079910608754,0
1,10374,-0.281945916279021,-0.28629224802306,0.391312416241631,0,1.614828620816,0,-0.258666793839718,-0.0565636102697547,0
2,10374,1.23741625590259,-0.963334343643982,-1.19827337581929,0,-0.20337685790796,0,0.236588847312378,0.108718694877295,0
3,10374,0.487124460492484,-0.866989076126106,-2.14097594445167,0,1.74547263950819,0,-0.742474915914016,0.0112626595253335,0
4,10374,1.45773570053558,-0.92621031586379,-0.619030491458737,0,-0.113922292731767,0,0.0287835442333819,-0.0218769712373223,0
5,10374,0.692727796592516,-0.567514656157704,-3.30977894443873,0,1.35417699831857,0,-0.789579010326933,-0.0254222687171164,0
6,10374,0.969643517322049,0.0692721979922789,0.0390153583986177,0,-0.0624162041408015,0,0.411090890510576,0.0490915199743594,0
7,10374,-0.18377716221243,-0.30573798357264,-1.31089815619868,0,1.62891569657586,0,-0.293783402817262,0.0928686485101547,0
8,10374,0.899914096316456,0.604230330431171,0.572725120746919,0,-0.0959363914124655,0,0.146992426255589,0.011807374091074,0
9,10374,-0.0714931100500806,-0.805041429922351,1.05672398136375,0,1.88896780881867,0,-0.654249634291891,0.0387983558723068,0
10,10374,1.15871834524924,0.378514772230665,1.07798847921152,0,0.146032701389233,0,0.712127029719964,-0.0917146167091762,0
1,40067,0.847345708019573,1.30369108455383,0.37270369849209,0,1.28050319052325,0,0.335976590076824,0.000555180418749374,0
2,40067,0.749781865846576,0.430285049764807,0.165137692121542,0,1.93128034371845,0,-0.279448007967344,0.0243203239442288,0
3,40067,1.56073096522646,1.54397722917332,0.839235854978879,0,0.842648065859487,0,0.658757076176278,0.0585416392368278,0
4,40067,0.012541502116725,0.19766537449062,0.585529343806457,0,1.92235264839503,0,-0.331803658148395,-0.0218840763308631,0
5,40067,0.592756620334873,0.225075300707646,-1.08804222777396,0,1.23493368872719,0,-0.856636156721157,-0.0725300815970228,0
6,40067,0.294560194761385,0.124208810876068,0.18202742547259,0,2.07779480030253,0,-0.592339287740466,-0.0372721547198626,0
7,40067,1.17402622877712,0.637671627271257,-0.699051993800826,0,1.53296803459984,0,-0.0648360403026335,0.0811655798272856,0
8,40067,0.0616906047526962,0.430405568542839,-0.715697539137228,0,1.71141226199726,0,-0.324651073532458,-0.0555207616292545,0
9,40067,0.673507314539612,1.44207025511089,-1.12919425949616,0,1.42292819876338,0,0.583405761448995,0.0651120706453635,0
10,40067,-0.962277708110619,1.07963719407988,3.53300622780851,0,1.9801347056888,0,0.186071032497098,0.00525262757393543,0
1,40096,0.374150193613838,0.757991145833317,-0.283364874451479,0,-0.723806321615896,0,-0.160175221091178,0.102782636348692,0
2,40096,0.809061931868689,0.690131214551714,0.25235711898086,0,-0.585078712048322,0,-0.399409198524863,-0.0667437634943699,0
3,40096,0.428356560932565,0.321272729560167,-0.589254229753583,0,-0.606039894457831,0,0.156630282411918,-0.0388901302392305,0
4,40096,0.86763568838393,0.512633893248509,0.0993583587476361,0,-0.606584558765122,0,-0.380153309083629,-0.00986363741676076,0
5,40096,0.214215763750485,0.62190609294262,-0.593349127993948,0,-0.759802181372117,0,-0.302145967397002,0.00175361956174685,0
6,40096,0.713108223478182,0.383378586585981,-0.0907166281387083,0,-0.555313781266742,0,-0.129686121808709,0.0138174189043967,0
7,40096,0.557363233750958,0.6862380077058,-0.742316686775858,0,-0.877898612596449,0,0.0451095671025962,-0.0610402786433069,0
8,40096,0.309493179034323,0.292311768781484,-0.374941204272875,0,-0.47712325673525,0,0.205442406403755,0.0138191545338916,0
9,40096,0.881873357722939,0.609942296392756,-0.97122850588537,0,-1.13724870858157,0,-0.590711533188756,0.0581155289276349,0
10,40096,0.758678394988021,0.657479334784097,-0.059219345597035,0,-0.624581054349428,0,0.115448982651078,0.0315514680445978,0
1,40134,0.503464884839777,-1.26865794379501,-1.12326817184598,0,-0.185723534110973,0,-0.107363425659593,0.10378348137431,0
2,40134,0.491654167549194,-0.822193476107121,-0.171195516017295,0,0.0810066756302102,0,0.264149368006358,-0.114342365001867,0
3,40134,0.419759481225218,-2.24824854362589,-1.80607388252013,0,0.0618584568097512,0,0.409632435103003,-0.0439710609715791,0
4,40134,0.325060318346559,-0.804382593030969,-0.443477862198171,0,0.0410198559191227,0,0.382239062127378,-0.0210671059800563,0
5,40134,0.383448055513934,-2.27869457011711,-1.8595990755113,0,0.0409677691196739,0,0.441657116210021,-0.0100413591262336,0
6,40134,0.719766982707584,-0.667731851324631,-0.368781887381382,0,-0.145355722880393,0,-0.0890118603425076,-0.00589444909466332,0
7,40134,0.935072158841836,-2.20942294684453,-1.34267336943127,0,-0.0298479475828246,0,-0.299637824213171,-0.0184462932117855,0
8,40134,0.79833243325208,-1.27776093803543,-0.540725611571298,0,-0.0175620306945516,0,-0.132093374371986,0.0539754882246169,0
9,40134,0.912718698815114,-2.15999646434336,-1.71194500947409,0,-0.122952717166888,0,0.0510893255898129,-0.0411233408326807,0
10,40134,0.641636370936076,-0.643360865686361,0.110298107039302,0,0.145883460576431,0,0.482128446503549,0.0169715858583443,0
1,40139,1.08719229080176,0.557036352286875,-1.12923010911394,0,0.595299131930364,0,0.595544434580972,0.0468693198886213,0
2,40139,1.54865051804595,1.08730701896688,-1.01621578852622,0,0.21478009418468,0,0.555841141537955,0.0405369813924127,0
3,40139,1.18725319384503,0.281404756981392,0.360427674749812,0,0.670420238066646,0,0.516688716855707,-0.120219629352954,0
4,40139,1.54786626261506,0.621273804108432,-2.00089147658891,0,0.371703146449533,0,0.466729557639551,0.0535563486137446,0
5,40139,1.41968024343568,0.0907839242044662,0.0640547677628947,0,0.661505108542217,0,0.383620108240261,-0.0995745015209932,0
6,40139,1.22304514478646,0.484412340786006,-1.38445551271314,0,0.510159245837138,0,0.446687422103033,0.109973140564919,0
7,40139,1.29402295040801,0.402654791524033,-0.416366383874055,0,0.52466566222782,0,0.517598082577563,0.0880301823914995,0
8,40139,1.02808028501915,0.460762658677257,-1.42814491662846,0,0.572252049640288,0,0.487843810664243,0.0734346815952236,0
9,40139,1.23681588304115,0.931651491088717,0.0871831509202776,0,0.394789832290896,0,0.691214718852732,0.0180880149340286,0
10,40139,1.29629855506276,0.703337074146419,-0.449348161473928,0,0.36946834196823,0,0.400204758612646,0.0609158547742271,0
1,40242,-0.101931848249262,1.04184735927546,0.521332340204559,0,0.075635254724879,0,-0.155704016883032,-0.100054331110568,0
2,40242,0.261805909452901,-1.08470587759855,-0.341615819349651,0,0.309080417353878,0,0.0359573796985342,-0.0125910165277535,0
3,40242,-0.289092602524718,-1.3809337469991,-1.75408203846411,0,0.158961998860002,0,-0.0531498446908393,-0.0415065580235978,0
4,40242,-0.625555443234346,0.613465783419311,-0.606646727637018,0,0.416281676997962,0,-0.170102154883874,0.00721464721503839,0
5,40242,-0.116006904684857,2.36484655502659,-0.886432701739703,0,-0.402848491883275,0,-0.331766586427228,0.0287335080740128,0
6,40242,-0.970827332688153,1.65816526338084,2.05400175355744,0,0.724689244517082,0,0.224918841666686,-0.120662167342858,0
7,40242,-0.874261298522617,0.0261601327052931,-1.19991914771393,0,0.943234591193377,0,0.00468146075020658,0.020454109607209,0
8,40242,-0.0121452494673393,0.566324451224619,1.6450984096729,0,0.564075410566143,0,0.225476285067632,0.0820017701706189,0
9,40242,-0.819648248088067,0.804687152686525,1.97421998558657,0,0.899826499117345,0,0.161789278380449,-0.0140916843833485,0
10,40242,-1.13136840924994,1.30331861443219,-1.43585406322688,0,0.504178449130783,0,-0.0275441936696779,0.0854469672138444,0
1,40283,0.218672003212642,0.232288079711346,-0.102939501070917,0,0.385256177749135,0,-0.0481131504266175,-0.120060519561981,0
2,40283,0.0179779775924018,0.467757547368917,0.323695063260342,0,0.361921979842348,0,0.44624176484338,0.007992180365192,0
3,40283,0.64678799314672,0.647666084478397,0.0804797160528265,0,0.163763166934297,0,-0.237140951323775,-0.166172050052844,0
4,40283,0.0971246682579128,0.789708706034379,0.232578601767061,0,0.17330360355584,0,0.140200704102909,-0.00717382189235339,0
5,40283,0.548275905301285,0.678717021573672,-0.0906682083530778,0,0.120188256252088,0,-0.133117648427481,0.0321841695897063,0
6,40283,0.0559003513649755,0.350175206208772,0.370328142932125,0,0.387081689388581,0,0.150257517902436,-0.0678656725179748,0
7,40283,0.508261260813594,0.549144755931066,-0.167954482692516,0,0.0733709189889001,0,-0.202755122707694,0.0595485479517599,0
8,40283,0.411210493388445,0.564056197471641,-0.0277002774858237,0,0.223054433507022,0,-0.138288569483351,-0.0464148398851724,0
9,40283,0.249912957689079,0.585836053608087,0.142636107439208,0,0.118179518051794,0,0.393798456204405,-0.0572970257764155,0
10,40283,0.402764363462653,0.41484079116599,0.359305248668832,0,0.182548170671951,0,0.0942893801255717,-0.11072167575704,0
1,40195,-0.279774395480171,0.977688370995747,-1.54741656697541,0,1.76787484800071,0,-0.248598118585788,-0.0289790738572006,0
2,40195,-0.301019434318987,1.47573884051114,0.697383996127901,0,-0.361362052866841,0,0.548107705217326,-0.0146952323345355,0
3,40195,0.167359886411555,0.842852234335726,-0.371775161616924,0,1.09411833902018,0,-0.196595193851144,-0.0500523963339557,0
4,40195,-0.258526493481175,1.52097779090191,0.498397549880775,0,-0.42205813379457,0,0.222828483110294,0.0225615147575721,0
5,40195,-0.24449479528513,1.07106195215073,-0.645946926254788,0,1.06437674153129,0,0.00303518298074157,-0.0258064200917178,0
6,40195,0.0611056971426654,0.545089902950745,2.415871133947,0,1.9269860972604,0,-0.0181566052831191,0.0149099624872006,0
7,40195,-0.309753574829278,2.20016087096638,-0.197258399088721,0,1.37387859099132,0,0.838649876423381,0.0616656438748722,0
8,40195,-0.189138294172847,1.14744283864533,0.0230494459664532,0,1.30400044589332,0,0.226734262773592,0.0618696722598892,0
9,40195,0.501441014703616,0.980088461911041,1.44875971005015,0,1.5932921589465,0,0.15945707095573,0.0384638759859205,0
10,40195,-0.317501052954431,0.844858321029389,0.522708165945931,0,1.45573574142689,0,0.0200321074455752,0.0998608767279477,0
1,40435,1.12382243834452,-0.0347572237251151,0.0856498452543881,0,-0.320465768527665,0,0.292557510641346,0.218660491007938,0
2,40435,2.12151352331085,-0.393883004301373,0.0184495096277404,0,-0.490072836862193,0,-0.559487999359004,0.0240853945388617,0
3,40435,1.89072765067786,-0.075471561007876,0.944546976797142,0,-0.303911236468659,0,-0.509768399820172,0.0226905766921344,0
4,40435,1.21741877838323,0.134238854861401,-0.121746991367411,0,-0.307270195835092,0,0.643715086260399,0.0157630805499654,0
5,40435,1.40490819645815,0.662750575645099,0.204862060278546,0,-0.418796108512469,0,-0.00187480872886306,0.105127259931478,0
6,40435,1.5589261581788,0.0821793507730155,-0.627987610768198,0,-0.415036586771903,0,0.762766016303741,-0.0306910082197141,0
7,40435,1.48675808652503,0.0532165791694899,-0.0351460401675854,0,-0.355678554504019,0,0.235653153188826,0.0114256248084254,0
8,40435,0.81365330010294,0.288140707559817,-0.220974902285559,0,-0.49383132441552,0,0.787513877507162,0.0590169755739608,0
9,40435,1.16690845806855,0.572400323928094,-0.11012399627984,0,-0.448029011997173,0,0.404140935303354,0.0193279493273565,0
10,40435,0.9076839336332,-0.541909207471603,-1.75729403084271,0,-0.537477390232757,0,0.442128076594411,0.0347102353623156,0
1,40492,1.48281291444486,-0.290539775603655,-0.609652628005057,0,-0.766639583662401,0,-0.311134934891137,0.00375084105019593,0
2,40492,1.10757231573664,0.721488209702798,0.294823285431669,0,-0.638419729924259,0,0.0125643955737508,-0.0729051770478882,0
3,40492,1.05297489554931,-0.0637787549146245,-0.0792779846377698,0,-0.515606132144474,0,-0.160183365622525,0.0464598778249384,0
4,40492,1.3002815863871,0.136737266294937,0.0380805821545012,0,-0.634701488518749,0,-0.250828895037452,0.0832179284522236,0
5,40492,1.48156078283357,-0.454422787764131,-0.202323676833658,0,-0.438939520527742,0,-0.17960925096796,0.057106270194956,0
6,40492,1.20679085843305,0.189080396129828,0.176664585621844,0,-0.480198894126077,0,0.084152564662599,0.0690441473828583,0
7,40492,1.29848055474763,0.141127557303561,0.0434869860336045,0,-0.596845609891883,0,-0.103225047427064,0.0344985135586543,0
8,40492,1.223119743631,0.398052157582851,0.632260794779572,0,-0.374304671449689,0,0.0453323714319137,0.126503769565913,0
9,40492,0.734371352554048,0.352421674784765,-0.0185325966789484,0,-0.578982690274967,0,0.157250373913619,0.0608507513840879,0
10,40492,1.162621451728,0.168170340161073,0.397944213646533,0,-0.41696540206135,0,0.00247192361281437,-0.0190173757275287,0
1,40528,1.73637159048816,-0.96995256024049,0.979658605814957,0,0.175297019841217,0,-0.237672954358272,-0.0533170095489752,0
2,40528,1.17751115804487,-1.17231065406691,0.618207741565716,0,0.193606152954758,0,0.178967202053248,0.0917292896224356,0
3,40528,1.39243788755486,-1.2848032221932,0.695494441727735,0,0.313489572478026,0,0.110634511961292,-0.0809747716832763,0
4,40528,1.52860534991394,-1.10197456890741,0.308782887302733,0,0.102224720824757,0,0.313669095175992,-0.101822580063487,0
5,40528,1.48313334680388,-1.35836858983396,1.37289228737489,0,0.463073726729969,0,-0.287293193895553,0.0608473881367546,0
6,40528,1.10606749299865,-0.864334263498756,0.873044566150209,0,0.300581716397255,0,0.293462598749616,0.0432683169622573,0
7,40528,1.84374245959457,-1.0915920615913,1.65975423007669,0,0.296485123061494,0,-0.76731383707604,0.0780714981202728,0
8,40528,1.31768721041111,-0.615706953812893,0.622112401164824,0,-0.00527802547174583,0,0.334515046113273,0.0431693960719208,0
9,40528,1.47135494047163,-1.81813810427102,0.510186656854537,0,0.232324816389306,0,-0.489160827992197,0.0781211237433694,0
10,40528,1.57566462983104,-0.223704892906928,0.415010076856497,0,-0.0572904714417273,0,0.234628276572523,0.0156582269973032,0
1,40652,1.26337417561256,-1.26268502025913,-0.603792145260688,0,-0.0470833341445692,0,0.192420386850448,0.0813507693727969,0
2,40652,0.885447204786145,-2.42058061474174,-2.05556563667213,0,-0.0800954485745809,0,0.549456494892598,-0.0678406182109386,0
3,40652,0.530610173230837,-1.14490076219697,-0.450909726359633,0,0.0717359626610653,0,0.760824878728226,-0.0149469313824884,0
4,40652,1.33756597329792,-2.59464447639199,-1.10705290262115,0,0.165983548262739,0,0.043920785089805,0.0349322976552837,0
5,40652,0.875924885068146,-1.14342786482196,-0.292652710178431,0,0.0760002572764625,0,0.593802913537356,-0.117218985495039,0
6,40652,0.935425190649561,-2.2283797807093,-1.22161614038437,0,0.115151091877112,0,0.365872574050427,-0.078175576595128,0
7,40652,1.02167752240719,-0.973453755424464,-0.0300361786445617,0,0.0463703783761834,0,0.437766956696779,-0.068529038762198,0
8,40652,1.23469580997072,-2.32717177673653,-0.839065426634946,0,0.197847198215329,0,0.0686433489322702,0.0388089524875653,0
9,40652,0.768990416081095,-1.32828131072837,0.205377058175634,0,0.303293196931738,0,0.331039928149546,0.0312758457204211,0
10,40652,0.823773006278799,-2.03731671562062,-1.17051388950179,0,0.0164153700127304,0,0.249801662360939,-0.0810433948414436,0
1,40700,1.64933944647803,1.62279227779523,0.384676723107946,0,0.895029179862023,0,0.253913576768686,-0.057464493845498,0
2,40700,0.71206314213352,2.00960074764468,-1.86596852075363,0,0.369528330986038,0,-0.641395370096492,-0.0568497407526885,0
3,40700,1.76858354432964,1.69920739051806,3.47175244151491,0,0.76622219857525,0,0.621220985396107,-0.0542621469857127,0
4,40700,-0.159514751346182,0.975100496562031,-0.528729868461383,0,1.51156295742618,0,0.081103005396118,-0.005654547070916,0
5,40700,0.758142422536296,2.85144051113246,4.10991431450572,0,0.942273454525483,0,1.1053613967598,-0.0973428524720436,0
6,40700,0.125307279748044,1.26716545643114,0.3354504057329,0,1.27242068646287,0,-0.364632290578956,0.111917527513499,0
7,40700,1.14139779895854,1.72745885790262,-0.413598018067037,0,0.981460144609193,0,0.563382677011878,0.154970640190014,0
8,40700,0.260930186083319,1.13428692549289,0.615033271673767,0,1.35028414432972,0,-0.293351842517546,0.0144513845436892,0
9,40700,1.30021785600979,0.328635457399695,-0.744285124061033,0,1.36223943572621,0,-0.242747814401965,-0.0841872319614245,0
10,40700,1.86604579055899,0.442481999493259,-0.264699244543677,0,1.38317934828539,0,0.332734352570827,-0.0576578774315578,0
1,40436,0.209031092133747,-1.32667058213046,-0.0512669994255436,0,0.122360235892032,0,0.244309645846735,-0.00398658861975081,0
2,40436,0.0550864498358072,0.330024851708821,1.56065872423923,0,0.110296370714397,0,0.035990603280433,0.0323831876283447,0
3,40436,-0.0822353568747933,-1.42013010835145,-0.0155196210938176,0,0.191534693504869,0,0.194004508042529,0.181778966052458,0
4,40436,0.143921246937317,-0.0498955552950276,1.13203255097173,0,0.108137354989212,0,0.0958153431304912,0.0140365275787836,0
5,40436,0.131000506804352,-1.25998306478664,-0.200636893950527,0,0.044497255866986,0,0.0498957530909492,-0.024113083320822,0
6,40436,0.08081188207052,-0.225927253740212,0.983147991576865,0,0.0584075535088008,0,-0.180363395715784,-0.0991609297395488,0
7,40436,0.161886900420883,-1.10652670683885,0.511935889048616,0,0.206852297961055,0,-0.249106087626158,0.110784705876646,0
8,40436,0.0892426315800466,-0.210249011863809,0.596573217925522,0,-0.0663737913838885,0,0.110065972303845,0.110215662506504,0
9,40436,-0.0890854141103299,-0.609685824732229,0.598285623874721,0,0.185534711529669,0,0.368355619946275,0.00874953883616458,0
10,40436,0.188570176613257,0.0738472085014307,0.442851744057966,0,-0.237930566090011,0,0.347151870417129,0.0108588847112842,0
1,40491,0.745331869617897,-0.662408914634143,-1.18126543931917,0,-0.669807820741636,0,-0.827138445006237,-0.0681376350175393,0
2,40491,0.123685096231346,-1.04823414376313,-1.89410045841166,0,-0.575648110858829,0,-0.200031922765701,-0.0334251247677322,0
3,40491,0.525775375532142,-0.995416747122558,-1.09144978788439,0,-0.431278520348832,0,-0.675448657348773,-0.00534668006557932,0
4,40491,0.369638065293788,-0.979947398384988,-1.79576319962195,0,-0.637762790045302,0,-0.383608281097453,-0.098170185171072,0
5,40491,0.629940926981789,-0.890997027538701,-1.03180037144779,0,-0.477920882473509,0,-0.680962666117591,-0.00617951140854544,0
6,40491,0.636617188879415,-1.35057419604399,-1.8346784581332,0,-0.578206488327417,0,-0.759476125536262,0.0897495094966318,0
7,40491,0.607392874882159,-0.955638600416873,-0.943970009511643,0,-0.426716074370542,0,-0.885210311039661,0.0917295898020228,0
8,40491,0.586665297139813,-1.64784483080929,-1.8806493308197,0,-0.516239755248835,0,-0.836722754850637,0.0575846633293561,0
9,40491,1.03850231822246,-1.08401577861388,-0.859614777829872,0,-0.399435685861733,0,-0.556706820272986,-0.0376858614941643,0
10,40491,0.498694496328488,-1.83096700483337,-2.16520640121654,0,-0.542143561022154,0,-0.73021312362748,0.0376917379766697,0
1,40737,0.855348332977262,-0.0493283760876028,0.998991928219228,0,0.260887839126046,0,0.0834894090438682,-0.037363714003667,0
2,40737,0.99789094164531,-1.25410705636561,-1.10263791692555,0,-0.0933660944743628,0,0.107659444620172,0.00821851693836637,0
3,40737,1.29358934469015,-0.290877696697567,0.41900563576457,0,-0.0289755558198278,0,-0.163470006094211,-0.0554560796980302,0
4,40737,1.20789375644285,-1.59374435850473,0.00914472466175553,0,0.333438234991116,0,-0.268862531054574,0.0417485650333539,0
5,40737,1.20835841832255,-0.759629185929306,0.972035919260219,0,0.333856863395517,0,0.316020574864626,0.0678948895493228,0
6,40737,0.261488699646343,-0.683971392682747,0.566534668509419,0,0.469138138517661,0,0.830877023936878,-0.0328047220025286,0
7,40737,0.820146620519694,-0.714898850034332,-0.0893171856336367,0,0.136955565505267,0,0.0164740819677501,-0.0147400903151448,0
8,40737,1.11876977774533,-0.0866813970576096,2.15753419710098,0,0.60534143614321,0,0.410242943731561,0.0086844745063972,0
9,40737,1.2251709579407,-0.644924473332202,0.523430357762294,0,0.228280767210283,0,0.369748309846431,-0.173706762888993,0
10,40737,0.907804020244483,-0.691869801688857,-0.871398335846633,0,-0.0570282764487754,0,0.48412816165723,0.0504016313592127,0
