rep,id,initT,aS,dS,tau,lBt0,lp,dI,n,V0
1,10066,3.83006616892346e-16,9,2.6898558920198e-05,0.05,-3.87227554057321,3,1.38411699007846,0.446340371143476,1
2,10066,2.71910327583066e-21,9,2.27531449289161e-05,0.05,-3.49979486302417,3,1.83894766829875,0.5897302599693,1
3,10066,1.98796245655596e-12,9,1.95839644502824e-05,0.05,-3.53792962834961,3,1.80549477293561,0.608519732422224,1
4,10066,1.44855656914781e-11,9,1.35689917786997e-05,0.05,-3.44876930691917,3,1.72014815060385,0.648370717333686,1
5,10066,1.18142862420089e-13,9,2.45379423974091e-05,0.05,-3.46925521056952,3,1.8888126172109,0.541858170653617,1
6,10066,5.68641568012899e-13,9,2.08286955807799e-05,0.05,-3.53437456938363,3,1.59209111391682,0.4200597734487,1
7,10066,3.94031628083269e-16,9,2.18583023586452e-05,0.05,-3.79283568777811,3,1.65678633777131,0.56016852422774,1
8,10066,6.56502794293862e-12,9,1.51501852050568e-05,0.05,-3.41045754159156,3,1.68160650132654,0.709546832277397,1
9,10066,2.66824257886964e-12,9,3.04032665384238e-05,0.05,-3.54926199030515,3,2.30991388023964,0.568267494178938,1
10,10066,2.24881441574603e-24,9,2.23276736683815e-05,0.05,-3.64695329411726,3,1.86298921719306,0.68860105162891,1
1,10203,0.00047219435586026,9,1.71293760772478e-05,0.05,-3.25667448285597,3,1.56409365282441,0.716127327522832,1
2,10203,9.34975042381383e-13,9,1.86432996803095e-05,0.05,-3.25849442757534,3,1.85874951276034,0.525181906897304,1
3,10203,4.79606208353936e-06,9,2.52545070124541e-05,0.05,-3.82022197422399,3,2.67489323647256,0.396789884757167,1
4,10203,4.68323023149899e-14,9,1.69479870633752e-05,0.05,-2.8947109681733,3,1.86044723874644,0.513094752647009,1
5,10203,3.70371311716557e-11,9,3.05680528122271e-05,0.05,-3.15400832651034,3,1.64515739963485,0.563139781718341,1
6,10203,2.78791968638044e-21,9,1.89207107613039e-05,0.05,-2.91263478563132,3,2.63086533610471,0.474694967786354,1
7,10203,3.29198579559685e-15,9,1.5225626503688e-05,0.05,-2.69631315168789,3,1.42694627419885,0.689432587086399,1
8,10203,8.18170919183418e-09,9,2.88185977382404e-05,0.05,-2.71017925165275,3,2.152206660197,0.642985966330976,1
9,10203,3.00036503717996e-16,9,1.81946592690367e-05,0.05,-3.15139066150964,3,1.43550884534114,0.553311799339343,1
10,10203,1.69479367685491e-17,9,1.58246918192753e-05,0.05,-3.23482783006873,3,1.81616589204362,0.458198392268279,1
1,10220,4.90303352157611e-14,9,2.68130359132981e-05,0.05,-3.0676230031189,3,1.29080204594324,0.461452591343579,1
2,10220,5.07226341624584e-08,9,2.23354021042221e-05,0.05,-2.86325404597842,3,1.42369356505899,0.459321764643301,1
3,10220,7.01469562345416e-11,9,3.14550281928389e-05,0.05,-4.11532294847912,3,1.65231530692782,0.565297538311405,1
4,10220,1.13739251726997e-12,9,2.16505274559577e-05,0.05,-3.18315361141378,3,1.52675146530272,0.533728162316465,1
5,10220,1.19754510816182e-09,9,2.96032597588201e-05,0.05,-3.27408030873055,3,1.74245128133043,0.538686950898734,1
6,10220,9.44525858177077e-16,9,2.45451609011404e-05,0.05,-3.63321935246866,3,1.42606973370244,0.328498825675379,1
7,10220,1.6421701300252e-15,9,3.55542101545663e-05,0.05,-3.00188635905228,3,1.63940648493497,0.637046631064679,1
8,10220,4.17510980034897e-17,9,3.0107498349226e-05,0.05,-3.23286667655208,3,2.39532580076175,0.375224481929584,1
9,10220,2.80978512109114e-20,9,1.59215727414216e-05,0.05,-3.49522883299756,3,1.9859622728651,0.334984311664333,1
10,10220,0.00135956439231213,9,6.43420469207739e-05,0.05,-3.25496352888199,3,2.17891699957926,0.344540851262502,1
1,10428,1.26987793635782e-16,9,1.45247457591251e-05,0.05,-3.57652174873967,3,1.7749802270972,0.57082576149766,1
2,10428,7.00607309264121e-07,9,2.63026679398662e-05,0.05,-3.2604350309553,3,1.95502964393263,0.480545478858888,1
3,10428,1.80498046562154e-05,9,2.42296502049682e-05,0.05,-3.50193157558164,3,2.11070831613444,0.744011036693466,1
4,10428,5.88487243665447e-16,9,2.64803493707346e-05,0.05,-3.43398240337842,3,1.78184500043368,0.935508151090669,1
5,10428,3.08439131177027e-08,9,1.8194524962231e-05,0.05,-3.61399240486183,3,1.99293985920654,0.550078410810113,1
6,10428,2.00133968554926e-13,9,2.95587789269943e-05,0.05,-3.8207029080667,3,1.53496361049432,0.692104402205098,1
7,10428,7.32065307554505e-09,9,2.48459191475839e-05,0.05,-3.39549262130637,3,1.64243978720173,0.457270277109867,1
8,10428,8.60699576628507e-10,9,2.04111670576004e-05,0.05,-3.56809416590709,3,2.01141129641071,0.541803158037817,1
9,10428,9.00916485222214e-16,9,2.95445529305442e-05,0.05,-3.48548415492699,3,2.04868951118561,0.684669143576587,1
10,10428,4.50432177944025e-14,9,2.05951392387261e-05,0.05,-3.59668131172223,3,1.51935044700518,0.804737988121228,1
1,10435,1.52599337633027e-14,9,2.60884363674822e-05,0.05,-3.2835156172521,3,1.710334997593,0.532347460208783,1
2,10435,4.72273000158878e-15,9,2.5228026703009e-05,0.05,-3.48350155754391,3,1.66856396021892,0.875458247636318,1
3,10435,2.30631106906445e-11,9,5.05180604998563e-05,0.05,-3.36238746243444,3,2.3080654815104,0.580035188753396,1
4,10435,5.62775699030254e-15,9,2.2028878838807e-05,0.05,-3.34313358530457,3,1.41952059393471,0.663620532575546,1
5,10435,1.81345509356131e-09,9,3.28353064906767e-05,0.05,-3.57051196116273,3,1.73232440585875,0.506403167722778,1
6,10435,3.1765938822253e-10,9,3.77415833893996e-05,0.05,-4.05107569980671,3,2.22216989241087,0.400129044013169,1
7,10435,6.3074448826693e-11,9,2.10646179322846e-05,0.05,-3.20647723803971,3,1.92460061801839,0.662558903138169,1
8,10435,5.86496550334032e-10,9,4.12447657595154e-05,0.05,-3.02027898479896,3,2.00792040060141,0.748560776107524,1
9,10435,1.09590675530052e-09,9,3.67980488149693e-05,0.05,-3.95322204967133,3,1.75371658551285,0.555764721034349,1
10,10435,2.22145155608431e-16,9,2.71111226501918e-05,0.05,-2.40618585154141,3,2.05060817482368,0.836934896757738,1
1,10463,9.92493837498372e-14,9,2.1716745068316e-05,0.05,-3.55476555203062,3,1.72186199957858,0.565990663876743,1
2,10463,3.07748890844463e-13,9,2.60906110783844e-05,0.05,-3.43302136853383,3,3.10951827044029,0.652546357536243,1
3,10463,2.38998260855837e-12,9,1.45678503891518e-05,0.05,-3.2133275842204,3,1.71858573282767,0.892764391282802,1
4,10463,7.68376511469851e-23,9,6.3143366690213e-05,0.05,-3.53818997497579,3,1.85632886215824,0.865210518366828,1
5,10463,8.35026809796157e-05,9,1.60377403705896e-05,0.05,-3.09391163667865,3,1.76040147101493,0.785465378945524,1
6,10463,7.13890266296683e-06,9,2.12482821666565e-05,0.05,-3.21367151327225,3,2.08283379427921,0.590640979948348,1
7,10463,3.6596008384437e-20,9,2.49081387168381e-05,0.05,-3.83984596097408,3,1.65536273105312,0.626554017276675,1
8,10463,5.21605815031684e-10,9,3.47739981287379e-05,0.05,-3.59534144608403,3,1.63191630118245,0.594706223567291,1
9,10463,5.45254118707547e-14,9,2.79909083148414e-05,0.05,-3.55855764422204,3,2.31000776063088,0.64320031028262,1
10,10463,0.00223840788413604,9,1.40920355064022e-05,0.05,-3.26173852914618,3,1.6732377266974,0.482471754424153,1
1,10723,7.96599149662258e-19,9,2.89256995456892e-05,0.05,-3.01399813773451,3,1.88766620273498,0.865119287978929,1
2,10723,4.34269216389469e-11,9,1.81466787185348e-05,0.05,-2.84092298526561,3,1.654614073203,0.44157472775865,1
3,10723,1.61465680874284e-08,9,4.31776509102246e-05,0.05,-3.14076551585115,3,2.38584670880178,0.781618590668013,1
4,10723,5.76966274250338e-07,9,2.2401518472279e-05,0.05,-3.0527494671989,3,2.00068510209136,0.466967722771303,1
5,10723,1.08301059305978e-13,9,2.96529222340363e-05,0.05,-3.37505637031472,3,1.73095524726284,0.689384934088224,1
6,10723,2.44588269090231e-13,9,1.80001121636522e-05,0.05,-4.02348554510944,3,1.28778061938593,0.407300197602756,1
7,10723,1.14656462314856e-07,9,4.20659675646303e-05,0.05,-2.66539108648785,3,1.61284670964194,0.856327775112216,1
8,10723,1.3494788843035e-08,9,1.8235102936853e-05,0.05,-3.21714436313937,3,2.27542401506084,0.688091272234205,1
9,10723,1.33318870643074e-12,9,4.02007056660939e-05,0.05,-3.23601207479541,3,1.56490014509109,0.660760023018986,1
10,10723,0.00656106409786367,9,2.80095475255146e-05,0.05,-3.64908337164017,3,1.63893818609936,0.606822449478288,1
1,10739,5.94857484045522e-05,9,2.51190152150188e-05,0.05,-3.46924433502705,3,1.94679049559528,0.796686224408845,1
2,10739,2.68867644766435e-19,9,1.66937401733999e-05,0.05,-3.30452988126144,3,1.34882160392983,0.586709489298306,1
3,10739,2.35208610284619e-07,9,2.3161138025745e-05,0.05,-4.13780287893432,3,1.80691529163736,0.397300117998996,1
4,10739,8.84921736444695e-13,9,2.86083509452359e-05,0.05,-3.47128718666849,3,1.9638688562599,0.457508216090556,1
5,10739,5.32249953215308e-11,9,1.62036055434539e-05,0.05,-3.91231260361203,3,2.3968355239512,0.852038383228563,1
6,10739,6.80203646194263e-12,9,4.26351275610615e-05,0.05,-4.16276170455031,3,1.71428396970513,0.649021251871801,1
7,10739,4.11122788514804e-07,9,4.13547097621442e-05,0.05,-3.65150710610763,3,1.7168290904405,0.714813980261994,1
8,10739,2.013392651645e-11,9,3.77921365530212e-05,0.05,-3.54473556504555,3,1.79115854184949,0.673625044280351,1
9,10739,6.6196288640915e-12,9,3.33714894566616e-05,0.05,-3.20680052256548,3,1.7804965456625,0.837084598935543,1
10,10739,8.42498453300358e-12,9,1.48873293087477e-05,0.05,-3.52069778119782,3,1.74350192334096,0.580248374431447,1
1,10742,6.99296748827475e-13,9,1.46398353616196e-05,0.05,-3.46327295021083,3,1.38078890433971,0.622046043757598,1
2,10742,1.94379694595319e-11,9,2.09174171183644e-05,0.05,-4.30822530365386,3,1.97828191147597,0.439231498810329,1
3,10742,2.26379546418783e-12,9,1.71041366101183e-05,0.05,-3.87509042187601,3,1.90068651246098,0.565841350075459,1
4,10742,1.68593388224353e-14,9,2.50416471188687e-05,0.05,-4.33021426044913,3,2.33552083292634,0.774166611069814,1
5,10742,2.81930360987924e-11,9,1.24512428841546e-05,0.05,-3.23544812148896,3,2.44186191767808,0.595386908645229,1
6,10742,3.19440765029419e-11,9,5.08468510586852e-05,0.05,-3.42157629975127,3,1.76644117349963,0.928391344828555,1
7,10742,2.69118084329021e-10,9,1.56957044282902e-05,0.05,-4.24288473078131,3,2.17448383432154,0.768532878992607,1
8,10742,3.34127249237868e-20,9,1.20924845396438e-05,0.05,-4.31188009688329,3,1.90796770266684,0.532754100265017,1
9,10742,1.07804064514632e-16,9,1.9438136284593e-05,0.05,-3.63629735856864,3,2.12147898323205,0.609771807546134,1
10,10742,1.04259708715813e-17,9,3.03114192088404e-05,0.05,-3.67450501441403,3,2.6198516094928,0.769188081681156,1
1,40007,2.91073470381271e-11,9,3.41272157793662e-05,0.05,-3.48936643187606,3,2.43338853701132,0.630529640164197,1
2,40007,1.0727904982429e-10,9,3.23200005502414e-05,0.05,-4.07134269448784,3,1.86737559935227,0.815921768051725,1
3,40007,7.35086144183114e-10,9,1.99479189524414e-05,0.05,-4.42418508036052,3,1.62089650975828,0.614674573509094,1
4,40007,2.53158680745816e-11,9,2.72316163143127e-05,0.05,-4.3719559457351,3,1.39079708115056,0.901076818195761,1
5,40007,7.11758859607707e-07,9,2.69339532891004e-05,0.05,-4.09695812993405,3,1.77970893074404,0.668765419196083,1
6,40007,0.000293659143029544,9,1.88839149866614e-05,0.05,-3.92898503018538,3,1.73609301496933,0.494317791148559,1
7,40007,9.31483022348526e-08,9,2.55541523533763e-05,0.05,-3.99688347364326,3,1.83387425900166,0.789534746854002,1
8,40007,0.00110505394722629,9,2.47398556849878e-05,0.05,-3.50343009649539,3,1.71621674592202,0.788663671022911,1
9,40007,3.93273000046347e-11,9,1.88429087140239e-05,0.05,-3.78166660533862,3,1.84152122629187,0.816344849107105,1
10,40007,3.11982612074238e-17,9,3.5489731258905e-05,0.05,-3.60860495765747,3,1.9835017765636,0.633270296383508,1
1,40061,2.1579631430811e-12,9,1.42617891581956e-05,0.05,-2.77535760718056,3,1.70561057333408,0.517135457416634,1
2,40061,6.99607379794224e-18,9,3.48632451915853e-05,0.05,-3.21913263391482,3,2.0882075014722,0.898844939130169,1
3,40061,3.14833062519971e-12,9,3.24536530900841e-05,0.05,-3.40304323656833,3,1.99023096359156,0.501895481805368,1
4,40061,6.32998302814057e-14,9,3.52918402393159e-05,0.05,-3.16340265211084,3,1.43087401509429,0.444276069422605,1
5,40061,3.7161438675357e-11,9,1.88652398745201e-05,0.05,-3.8299234792241,3,2.59331433092301,0.760230170840982,1
6,40061,8.45055551993674e-18,9,2.976553448983e-05,0.05,-2.65614878079179,3,2.23810554702346,0.551802882072376,1
7,40061,1.81643870841464e-11,9,2.99262756303918e-05,0.05,-3.228438211725,3,1.87674531179634,0.400567728884421,1
8,40061,3.55723815751908e-07,9,3.49319725414999e-05,0.05,-3.31635400132098,3,2.13024289407315,0.47566365849464,1
9,40061,1.25963787452152e-10,9,2.04728572880552e-05,0.05,-3.52698453606751,3,2.11877316884045,0.656547931038611,1
10,40061,1.06648267777899e-20,9,2.44255945116874e-05,0.05,-3.12529095643086,3,2.12496989275996,0.471294031537217,1
1,40094,7.67324211685476e-18,9,1.15270816251385e-05,0.05,-3.79839943988749,3,1.89454282198174,0.650336781794033,1
2,40094,4.9495018771838e-14,9,1.41577714271405e-05,0.05,-3.6445056836847,3,2.82204553865382,0.7321854844543,1
3,40094,1.0341554827431e-12,9,4.11745993890798e-05,0.05,-4.28215829348136,3,1.82104287140062,0.7549238817418,1
4,40094,2.90670978814059e-13,9,1.99400859759179e-05,0.05,-2.88302082190215,3,1.47628071030063,0.904060196789849,1
5,40094,1.75007639625784e-12,9,2.70626836107468e-05,0.05,-3.53440940338482,3,1.69019447909213,0.722749410915934,1
6,40094,3.26317226324244e-10,9,6.6654364549693e-05,0.05,-3.13476142100139,3,1.97969181715922,0.576286736383301,1
7,40094,3.54157860410204e-06,9,1.95300754004634e-05,0.05,-3.48342460725,3,1.73371048632431,0.53356186180937,1
8,40094,1.00444038827761e-15,9,3.93871892152298e-05,0.05,-3.05471676756778,3,1.81457666256487,0.519784959275072,1
9,40094,6.80947670063327e-12,9,1.59362773946798e-05,0.05,-3.17398112607163,3,2.16606317641612,0.593045491783838,1
10,40094,3.2211275768533e-18,9,1.6342984683194e-05,0.05,-3.54947790368423,3,1.53983110807131,0.556152556944641,1
1,40100,8.8171470335383e-15,9,2.69479309328383e-05,0.05,-3.68117424309455,3,2.3633539446565,0.763967337154266,1
2,40100,9.64203626147682e-17,9,4.8995628136632e-05,0.05,-4.1642625610026,3,1.3955342190807,0.598665945591495,1
3,40100,2.45771896848661e-10,9,1.70475120466097e-05,0.05,-3.8933376270741,3,2.00630772595961,0.465188051009779,1
4,40100,0.0138438080450653,9,3.87525825675554e-05,0.05,-3.37189933159082,3,2.05536550236973,0.960536914083419,1
5,40100,8.10723202929575e-20,9,1.664066647682e-05,0.05,-4.02296211160768,3,2.0014220069278,0.626412484452571,1
6,40100,1.59700521006708e-12,9,1.74833920210851e-05,0.05,-3.96091513299658,3,1.56868517368235,0.897243230233738,1
7,40100,8.59230600298312e-09,9,4.42605901332719e-05,0.05,-3.8967952543355,3,1.49216234024088,0.411793813521984,1
8,40100,7.96333755841119e-13,9,1.2747877030672e-05,0.05,-3.91118346874253,3,2.00792319504124,0.472835247537861,1
9,40100,2.3620432938366e-20,9,2.18729960505979e-05,0.05,-3.98480938229588,3,2.35638301066638,0.506567042889698,1
10,40100,2.70579971366628e-15,9,2.47868665162365e-05,0.05,-3.6762182619768,3,2.06768963144519,0.564604669474961,1
1,40123,2.74979486410841e-09,9,3.29993077416904e-05,0.05,-3.77119515534436,3,1.3768578798228,0.601193507673249,1
2,40123,1.03164737233665e-10,9,3.64608853525082e-05,0.05,-2.88423639061238,3,1.74676841116504,1.04262943030562,1
3,40123,3.86813502278238e-11,9,3.95260482728338e-05,0.05,-3.20025713520938,3,2.15043979060825,0.444518890062092,1
4,40123,9.16449529123467e-20,9,1.85323586836458e-05,0.05,-3.58618288485719,3,2.11983823747718,0.601337582136927,1
5,40123,1.27889937854055e-13,9,2.90636398999447e-05,0.05,-3.03471040347605,3,1.33510161844294,0.620822762425056,1
6,40123,4.09447900818183e-13,9,3.28197528411484e-05,0.05,-2.77820444681918,3,1.49450073140137,0.568655208210918,1
7,40123,1.74042135278426e-10,9,1.85338999087033e-05,0.05,-3.38984816781679,3,1.39755938711823,0.55366180213325,1
8,40123,3.41126857554833e-06,9,1.93370945567137e-05,0.05,-4.02874949525343,3,1.94327176515346,1.39067541389401,1
9,40123,1.06670781230594e-11,9,1.9716410705398e-05,0.05,-3.25136451279195,3,2.46169267833457,0.672602541737828,1
10,40123,5.36987903709611e-11,9,2.54719680936765e-05,0.05,-3.8693602686627,3,1.39485728452011,0.807309245393278,1
1,40168,1.19155109960674e-09,9,4.07375039026357e-05,0.05,-3.87448995988299,3,1.77148490303138,0.762553184178839,1
2,40168,5.32199532616482e-11,9,5.72020541647782e-05,0.05,-3.41009301294521,3,1.58017652241572,0.45595455998257,1
3,40168,4.32072534734591e-17,9,2.87605378593013e-05,0.05,-4.09998940332854,3,1.83482918462732,0.811388114968277,1
4,40168,6.93155603007666e-09,9,9.64170029498304e-05,0.05,-3.85664864417695,3,2.02583336674836,0.81482013649869,1
5,40168,7.83529391309944e-11,9,2.34785569326344e-05,0.05,-4.12915024864837,3,1.97142208663202,0.636439369239092,1
6,40168,1.00183625842375e-21,9,1.75944515518623e-05,0.05,-3.11586573358335,3,1.56433630948774,0.811596861359812,1
7,40168,4.83510963539438e-19,9,1.35656297487131e-05,0.05,-3.79118300417181,3,1.73347701418999,0.724209038079077,1
8,40168,4.37911135366574e-09,9,2.67810422856669e-05,0.05,-3.55194151407506,3,2.27379645649855,0.543304653090647,1
9,40168,1.10791820852676e-11,9,4.22251224832583e-05,0.05,-3.46178449807433,3,2.08113157163526,0.823011609046192,1
10,40168,8.18882506907037e-10,9,2.8398550972601e-05,0.05,-4.11307095432213,3,1.85917975466321,0.655200958037361,1
1,40231,6.34540052800797e-07,9,3.88208117071057e-05,0.05,-3.41669329552987,3,2.00332458401683,0.492327086453427,1
2,40231,4.84532744351077e-10,9,2.38953380169675e-05,0.05,-3.61312067598236,3,1.88606603520787,0.474330842739262,1
3,40231,5.0714719153832e-10,9,1.90477185702161e-05,0.05,-3.40892831957091,3,1.92720225242253,0.46022306808701,1
4,40231,1.642496768001e-11,9,2.51180711072238e-05,0.05,-3.05394061543288,3,2.18511410259973,0.540473828533969,1
5,40231,1.41911571391829e-18,9,2.47690193791672e-05,0.05,-3.13812142097639,3,2.41291701770693,0.804016111742764,1
6,40231,9.27156599440319e-11,9,3.75718692896299e-05,0.05,-3.93098263749349,3,1.9740042999008,0.544657719703023,1
7,40231,1.36209398034463e-11,9,2.50962084631656e-05,0.05,-3.75726614170683,3,1.95598218744744,0.642341450506958,1
8,40231,6.12906774352995e-09,9,1.1658839069793e-05,0.05,-3.9754914980091,3,1.88315315931523,0.642417794882417,1
9,40231,6.98483785531997e-09,9,4.14727165114666e-05,0.05,-3.41368471433732,3,2.17773619688741,0.675790968585178,1
10,40231,2.90472895402871e-20,9,2.5496216940056e-05,0.05,-3.36024739589354,3,2.48347246341866,0.871238723798987,1
1,40250,0.0499791244794987,9,3.15197912142932e-05,0.05,-3.74578321703078,3,1.59346765711235,0.392596568603926,1
2,40250,1.18833991458481e-19,9,3.88365680430779e-05,0.05,-4.11129314397742,3,1.85338103038008,0.776586408826491,1
3,40250,5.80467103046254e-13,9,3.06139124033657e-05,0.05,-3.54705355122759,3,1.77250533473314,0.537315092852022,1
4,40250,5.01925545397918e-15,9,1.6717049061652e-05,0.05,-3.17558915820454,3,1.85005462729271,0.88089517104212,1
5,40250,0.00121283417328042,9,2.58729273135948e-05,0.05,-3.32092522336697,3,1.94688160458334,0.677314920437186,1
6,40250,2.30195361196279e-13,9,3.84654562986872e-05,0.05,-3.73480147129941,3,1.70101736821108,0.665025222219431,1
7,40250,4.1730364007517e-17,9,2.39367547958497e-05,0.05,-4.18911356176592,3,1.73215790195767,0.757483991961089,1
8,40250,3.66130626557025e-18,9,4.52551564354659e-05,0.05,-3.90434057782285,3,2.21684477877273,0.848840522156625,1
9,40250,2.11488885838302e-16,9,1.13741845626706e-05,0.05,-3.66475845227528,3,1.9569103174374,0.692137793523757,1
10,40250,1.16241774293108e-14,9,1.05133197217232e-05,0.05,-3.41591623923803,3,2.16473667855903,0.925746630148146,1
1,40257,2.30960368758645e-18,9,3.09255214491328e-05,0.05,-4.03765684769322,3,1.81638438906774,0.734175770442257,1
2,40257,1.04747227967229e-09,9,4.51011810957845e-05,0.05,-3.55936219084322,3,1.88143015962066,0.58636124726086,1
3,40257,2.97379889510998e-18,9,2.15195064653917e-05,0.05,-4.12624860325605,3,1.6297582778116,0.636920236982623,1
4,40257,7.19229069952735e-15,9,2.12758695633085e-05,0.05,-3.82857086797475,3,1.57226125731716,0.397132366621419,1
5,40257,2.32583684492411e-12,9,2.40380795740657e-05,0.05,-3.05093505627779,3,1.94178976813281,0.704691413153815,1
6,40257,3.45041241196722e-09,9,1.40108418989942e-05,0.05,-4.13651012538926,3,1.94809853096431,0.50321599224673,1
7,40257,9.42312842669741e-11,9,2.43203170254094e-05,0.05,-3.5801178508623,3,1.59957582161747,0.609202289613809,1
8,40257,7.9279319455205e-16,9,2.94412167380557e-05,0.05,-3.38612223447991,3,1.69687918172569,0.513980573740886,1
9,40257,1.27116233714099e-12,9,2.47956862247833e-05,0.05,-3.65234947889549,3,2.14185344248244,0.643104367756904,1
10,40257,1.33716103677002e-13,9,1.52436086909686e-05,0.05,-4.1160390033604,3,1.86309528037634,0.508587430038157,1
1,40265,4.65738074094027e-15,9,2.08020530632693e-05,0.05,-3.05314949759517,3,2.23218856973634,0.930751941476059,1
2,40265,0.000647270541869193,9,3.09972160396967e-05,0.05,-4.08372268369636,3,2.3105967417454,0.777092575116602,1
3,40265,1.72585748475632e-14,9,5.16064055472926e-05,0.05,-3.04140547937394,3,2.27875056785843,0.723888587091227,1
4,40265,2.13867367859147e-15,9,1.99664279711302e-05,0.05,-3.13677172947508,3,1.78321615633216,0.771056128447217,1
5,40265,5.66500940965632e-16,9,2.28307942255129e-05,0.05,-3.67493177395005,3,2.58861217118395,0.598465572473214,1
6,40265,1.16645898877374e-15,9,3.16549120040692e-05,0.05,-2.97147788357101,3,1.921301330501,0.734556531142321,1
7,40265,6.18346516136548e-12,9,3.50990949771897e-05,0.05,-3.44437455565555,3,1.95838287080827,0.922962076343748,1
8,40265,1.84127359002036e-10,9,2.63296642780031e-05,0.05,-3.26509259068678,3,1.60124292236063,0.487567497924085,1
9,40265,4.13836251738709e-14,9,3.41897170317785e-05,0.05,-3.31301130654436,3,1.91510883209133,0.486114069518335,1
10,40265,9.50914728362779e-08,9,1.94281784538924e-05,0.05,-3.70150837207728,3,1.78760127164005,0.528484214799502,1
1,40353,4.69610718269586e-17,9,4.54352430581435e-05,0.05,-3.41775841838212,3,1.86901013675854,0.524307434476085,1
2,40353,4.21950849990208e-12,9,2.06341485257059e-05,0.05,-2.61614135161022,3,2.07222089206094,0.731377079901087,1
3,40353,7.30875748347781e-05,9,1.92512420395629e-05,0.05,-3.07660931413733,3,2.67015451808009,0.639167428572111,1
4,40353,2.01871053391485e-15,9,1.82430977204766e-05,0.05,-3.52120195808375,3,1.32819311562167,0.518460118967591,1
5,40353,1.75006198893034e-06,9,2.82545694852814e-05,0.05,-3.08890632248287,3,1.74771064933919,0.783480412211291,1
6,40353,5.49600489779692e-17,9,2.13649592959759e-05,0.05,-3.2546588219493,3,2.23765738365413,0.38677320518922,1
7,40353,1.69723476639062e-08,9,1.19841939843746e-05,0.05,-3.01735483639625,3,1.50570153086403,0.629724063911519,1
8,40353,2.7107352937456e-13,9,4.94468117566983e-05,0.05,-3.08207498733179,3,2.0567165874917,0.640564139620929,1
9,40353,8.85265505226788e-15,9,5.62760958100387e-05,0.05,-2.78142621589591,3,2.0034397761271,0.48534750603923,1
10,40353,4.54359525835782e-14,9,2.3268169978798e-05,0.05,-3.07118573775699,3,1.56305334754112,0.554328065701995,1
1,40363,9.00598518816307e-16,9,2.04915793885387e-05,0.05,-3.20718905790961,3,2.14902464876367,0.571530528274857,1
2,40363,9.24887360970873e-14,9,1.6752132916955e-05,0.05,-3.37304142187817,3,1.66672928628384,0.539904847191543,1
3,40363,2.24413567975833e-10,9,2.06692982229321e-05,0.05,-3.21268078555081,3,2.17258776827626,0.447386318858545,1
4,40363,4.67087990200522e-22,9,2.24624785795608e-05,0.05,-3.30262623081605,3,1.86375947926742,0.680808369772429,1
5,40363,1.04171697003237e-15,9,3.11787427825946e-05,0.05,-3.09194796011758,3,1.82543713188535,0.796694599530092,1
6,40363,6.01342569948923e-10,9,1.2256619440807e-05,0.05,-3.42117316221346,3,1.71462734096966,1.13463380363416,1
7,40363,5.61236726200235e-15,9,1.66679485131607e-05,0.05,-3.8953133240588,3,2.03529004682123,0.780496888783183,1
8,40363,2.31741532076866e-20,9,1.5520935085633e-05,0.05,-3.50625711528348,3,2.03762315571837,0.569721725238547,1
9,40363,2.78866056445273e-16,9,1.67626855432069e-05,0.05,-3.56421541823414,3,1.60186168393826,0.726875644560249,1
10,40363,1.25984430840674e-06,9,3.92602217179281e-05,0.05,-3.50641366850882,3,1.78418120438089,0.663536247050014,1
1,40511,6.97876259394941e-17,9,3.43160885670154e-05,0.05,-3.11634077923434,3,1.72844014734725,0.625001933205775,1
2,40511,2.79973233314854e-07,9,3.08132923041654e-05,0.05,-3.07491838896843,3,1.98890412234933,0.702086143216986,1
3,40511,2.24487131739003e-18,9,1.47355178797677e-05,0.05,-2.99739277595473,3,1.90717563577273,0.531125424460631,1
4,40511,5.02759092678881e-14,9,1.02073313107549e-05,0.05,-3.49404864081385,3,1.67633709301366,0.421303300389928,1
5,40511,3.02749513322753e-11,9,3.28263664360489e-05,0.05,-3.05247642400135,3,1.8260825508056,0.633150980091851,1
6,40511,2.04548890970084e-18,9,2.73410700651234e-05,0.05,-2.90464025698742,3,2.59075087865077,0.412604664714959,1
7,40511,7.33176865570941e-17,9,5.80455497792e-05,0.05,-3.28325223947301,3,2.31983902692908,0.640196461887931,1
8,40511,8.44744468503123e-09,9,3.74588844676405e-05,0.05,-2.90538304998093,3,1.3046680806769,0.527806625017142,1
9,40511,1.92954065047223e-14,9,1.99087019606472e-05,0.05,-3.40870580383827,3,1.94333507834947,0.46367163356944,1
10,40511,6.26745647828897e-12,9,2.76559651078141e-05,0.05,-3.25770230251145,3,1.82618791862064,0.613028685886613,1
1,40512,6.14729348356083e-20,9,1.83270901973962e-05,0.05,-3.70164491554437,3,1.66055273559144,0.647561992348013,1
2,40512,8.66968550361223e-17,9,1.93060380772536e-05,0.05,-4.16440402520764,3,1.46150936742041,0.669541153739038,1
3,40512,3.78731907288208e-07,9,1.55279353762468e-05,0.05,-4.02292662160697,3,1.83811350171332,0.664987906847371,1
4,40512,3.04945881321304e-14,9,2.19362745127167e-05,0.05,-3.20264296831978,3,2.44806325734483,0.749520870325704,1
5,40512,6.74850148573102e-14,9,3.42973726159717e-05,0.05,-3.68440682292113,3,1.8689430303912,0.91033639345104,1
6,40512,3.99947501377533e-11,9,1.38471354396037e-05,0.05,-4.33127405903807,3,1.71609711980965,0.447311125649906,1
7,40512,1.38508853604915e-05,9,1.33975295521897e-05,0.05,-3.36912786633338,3,2.29493111190011,0.709125469504473,1
8,40512,4.68555044835878e-13,9,1.03049132087233e-05,0.05,-3.51460276672458,3,1.65609474058476,0.792566549338553,1
9,40512,2.34070878827144e-11,9,2.51525819516212e-05,0.05,-2.93141509102816,3,2.25666529144629,0.779250835467904,1
10,40512,4.61632446000055e-09,9,2.77349198918422e-05,0.05,-3.45359180624758,3,1.70373448487872,0.531426350794409,1
1,40577,5.14795277611705e-14,9,2.9666734886441e-05,0.05,-3.80395822757299,3,1.89989034335843,0.972516783853146,1
2,40577,7.72792338404388e-16,9,2.07975520740343e-05,0.05,-4.30200871619423,3,1.80417419140277,0.517002590176196,1
3,40577,2.65464623067117e-16,9,1.07808657837785e-05,0.05,-3.76008625980258,3,1.48650758456333,0.616154861270658,1
4,40577,4.37682685011255e-09,9,1.96499034406695e-05,0.05,-3.71006897708575,3,3.40445125859701,0.723913125080733,1
5,40577,1.24431581420947e-11,9,2.82921387171001e-05,0.05,-4.06510436222952,3,1.80352790815399,0.640532087240525,1
6,40577,1.91019681939577e-13,9,2.13103614258587e-05,0.05,-4.04006872295159,3,2.28881566007538,0.638884970455615,1
7,40577,1.43469739093671e-15,9,1.78373857338598e-05,0.05,-3.41903078453023,3,1.74364579068388,0.915188503253371,1
8,40577,4.94662557617111e-16,9,1.84168143990316e-05,0.05,-4.15131416391971,3,1.90097310318021,0.83058760464469,1
9,40577,1.60747270709456e-18,9,2.80533005147331e-05,0.05,-4.04757293620854,3,1.49360935039043,0.510784843937306,1
10,40577,2.13642011303925,9,2.1228463185391e-05,0.05,-4.43881706580743,3,2.42302163422433,0.364787665009068,1
1,10753,3.7369944203507e-07,9,2.46267236678511e-05,0.05,-3.48960097533859,3,1.92689519745926,0.746333071074856,1
2,10753,1.63638150842559e-10,9,1.68888971953813e-05,0.05,-3.47920565813121,3,2.27397243997192,0.613529426870572,1
3,10753,7.28161142725326e-15,9,1.70365468815594e-05,0.05,-3.3201707273318,3,1.71191798445502,0.661834701605403,1
4,10753,3.12379435655785e-19,9,2.66948279536627e-05,0.05,-4.04084493886533,3,1.71582667691532,0.536316259714406,1
5,10753,6.51300399442087e-16,9,5.00558501146521e-05,0.05,-3.4192488898844,3,2.16501724794141,0.907562100822688,1
6,10753,5.59628991007028e-18,9,3.81886010492134e-05,0.05,-3.79767629032211,3,1.94343125143251,0.663296755514062,1
7,10753,7.19014005248971e-14,9,2.81328130986845e-05,0.05,-3.22007340109371,3,1.75754208643793,0.627025696048022,1
8,10753,1.61218464455273e-12,9,5.00780595360768e-05,0.05,-3.88919542248161,3,1.80630197574957,0.634890854354692,1
9,10753,2.42635542606512e-14,9,2.22562862967411e-05,0.05,-3.98756811106788,3,1.81780746650751,0.568386139261297,1
10,10753,7.72221163352391e-14,9,3.08533361795793e-05,0.05,-3.5605180435752,3,2.65654166372565,0.517801526697603,1
1,40032,6.69282835801744e-11,9,2.91363479572783e-05,0.05,-3.98510305937859,3,1.80312253314677,0.375756705948827,1
2,40032,1.04148664637378e-14,9,2.25786680797506e-05,0.05,-3.54443824806806,3,1.72653571274995,0.614260328280715,1
3,40032,3.29000764622333e-23,9,4.60301238974908e-05,0.05,-3.55400885135403,3,1.8631075399512,0.53046783009244,1
4,40032,1.36072648280777e-18,9,2.30592587534176e-05,0.05,-3.6366981034993,3,1.92708146779042,0.473455135378584,1
5,40032,4.18190821519482e-17,9,2.6373919330745e-05,0.05,-3.64560304559062,3,2.00587112497276,0.593384030275326,1
6,40032,7.34947524388267e-14,9,2.36653745216421e-05,0.05,-3.88438778574783,3,2.65117051115764,0.439964729795567,1
7,40032,1.01128727767605e-10,9,2.86451661005855e-05,0.05,-3.49333894961545,3,2.21248545096095,0.40199919130298,1
8,40032,4.97276437963627e-06,9,2.60774226577094e-05,0.05,-3.24119318045989,3,1.13856675466209,1.17020176626659,1
9,40032,1.17471028349185e-12,9,1.53824286990207e-05,0.05,-3.48779386780039,3,2.07027703845783,0.608920889237795,1
10,40032,3.22350243379547e-05,9,1.49260132536893e-05,0.05,-4.21135395836176,3,1.63150975226152,0.942909522569457,1
1,40211,1.07265758760804e-11,9,1.47968210948442e-05,0.05,-3.48736114268643,3,1.54973247277049,0.679633838665364,1
2,40211,3.21490988202445e-08,9,4.33077619266132e-05,0.05,-3.08396187489197,3,1.86486702645566,0.426486038705615,1
3,40211,1.22535333849867e-17,9,2.55884392492517e-05,0.05,-3.92123360617489,3,1.4854929591606,0.53267215167601,1
4,40211,5.36737629316867e-16,9,1.60668766337354e-05,0.05,-3.45059857365884,3,1.90477548788674,0.976377046309237,1
5,40211,8.94996425237395e-17,9,1.44436807735878e-05,0.05,-3.38001262089818,3,1.95880833892295,0.560378130902506,1
6,40211,6.7749552410289e-06,9,4.22274502771691e-05,0.05,-3.6174247806604,3,2.08778157711431,0.531443335490947,1
7,40211,9.38324748716185e-19,9,5.20041535120232e-05,0.05,-3.19856053632371,3,2.33844316362157,0.951327786726959,1
8,40211,1.0396095186922e-08,9,5.45936154739954e-05,0.05,-3.8277000153503,3,1.97931552276917,0.408485513300205,1
9,40211,7.26067552642954e-11,9,2.76278859858447e-05,0.05,-4.23136208011786,3,1.70228756236218,0.637698254175307,1
10,40211,2.28051126888021e-13,9,2.00940278340367e-05,0.05,-3.76406105932595,3,1.8327627327567,0.425738083381166,1
1,40503,1.13814397132065e-10,9,5.30454117815678e-05,0.05,-3.59273350732109,3,1.59861923512094,0.752480030678141,1
2,40503,9.69475766981133e-09,9,2.84596301894336e-05,0.05,-4.15004525233907,3,1.72274749394732,0.423688059329024,1
3,40503,4.83889444207478e-19,9,1.42959134985687e-05,0.05,-3.48672132496831,3,1.7121560006975,0.585047176406892,1
4,40503,1.01868483318442e-09,9,5.77050315755979e-05,0.05,-3.96187325573955,3,1.85224365319275,0.734798762221242,1
5,40503,4.25245598487076e-13,9,1.40200587100676e-05,0.05,-4.16393107943044,3,1.86440558957236,0.49723803128858,1
6,40503,2.15667520129192e-18,9,4.07026325591263e-05,0.05,-3.58876244091139,3,2.09274917125105,0.593439996045886,1
7,40503,1.27520807712837,9,2.33816879284923e-05,0.05,-3.76904203642257,3,2.57702888092136,0.544036298155052,1
8,40503,9.49565276559865e-11,9,1.58025943844048e-05,0.05,-3.31422347651321,3,2.00770314165721,0.561699565876897,1
9,40503,3.35019854027945e-06,9,2.55402370354168e-05,0.05,-3.59345167233049,3,1.88320628470392,0.497039139233774,1
10,40503,2.62958980452366e-11,9,2.80689259747903e-05,0.05,-3.7022181428834,3,2.20841271751377,0.559887597194497,1
1,40646,2.95063861047531e-12,9,3.46947386575414e-05,0.05,-3.83588845786227,3,1.59034515639108,0.574765606657783,1
2,40646,2.11903480825937e-21,9,3.03718594615317e-05,0.05,-3.68451112463612,3,1.89054862946647,0.720418214827627,1
3,40646,6.16046646420956e-15,9,3.93042091256693e-05,0.05,-2.90806493989537,3,2.56489072182547,0.916919897631855,1
4,40646,2.12363710461304e-13,9,2.14856563925345e-05,0.05,-3.46310492866663,3,2.0909742964426,0.620223344678832,1
5,40646,2.89218940682042e-11,9,1.36069956333076e-05,0.05,-3.37802205875773,3,1.73037330608829,0.63825322617202,1
6,40646,6.02924926406454e-17,9,6.25306373193284e-05,0.05,-3.95457443105912,3,1.90662138373566,0.782953011060073,1
7,40646,5.9199397106837e-13,9,1.36382075817936e-05,0.05,-3.41279640535359,3,2.06881972958509,0.685538849165135,1
8,40646,1.54591496050865e-21,9,2.05319144514767e-05,0.05,-3.4169547979162,3,2.1908063785704,0.615660340327149,1
9,40646,3.43637656564247e-16,9,2.51345079688434e-05,0.05,-3.67001171607989,3,2.51179579072561,0.634825220992374,1
10,40646,2.31380598835072e-13,9,1.45809431802302e-05,0.05,-4.04630159135169,3,1.97585848099546,0.574137539571733,1
1,10204,1.64197405035012e-11,9,1.00217561126361e-05,0.05,-3.63185276894448,3,1.68827512214261,0.531372540068325,1
2,10204,1.07531016778999e-11,9,3.19668847088969e-05,0.05,-3.88644589816632,3,2.23273916269686,0.466379091296165,1
3,10204,1.60759162403389e-07,9,1.68696241171965e-05,0.05,-2.93963216049467,3,1.84612416512009,0.580250656211205,1
4,10204,2.53784849660717e-15,9,4.19569062581573e-05,0.05,-3.27256268582305,3,1.24426872273084,0.757986877932497,1
5,10204,1.04534801118911e-13,9,2.1167761428397e-05,0.05,-3.78657286768174,3,1.83723276867402,0.584990872678268,1
6,10204,1.56666420041003e-16,9,2.37314557713553e-05,0.05,-3.02936665311062,3,2.28032875668631,0.668337230722928,1
7,10204,0.000605491883641401,9,1.09302260237881e-05,0.05,-4.00589821162896,3,1.82705561712019,0.29482314078338,1
8,10204,7.97444274115799e-16,9,2.5198026797471e-05,0.05,-3.33255249968081,3,1.70010928024522,0.58111152709768,1
9,10204,3.20512284258178e-10,9,1.82650255311078e-05,0.05,-3.26098291854942,3,1.76057630187957,0.5534183921945,1
10,10204,1.03518861322264e-17,9,3.27113549645939e-05,0.05,-3.04507098697861,3,1.95990881403945,0.950817842010163,1
1,10374,1.31727635867352e-10,9,3.63637398742963e-05,0.05,-3.9696118307954,3,2.16833382341394,0.762680433256797,1
2,10374,3.65264100999592e-14,9,1.42476129364436e-05,0.05,-3.04718506417842,3,1.63651991638455,0.603869107513017,1
3,10374,6.38104622371649e-21,9,5.07255851152501e-05,0.05,-3.20232462962972,3,2.42907268543509,1.14843593056529,1
4,10374,6.44502880714079e-10,9,2.02993728207279e-05,0.05,-2.86030405170853,3,1.73115558830266,0.685814493626645,1
5,10374,8.73184964461022e-17,9,3.33134919362197e-05,0.05,-2.73049115410499,3,1.94023450556126,0.569037522645164,1
6,10374,2.27154102257255e-17,9,2.31729162405794e-05,0.05,-3.23076932461519,3,2.07973920491767,0.528511573749058,1
7,10374,4.89641094883803e-11,9,3.35883215370414e-05,0.05,-3.41662774718066,3,2.11745391528774,0.4407739633066,1
8,10374,5.35358649475724e-24,9,2.51858977327117e-05,0.05,-3.28069601120497,3,2.38508784546519,0.661580051468957,1
9,10374,0.00155511857357787,9,3.30909504683391e-05,0.05,-3.24938707660484,3,1.91098080783623,0.569059676098304,1
10,10374,1.98506731951811e-11,9,3.56619971440983e-05,0.05,-3.12410999940217,3,1.43737151831333,0.90409007336713,1
1,40067,1.73652267748576e-09,9,1.87708121848842e-05,0.05,-3.46235839774822,3,1.82879255527512,0.838090678013025,1
2,40067,1.08168451085978e-23,9,1.72245057171792e-05,0.05,-3.6947470156432,3,2.34306559105446,0.595767637586225,1
3,40067,7.22269436086632e-17,9,3.8044998785444e-05,0.05,-3.55075931759511,3,2.12521402736374,0.593766347304801,1
4,40067,3.93101761667528e-16,9,2.92472581250468e-05,0.05,-3.22895490176671,3,2.26024190117272,0.643657332746625,1
5,40067,6.99469334883256e-25,9,1.41561130399924e-05,0.05,-3.54962371156801,3,1.35519648929432,0.61199640873463,1
6,40067,2.48209368924929e-09,9,2.13952462235325e-05,0.05,-3.00695372087212,3,1.90362018277608,0.748959823992626,1
7,40067,2.20844744951277e-14,9,3.76341260072657e-05,0.05,-3.66220356787662,3,1.96866939139096,0.741312197391957,1
8,40067,6.90150882909085e-16,9,3.60538123485803e-05,0.05,-3.11279390935172,3,1.57537097765958,0.54977337128817,1
9,40067,3.06212174906035e-16,9,2.01269655826652e-05,0.05,-3.38737057334289,3,2.06717064244912,0.780130198667331,1
10,40067,1.3279655297833e-13,9,1.69103997506459e-05,0.05,-4.10709638919871,3,1.67138904693761,0.624701114414859,1
1,40096,8.30808472892966e-13,9,2.02546362973888e-05,0.05,-3.84259506734952,3,2.04154541114657,0.629482626488189,1
2,40096,4.78467518474379e-16,9,1.62365447883595e-05,0.05,-3.70355624616519,3,1.99731001549644,0.651608461438545,1
3,40096,1.50716374714994e-19,9,3.30873221385153e-05,0.05,-4.19364793765034,3,1.58821565528819,0.624255112492762,1
4,40096,4.87320057014495e-07,9,1.84445178453559e-05,0.05,-3.63591277034053,3,1.52906164026136,0.541143655915247,1
5,40096,4.00471318825906e-21,9,1.5446621100372e-05,0.05,-3.890597718662,3,2.76061684659526,0.612738245683285,1
6,40096,5.37246725647662e-12,9,2.19642357582034e-05,0.05,-3.894339243556,3,2.53787981765596,0.702683215554838,1
7,40096,3.04472320471226e-13,9,3.14221467042602e-05,0.05,-3.89081925176131,3,1.80912232278357,0.598136989455801,1
8,40096,1.89790406341643e-16,9,1.60101159837111e-05,0.05,-4.21678320209165,3,1.94350759999391,1.01983461769708,1
9,40096,1.76722689759653e-14,9,2.33702620175048e-05,0.05,-4.11464651688806,3,1.87100673709869,0.646533522526285,1
10,40096,2.01592626284105e-11,9,3.36634677109122e-05,0.05,-3.57605968314858,3,1.6656189283843,0.435983507692919,1
1,40134,1.58780239762605e-15,9,2.0203090506312e-05,0.05,-3.05561807779041,3,1.63784482916124,0.416997397867367,1
2,40134,1.43449107380487e-13,9,1.91237049257924e-05,0.05,-3.30217489627141,3,2.45967003044439,0.612918006924959,1
3,40134,2.29082214977775e-14,9,2.83650856177164e-05,0.05,-3.98443051835541,3,1.65283635313326,0.526679584353395,1
4,40134,5.67629909315098e-08,9,3.9593231998222e-05,0.05,-2.76220443243948,3,2.04719940235426,0.614447445772164,1
5,40134,8.91037292711234e-20,9,1.29927042567356e-05,0.05,-3.51849212355409,3,1.8536688241612,0.54551570898455,1
6,40134,1.45356700634015e-15,9,2.8774416769205e-05,0.05,-2.90351258529637,3,2.53856917226368,0.606357358855704,1
7,40134,9.24829246918217e-17,9,2.9694032015493e-05,0.05,-3.44414751850799,3,2.31067610881689,0.717439060991914,1
8,40134,6.37556719021839e-12,9,3.04825794290556e-05,0.05,-3.82051193193812,3,1.54323221503121,0.441349327878565,1
9,40134,3.0320247741896e-09,9,3.69615748491886e-05,0.05,-2.79696213123634,3,1.610782805552,0.572870664364674,1
10,40134,0.0503488272257335,9,1.73269639286291e-05,0.05,-3.55520253612858,3,1.36269732502145,0.570582357937019,1
1,40139,2.72689468398543e-13,9,1.86047819930277e-05,0.05,-3.00753386764123,3,2.14435189863952,0.29719862905846,1
2,40139,1.7150896165296e-16,9,2.13944035001738e-05,0.05,-3.19932828677121,3,1.41626678870499,0.294989872421141,1
3,40139,2.86275028921889e-17,9,2.32143366327037e-05,0.05,-3.34508536465084,3,1.82358304511005,0.334967304326615,1
4,40139,5.40937137106778e-16,9,3.06049427828945e-05,0.05,-3.35896347944099,3,1.63672153245899,0.328135971181581,1
5,40139,1.70122468471035e-13,9,1.93873952381167e-05,0.05,-3.32173717338893,3,1.96762653021552,0.334967304326615,1
6,40139,4.05355883891092e-07,9,1.16050187075814e-05,0.05,-3.06063448419176,3,1.96424952043973,0.300306067779101,1
7,40139,9.27682973951175e-12,9,3.81044928910794e-05,0.05,-3.14701742203792,3,1.68805842652682,0.363314208362086,1
8,40139,5.7631099433457e-08,9,2.46729983255782e-05,0.05,-2.99785296822505,3,1.80845179783761,0.308896875638206,1
9,40139,6.07403725009788e-14,9,1.40020387518721e-05,0.05,-2.96569219590427,3,1.86084369659465,0.254015242750381,1
10,40139,7.46222616601508e-13,9,2.67262209705303e-05,0.05,-3.109454791925,3,1.86400430386603,0.338608101122187,1
1,40242,4.98646442768884e-17,9,1.62523628467344e-05,0.05,-3.44097960107934,3,1.83376666906607,0.391321723302507,1
2,40242,5.46084312049451e-07,9,1.51695621584588e-05,0.05,-3.15749097314989,3,1.75187325880758,0.758931465481274,1
3,40242,5.19829610318084e-14,9,2.70256670866884e-05,0.05,-3.36008593826798,3,2.40297256459227,0.619310326980037,1
4,40242,6.7129813077892e-07,9,3.49451197671297e-05,0.05,-3.24272203837643,3,1.78807312880481,0.459149207846415,1
5,40242,1.64187075234547e-13,9,1.42735423629431e-05,0.05,-3.01029100811697,3,2.00084367697126,0.586882755424436,1
6,40242,7.45864697230738e-05,9,2.27646418024804e-05,0.05,-3.5432992342036,3,2.13988409402989,0.90148496891106,1
7,40242,0.00367546411687442,9,3.14824023331241e-05,0.05,-3.14151744023154,3,1.76589600912651,0.524093661619228,1
8,40242,1.2480810167175e-13,9,2.81317540052438e-05,0.05,-3.78260280669952,3,1.93501107952983,0.568160464974476,1
9,40242,4.99488260070293e-16,9,3.25192460171037e-05,0.05,-3.51660357378702,3,2.368755851002,0.658273306487926,1
10,40242,1.01673358180645e-06,9,1.65308234458262e-05,0.05,-3.28792685073082,3,1.75547437208704,0.684853395002726,1
1,40283,8.42039056215103e-18,9,4.1175333504666e-05,0.05,-3.22678120046475,3,1.28072875949648,0.34852821894173,1
2,40283,7.80797619890303e-25,9,3.73626048605863e-05,0.05,-3.38179569704749,3,1.51400267423844,0.227219692691026,1
3,40283,4.24976133955434e-09,9,1.13152749080949e-05,0.05,-3.39549961650399,3,1.68589831503424,0.328137616226955,1
4,40283,1.10299871348103e-15,9,2.76207127157085e-05,0.05,-3.67650673208016,3,1.51415675352455,0.314000998813711,1
5,40283,6.79142418793603e-16,9,4.2276324595674e-05,0.05,-3.36722361642806,3,1.48577066941924,0.340032405215118,1
6,40283,2.08757903597859e-09,9,1.44967005847501e-05,0.05,-3.2897706166888,3,1.98207007811879,0.354921121654088,1
7,40283,6.57657611296265e-11,9,1.99529610783627e-05,0.05,-2.98791562245414,3,2.05666501755752,0.376699001319286,1
8,40283,8.74711095759469e-11,9,2.17289275827923e-05,0.05,-3.06371789768787,3,1.94988751523812,0.34950019569193,1
9,40283,0.000357177616718678,9,1.42368787484674e-05,0.05,-3.36848000608238,3,2.04316841427422,0.321193372010568,1
10,40283,1.42644519334653e-11,9,3.94491063629161e-05,0.05,-3.22073127559592,3,1.76347342828768,0.33929327774631,1
1,40195,5.11597477869155e-08,9,1.54972320141802e-05,0.05,-3.66560485400426,3,1.47358195226578,0.588364756059147,1
2,40195,7.65350695951869e-14,9,2.35041698462355e-05,0.05,-3.88994180715891,3,1.53589018020103,0.430884475592173,1
3,40195,4.77189195741927e-13,9,1.24622156949512e-05,0.05,-3.12460671459931,3,1.82794766361608,0.594582959435946,1
4,40195,1.23167463093358e-12,9,2.54423923220907e-05,0.05,-3.91662981649244,3,1.9471252334806,0.564683869853865,1
5,40195,1.85653274184042e-12,9,5.78098937564963e-05,0.05,-3.08581415710777,3,1.69513319431393,0.807767833442671,1
6,40195,2.71190422896045e-13,9,3.79577935335395e-05,0.05,-3.53446035909911,3,1.58401695866928,0.924604712181866,1
7,40195,8.1635517480027e-14,9,3.45101218675112e-05,0.05,-3.38883385622771,3,1.55225737190957,1.17952813647751,1
8,40195,1.08090047776125e-12,9,3.77683978106054e-05,0.05,-3.57073177612006,3,1.86834337566359,0.544791178819358,1
9,40195,6.46333301200349e-17,9,1.47612254858463e-05,0.05,-3.33144719958609,3,1.63445523981109,0.502382190582607,1
10,40195,3.73218305144806e-14,9,1.32098094934442e-05,0.05,-4.17409972526839,3,1.78849047264705,0.398839072763113,1
1,40435,6.33698696263586e-21,9,1.61774096640004e-05,0.05,-3.18500869961224,3,2.32216475402114,0.789462148936335,1
2,40435,0.517312238981954,9,2.38822112153815e-05,0.05,-3.53790009123605,3,2.00223034053334,0.515762675352034,1
3,40435,2.12642044773202e-15,9,3.74020591812881e-05,0.05,-3.64137351989351,3,1.58549141672248,0.610876502409763,1
4,40435,3.22075179512386e-09,9,2.65833419423354e-05,0.05,-3.35379140519317,3,1.79154356114397,0.860176654517636,1
5,40435,1.04892204637204e-17,9,2.20983080448107e-05,0.05,-3.85984038406922,3,2.51218127912217,0.522588836842019,1
6,40435,2.15810932375363e-15,9,1.27950294442007e-05,0.05,-3.25128517113409,3,2.2926234722862,0.832630113532409,1
7,40435,2.1169892365952e-12,9,2.40538519172958e-05,0.05,-3.9259880847801,3,1.67617508689128,0.52614972132217,1
8,40435,4.81484563678301e-15,9,1.14718074773445e-05,0.05,-3.45700962188606,3,1.65506173073225,0.896912097509911,1
9,40435,1.06955192787025e-12,9,2.88918924086513e-05,0.05,-3.73464938591457,3,1.42676681955986,0.569205156046212,1
10,40435,4.25699917066608e-14,9,5.2967736761195e-05,0.05,-3.08720384262943,3,2.02556789800228,1.06967143687854,1
1,40492,3.62646269949555e-10,9,1.74281016055071e-05,0.05,-3.25534496552477,3,1.87958382970797,0.555950179168058,1
2,40492,2.85920972558919e-12,9,1.51054491306828e-05,0.05,-3.54176026136348,3,2.24649214487452,0.618619880803575,1
3,40492,0.000290601572568612,9,3.54436182686603e-05,0.05,-3.31590882903239,3,2.38655738263023,0.584534584461201,1
4,40492,7.17716479871312e-14,9,1.61873812052967e-05,0.05,-3.99585002491557,3,1.61574846846642,0.70045993154454,1
5,40492,2.54893314579194e-09,9,1.8275023931321e-05,0.05,-3.41828427305051,3,2.14969610605283,0.646780920524012,1
6,40492,6.50619109141038e-13,9,3.65347300591835e-05,0.05,-3.53982609363769,3,2.071135816332,0.543368373021452,1
7,40492,8.69637405371993e-21,9,6.35931572091407e-05,0.05,-3.20407119235202,3,2.20275167687307,0.507158313325122,1
8,40492,1.34381618593174e-10,9,5.16426995019515e-05,0.05,-3.34153669344341,3,2.03834867987897,0.696206175024408,1
9,40492,1.18280171751839e-05,9,4.04586099817946e-05,0.05,-3.46517404752093,3,1.99734126256296,0.783140826878277,1
10,40492,1.22934086906787e-11,9,1.3557115981626e-05,0.05,-3.10714450938786,3,1.31712502394261,0.71546290454919,1
1,40528,9.02146512649274e-15,9,3.37037521472045e-05,0.05,-3.23334598962928,3,1.92028638327903,0.409695312609472,1
2,40528,1.6527383371456e-06,9,2.01156114423098e-05,0.05,-3.66736553683175,3,1.96304870544625,0.734459651889176,1
3,40528,1.20318179886003e-11,9,2.47411547221431e-05,0.05,-3.52786347863704,3,1.63706080906221,0.515588376727333,1
4,40528,2.95682407019916e-10,9,3.04544078419262e-05,0.05,-3.57102631732704,3,1.86628323444922,0.395743900284752,1
5,40528,3.97817234790889e-13,9,1.63365474508471e-05,0.05,-3.58305579563511,3,1.49547987007108,0.453281803794421,1
6,40528,9.57084424260005e-16,9,3.2215982794488e-05,0.05,-3.11913385985617,3,1.97907968238467,0.516432388339797,1
7,40528,1.11594373605332e-13,9,2.77725210599173e-05,0.05,-3.83614154235535,3,1.56815108434494,0.445799276481686,1
8,40528,4.66857278275692e-16,9,1.94156137806645e-05,0.05,-3.28243976102379,3,1.75146975998993,1.00612496029357,1
9,40528,3.54357358957845e-08,9,2.81617237650603e-05,0.05,-3.56941673265906,3,2.12027424319224,1.16972426686194,1
10,40528,6.79347678397044e-11,9,3.27100239328602e-05,0.05,-2.90343376864632,3,2.35857428114388,0.505285603643862,1
1,40652,4.83772871843185e-15,9,3.61413792406479e-05,0.05,-3.29361026633932,3,1.94717255340895,0.630215957867778,1
2,40652,3.44705095746377e-06,9,4.3172696218632e-05,0.05,-2.80811478546603,3,1.67006574356933,0.810431874902983,1
3,40652,8.73284436537795e-08,9,3.75384723896446e-05,0.05,-2.95617863247461,3,1.88795544664668,0.543916657505284,1
4,40652,2.5534116524829e-16,9,1.81918810032963e-05,0.05,-3.42163253672042,3,2.31342427388531,0.605628109442307,1
5,40652,2.87131293104806e-15,9,3.61344019242009e-05,0.05,-3.1623774598198,3,2.05658086168372,0.824350362762849,1
6,40652,8.10288753726801e-16,9,1.64962888991519e-05,0.05,-3.07268437951475,3,1.79468185491192,0.592780798347331,1
7,40652,1.93344137044126e-08,9,1.67578653850139e-05,0.05,-3.83308274036507,3,2.17754482518899,0.61315298334948,1
8,40652,3.75771207799231e-14,9,4.04916801683598e-05,0.05,-3.1187844161375,3,1.6172350421124,0.576244325909689,1
9,40652,8.77995058072593e-12,9,7.04384047815745e-05,0.05,-3.10608989753044,3,2.10603355683302,0.456876460176285,1
10,40652,1.30458167166035e-14,9,2.67591185999759e-05,0.05,-3.83268570133747,3,1.70693969929805,0.561362844724848,1
1,40700,4.84482591269435e-19,9,1.18681895648422e-05,0.05,-3.63205415453205,3,2.24279380883564,0.51428292029063,1
2,40700,3.24895420412914e-15,9,1.16931898536144e-05,0.05,-3.15990127386722,3,1.90181029149568,0.585885614397364,1
3,40700,7.40581792808098e-10,9,4.2144519803433e-05,0.05,-3.75662787976044,3,1.63886919964679,0.457042664992513,1
4,40700,8.74930233829353e-16,9,2.22437825927163e-05,0.05,-3.50089306245438,3,1.48823400764174,0.363019674507635,1
5,40700,4.31583981654606e-13,9,1.11445286964696e-05,0.05,-3.51827810756485,3,1.75505979948374,0.596965475501473,1
6,40700,9.45955672727064e-20,9,3.24087353686971e-05,0.05,-2.60886343196825,3,2.34197456936733,1.06103553789671,1
7,40700,5.773164801053e-11,9,2.62326611074853e-05,0.05,-3.60054427342438,3,1.73364095708056,1.12835993574786,1
8,40700,7.15367430781446e-15,9,2.14294640624052e-05,0.05,-3.81947697654421,3,1.63148553951673,0.352360128838819,1
9,40700,1.06951417498022e-22,9,2.16360489535427e-05,0.05,-3.01333859048458,3,2.47852298191285,0.468741542747784,1
10,40700,1.15499000765744e-17,9,5.48431532330741e-05,0.05,-3.72680161752243,3,2.20870337177345,0.715173037998093,1
1,40436,0.0289107966924894,9,2.94112542055843e-05,0.05,-2.9632228166831,3,1.75204208892065,0.738834698569932,1
2,40436,1.20069709738872e-09,9,3.01084256248408e-05,0.05,-2.84166307888055,3,1.78086931252504,0.912439437043732,1
3,40436,1.86171150342132e-06,9,2.41743692054908e-05,0.05,-3.38269471607581,3,1.85142337605426,0.707313746279268,1
4,40436,1.04904145279002e-08,9,2.61995297846386e-05,0.05,-3.35021616872134,3,1.93913333338132,0.664790611858195,1
5,40436,2.9248703909673e-10,9,2.18066939560739e-05,0.05,-3.12428582029761,3,1.73664598355711,0.464587375006536,1
6,40436,2.82740159930509e-13,9,3.15072998243256e-05,0.05,-3.77666839205171,3,1.59172009057799,0.381691916442357,1
7,40436,4.0419160679008e-19,9,2.80428871390268e-05,0.05,-3.57439747390995,3,1.33475621886905,0.466962651727755,1
8,40436,3.84642428062471e-08,9,1.35226198339899e-05,0.05,-3.36756621108594,3,1.8669458806037,0.461437302396446,1
9,40436,2.42120507319591e-11,9,4.38651902444305e-05,0.05,-3.24904067492876,3,2.12948222487479,0.488157748100076,1
10,40436,2.53947938063364e-10,9,2.37815823775309e-05,0.05,-3.27798424578525,3,1.87586288572668,0.612266355402934,1
1,40491,9.71073372240052e-10,9,1.71919914489322e-05,0.05,-3.42234363285958,3,1.914460108116,0.719885193753501,1
2,40491,4.64237706307524e-22,9,3.50850642867167e-05,0.05,-3.42493638510185,3,1.70459070540466,0.666687407631965,1
3,40491,5.59984300928212e-05,9,4.65009241775011e-05,0.05,-3.6925637919445,3,1.4664172379216,0.508869957558616,1
4,40491,4.42200242641548e-07,9,1.36237611659289e-05,0.05,-3.66051590980456,3,2.31340463330111,0.663259396698657,1
5,40491,2.49259673303501e-13,9,3.79537234800419e-05,0.05,-3.50549844228168,3,2.41531160782875,0.374816549006034,1
6,40491,1.44778842679569e-11,9,4.13442248593997e-05,0.05,-3.87129955493403,3,2.26025529364143,0.524912554836678,1
7,40491,3.13831297831676e-08,9,1.80961728082062e-05,0.05,-3.5942007832765,3,2.01797780761624,0.74167283679653,1
8,40491,2.19245065228493e-24,9,2.8554250378827e-05,0.05,-3.76317766014411,3,1.54087389355967,0.40152344217328,1
9,40491,9.90631069899486e-10,9,4.33690768902157e-05,0.05,-3.59592095553554,3,1.69028496208988,0.568171946140238,1
10,40491,6.36509231543135e-09,9,1.43360106032088e-05,0.05,-3.11953384455298,3,2.12713347134506,0.592871882815193,1
1,40737,6.59250868817324e-21,9,2.14824249878833e-05,0.05,-3.34996484349624,3,1.51165405678067,0.462074964915394,1
2,40737,1.09892452558416e-16,9,2.81496505403127e-05,0.05,-2.97111035008101,3,1.53868829126092,0.626889430582474,1
3,40737,2.78711043340192e-10,9,2.25913799263807e-05,0.05,-3.7551532493141,3,2.17025943532619,0.660672447905491,1
4,40737,1.55185018832425e-15,9,1.78457046849286e-05,0.05,-4.01977931898338,3,2.61565802123709,0.513306808443519,1
5,40737,1.06718902739903e-13,9,2.28768255138826e-05,0.05,-3.87274197479039,3,1.59483363087292,0.946702062354052,1
6,40737,6.20672321799113e-14,9,1.81427622303401e-05,0.05,-2.99718614057087,3,1.47904852314229,0.570940834515736,1
7,40737,1.1736757854534e-10,9,2.51863622865795e-05,0.05,-3.53910663134968,3,1.96627275221583,0.613949972427111,1
8,40737,0.0010341264002234,9,2.84194921094472e-05,0.05,-2.49819433312619,3,1.94723477569655,0.485439500485564,1
9,40737,0.000426638337672577,9,2.06456830071001e-05,0.05,-3.85536967823854,3,1.59986959281358,0.909309497276057,1
10,40737,1.69389863028422e-21,9,1.91242931451045e-05,0.05,-3.20973237516243,3,1.88175609066049,0.675123036642392,1
