initT_abscissa,initT_cdf,aS_abscissa,aS_cdf,dS_abscissa,dS_cdf,lBt0_abscissa,lBt0_cdf,lk_abscissa,lk_cdf,lae_abscissa,lae_cdf,lw_abscissa,lw_cdf,dE_abscissa,dE_cdf,split
-4,0,-4,0,-4,0,-4,0,-4,0,-4,0,-4,0,-4,0,All
-3.57993,0.00196078,-2.7677,0.00196078,-2.61522,0.00196078,-2.47541,0.00196078,-2.89935,0.00196078,-3.03506,0.00196078,-3.01138,0.00196078,-1.79847,0.00196078,All
-3.53861,0.00392157,-2.6888,0.00392157,-2.5205,0.00392157,-2.42608,0.00392157,-2.57487,0.00392157,-2.55405,0.00392157,-2.60522,0.00392157,-1.57821,0.00392157,All
-3.22498,0.00588235,-2.52564,0.00588235,-2.38011,0.00588235,-2.19383,0.00588235,-2.4886,0.00588235,-2.52308,0.00588235,-2.54571,0.00588235,-1.48781,0.00588235,All
-3.06892,0.00784314,-2.50826,0.00784314,-2.14742,0.00784314,-2.19095,0.00784314,-2.46047,0.00784314,-2.3357,0.00784314,-2.48947,0.00784314,-1.47024,0.00784314,All
-2.73307,0.00980392,-2.49146,0.00980392,-2.12767,0.00980392,-2.06108,0.00980392,-2.42679,0.00980392,-2.28368,0.00980392,-2.41053,0.00980392,-1.46594,0.00980392,All
-2.57136,0.0117647,-2.44418,0.0117647,-2.07683,0.0117647,-2.05725,0.0117647,-2.40296,0.0117647,-2.27521,0.0117647,-2.3157,0.0117647,-1.44129,0.0117647,All
-2.38761,0.0137255,-2.43644,0.0137255,-2.05185,0.0137255,-1.8981,0.0137255,-2.36766,0.0137255,-2.24327,0.0137255,-2.18547,0.0137255,-1.42067,0.0137255,All
-2.31518,0.0156863,-2.34904,0.0156863,-2.0487,0.0156863,-1.87512,0.0156863,-2.31329,0.0156863,-2.23878,0.0156863,-2.15467,0.0156863,-1.41868,0.0156863,All
-2.24298,0.0176471,-2.33972,0.0176471,-1.99668,0.0176471,-1.84459,0.0176471,-2.20831,0.0176471,-2.09358,0.0176471,-2.1537,0.0176471,-1.41247,0.0176471,All
-2.19573,0.0196078,-2.21263,0.0196078,-1.98293,0.0196078,-1.82342,0.0196078,-2.17692,0.0196078,-2.08799,0.0196078,-2.13337,0.0196078,-1.41132,0.0196078,All
-2.1066,0.0215686,-2.1288,0.0215686,-1.96115,0.0215686,-1.81665,0.0215686,-2.09547,0.0215686,-2.02777,0.0215686,-2.12268,0.0215686,-1.41053,0.0215686,All
-2.10153,0.0235294,-2.01097,0.0235294,-1.96001,0.0235294,-1.81279,0.0235294,-2.04101,0.0235294,-2.02019,0.0235294,-2.08794,0.0235294,-1.40651,0.0235294,All
-2.0912,0.0254902,-1.86157,0.0254902,-1.922,0.0254902,-1.80196,0.0254902,-2.01597,0.0254902,-2.00646,0.0254902,-1.94777,0.0254902,-1.40199,0.0254902,All
-1.99574,0.027451,-1.80037,0.027451,-1.8276,0.027451,-1.70512,0.027451,-1.94522,0.027451,-1.94106,0.027451,-1.84902,0.027451,-1.40127,0.027451,All
-1.99557,0.0294118,-1.74467,0.0294118,-1.81764,0.0294118,-1.69959,0.0294118,-1.90183,0.0294118,-1.90631,0.0294118,-1.84119,0.0294118,-1.3916,0.0294118,All
-1.98246,0.0313725,-1.6996,0.0313725,-1.81677,0.0313725,-1.69891,0.0313725,-1.86011,0.0313725,-1.87115,0.0313725,-1.78356,0.0313725,-1.37787,0.0313725,All
-1.93135,0.0333333,-1.67789,0.0333333,-1.81325,0.0333333,-1.69801,0.0333333,-1.83377,0.0333333,-1.84865,0.0333333,-1.78221,0.0333333,-1.37787,0.0333333,All
-1.92541,0.0352941,-1.6675,0.0352941,-1.79834,0.0352941,-1.68903,0.0352941,-1.82077,0.0352941,-1.79173,0.0352941,-1.7733,0.0352941,-1.3761,0.0352941,All
-1.91268,0.0372549,-1.62536,0.0372549,-1.78687,0.0372549,-1.68627,0.0372549,-1.78349,0.0372549,-1.77845,0.0372549,-1.75308,0.0372549,-1.37198,0.0372549,All
-1.89047,0.0392157,-1.61019,0.0392157,-1.7758,0.0392157,-1.68422,0.0392157,-1.7579,0.0392157,-1.73953,0.0392157,-1.69924,0.0392157,-1.36358,0.0392157,All
-1.85362,0.0411765,-1.60068,0.0411765,-1.76324,0.0411765,-1.67805,0.0411765,-1.70497,0.0411765,-1.73414,0.0411765,-1.68673,0.0411765,-1.35657,0.0411765,All
-1.8325,0.0431373,-1.57402,0.0431373,-1.697,0.0431373,-1.63817,0.0431373,-1.70296,0.0431373,-1.67717,0.0431373,-1.68271,0.0431373,-1.35377,0.0431373,All
-1.81949,0.045098,-1.56965,0.045098,-1.68094,0.045098,-1.62095,0.045098,-1.68056,0.045098,-1.67421,0.045098,-1.67721,0.045098,-1.34735,0.045098,All
-1.81286,0.0470588,-1.54219,0.0470588,-1.66201,0.0470588,-1.60899,0.0470588,-1.65655,0.0470588,-1.66993,0.0470588,-1.66413,0.0470588,-1.33813,0.0470588,All
-1.80031,0.0490196,-1.51748,0.0490196,-1.64996,0.0490196,-1.57284,0.0490196,-1.63465,0.0490196,-1.66111,0.0490196,-1.65731,0.0490196,-1.33309,0.0490196,All
-1.77676,0.0509804,-1.51475,0.0509804,-1.64512,0.0509804,-1.56511,0.0509804,-1.6159,0.0509804,-1.65397,0.0509804,-1.64029,0.0509804,-1.32789,0.0509804,All
-1.76157,0.0529412,-1.50611,0.0529412,-1.64221,0.0529412,-1.56195,0.0529412,-1.60526,0.0529412,-1.57052,0.0529412,-1.63734,0.0529412,-1.31676,0.0529412,All
-1.7529,0.054902,-1.50532,0.054902,-1.61966,0.054902,-1.54868,0.054902,-1.58102,0.054902,-1.56297,0.054902,-1.62315,0.054902,-1.30781,0.054902,All
-1.75122,0.0568627,-1.5043,0.0568627,-1.61442,0.0568627,-1.5459,0.0568627,-1.5466,0.0568627,-1.54871,0.0568627,-1.62276,0.0568627,-1.30279,0.0568627,All
-1.74715,0.0588235,-1.45743,0.0588235,-1.61221,0.0588235,-1.53036,0.0588235,-1.54329,0.0588235,-1.53069,0.0588235,-1.60796,0.0588235,-1.30026,0.0588235,All
-1.723,0.0607843,-1.41797,0.0607843,-1.60409,0.0607843,-1.52071,0.0607843,-1.54191,0.0607843,-1.50555,0.0607843,-1.58902,0.0607843,-1.29735,0.0607843,All
-1.70171,0.0627451,-1.41105,0.0627451,-1.52672,0.0627451,-1.51754,0.0627451,-1.51631,0.0627451,-1.50255,0.0627451,-1.56368,0.0627451,-1.29708,0.0627451,All
-1.68161,0.0647059,-1.3889,0.0647059,-1.50161,0.0647059,-1.50729,0.0647059,-1.51287,0.0647059,-1.48042,0.0647059,-1.5392,0.0647059,-1.29093,0.0647059,All
-1.68124,0.0666667,-1.38531,0.0666667,-1.48058,0.0666667,-1.49893,0.0666667,-1.49201,0.0666667,-1.45548,0.0666667,-1.52398,0.0666667,-1.28852,0.0666667,All
-1.60394,0.0686275,-1.38342,0.0686275,-1.47602,0.0686275,-1.47173,0.0686275,-1.48729,0.0686275,-1.44186,0.0686275,-1.51742,0.0686275,-1.28619,0.0686275,All
-1.57309,0.0705882,-1.37654,0.0705882,-1.44561,0.0705882,-1.46494,0.0705882,-1.48637,0.0705882,-1.44145,0.0705882,-1.50626,0.0705882,-1.27992,0.0705882,All
-1.55489,0.072549,-1.35793,0.072549,-1.43904,0.072549,-1.46254,0.072549,-1.48593,0.072549,-1.43937,0.072549,-1.50437,0.072549,-1.27785,0.072549,All
-1.50465,0.0745098,-1.32943,0.0745098,-1.42915,0.0745098,-1.45174,0.0745098,-1.46696,0.0745098,-1.415,0.0745098,-1.50142,0.0745098,-1.27596,0.0745098,All
-1.4889,0.0764706,-1.32577,0.0764706,-1.39614,0.0764706,-1.44192,0.0764706,-1.46368,0.0764706,-1.39115,0.0764706,-1.49813,0.0764706,-1.26588,0.0764706,All
-1.48714,0.0784314,-1.32426,0.0784314,-1.39549,0.0784314,-1.43191,0.0784314,-1.46003,0.0784314,-1.38988,0.0784314,-1.49806,0.0784314,-1.25326,0.0784314,All
-1.48242,0.0803922,-1.31974,0.0803922,-1.39388,0.0803922,-1.41115,0.0803922,-1.45841,0.0803922,-1.38677,0.0803922,-1.49554,0.0803922,-1.25096,0.0803922,All
-1.47114,0.0823529,-1.28056,0.0823529,-1.39026,0.0823529,-1.40345,0.0823529,-1.43162,0.0823529,-1.37704,0.0823529,-1.49363,0.0823529,-1.25036,0.0823529,All
-1.45627,0.0843137,-1.25305,0.0843137,-1.37724,0.0843137,-1.38191,0.0843137,-1.42356,0.0843137,-1.36261,0.0843137,-1.49113,0.0843137,-1.25,0.0843137,All
-1.44942,0.0862745,-1.23877,0.0862745,-1.37646,0.0862745,-1.35113,0.0862745,-1.40097,0.0862745,-1.34217,0.0862745,-1.47504,0.0862745,-1.24681,0.0862745,All
-1.42464,0.0882353,-1.23723,0.0882353,-1.36784,0.0882353,-1.34033,0.0882353,-1.39803,0.0882353,-1.29604,0.0882353,-1.42443,0.0882353,-1.24523,0.0882353,All
-1.4069,0.0901961,-1.2259,0.0901961,-1.36565,0.0901961,-1.31641,0.0901961,-1.38608,0.0901961,-1.29175,0.0901961,-1.39687,0.0901961,-1.23674,0.0901961,All
-1.39739,0.0921569,-1.1949,0.0921569,-1.34655,0.0921569,-1.30614,0.0921569,-1.3568,0.0921569,-1.27023,0.0921569,-1.38993,0.0921569,-1.22944,0.0921569,All
-1.37921,0.0941176,-1.17392,0.0941176,-1.34203,0.0941176,-1.28373,0.0941176,-1.35461,0.0941176,-1.24498,0.0941176,-1.37557,0.0941176,-1.22908,0.0941176,All
-1.37811,0.0960784,-1.16909,0.0960784,-1.33638,0.0960784,-1.28174,0.0960784,-1.34152,0.0960784,-1.2388,0.0960784,-1.35892,0.0960784,-1.22788,0.0960784,All
-1.36329,0.0980392,-1.15834,0.0980392,-1.319,0.0980392,-1.26431,0.0980392,-1.33439,0.0980392,-1.23726,0.0980392,-1.35026,0.0980392,-1.22388,0.0980392,All
-1.34071,0.1,-1.15698,0.1,-1.31081,0.1,-1.25848,0.1,-1.32848,0.1,-1.227,0.1,-1.3476,0.1,-1.21281,0.1,All
-1.33665,0.101961,-1.14974,0.101961,-1.30604,0.101961,-1.25641,0.101961,-1.31098,0.101961,-1.21517,0.101961,-1.32195,0.101961,-1.21089,0.101961,All
-1.32531,0.103922,-1.10619,0.103922,-1.27401,0.103922,-1.25629,0.103922,-1.2881,0.103922,-1.18737,0.103922,-1.32128,0.103922,-1.20873,0.103922,All
-1.3186,0.105882,-1.10507,0.105882,-1.27186,0.105882,-1.25532,0.105882,-1.27985,0.105882,-1.17677,0.105882,-1.30549,0.105882,-1.20756,0.105882,All
-1.30539,0.107843,-1.09273,0.107843,-1.26621,0.107843,-1.24917,0.107843,-1.2728,0.107843,-1.15682,0.107843,-1.3035,0.107843,-1.20736,0.107843,All
-1.28965,0.109804,-1.08783,0.109804,-1.26052,0.109804,-1.23525,0.109804,-1.25678,0.109804,-1.11837,0.109804,-1.28741,0.109804,-1.19903,0.109804,All
-1.28538,0.111765,-1.05764,0.111765,-1.25308,0.111765,-1.2091,0.111765,-1.24421,0.111765,-1.10766,0.111765,-1.28329,0.111765,-1.19432,0.111765,All
-1.28138,0.113725,-1.05115,0.113725,-1.23272,0.113725,-1.20429,0.113725,-1.23956,0.113725,-1.10472,0.113725,-1.28313,0.113725,-1.1834,0.113725,All
-1.26668,0.115686,-1.04817,0.115686,-1.22814,0.115686,-1.20421,0.115686,-1.23244,0.115686,-1.08957,0.115686,-1.27052,0.115686,-1.1774,0.115686,All
-1.26277,0.117647,-1.03882,0.117647,-1.21128,0.117647,-1.20399,0.117647,-1.22807,0.117647,-1.07275,0.117647,-1.26252,0.117647,-1.17119,0.117647,All
-1.25202,0.119608,-1.02667,0.119608,-1.20693,0.119608,-1.18518,0.119608,-1.22568,0.119608,-1.0644,0.119608,-1.25751,0.119608,-1.16892,0.119608,All
-1.23432,0.121569,-1.00547,0.121569,-1.19756,0.121569,-1.16993,0.121569,-1.22198,0.121569,-1.06099,0.121569,-1.25564,0.121569,-1.16431,0.121569,All
-1.22533,0.123529,-0.999963,0.123529,-1.18651,0.123529,-1.16867,0.123529,-1.20829,0.123529,-1.03833,0.123529,-1.2547,0.123529,-1.1486,0.123529,All
-1.21977,0.12549,-0.998142,0.12549,-1.17827,0.12549,-1.16414,0.12549,-1.19292,0.12549,-1.01593,0.12549,-1.25155,0.12549,-1.14374,0.12549,All
-1.2,0.127451,-0.997084,0.127451,-1.17272,0.127451,-1.15616,0.127451,-1.18527,0.127451,-0.990857,0.127451,-1.24861,0.127451,-1.13846,0.127451,All
-1.19975,0.129412,-0.988486,0.129412,-1.16316,0.129412,-1.1485,0.129412,-1.18256,0.129412,-0.987244,0.129412,-1.23963,0.129412,-1.13817,0.129412,All
-1.15344,0.131373,-0.982391,0.131373,-1.15916,0.131373,-1.14765,0.131373,-1.18082,0.131373,-0.964667,0.131373,-1.21922,0.131373,-1.13614,0.131373,All
-1.14496,0.133333,-0.981862,0.133333,-1.1532,0.133333,-1.14324,0.133333,-1.17914,0.133333,-0.958413,0.133333,-1.20753,0.133333,-1.13261,0.133333,All
-1.14398,0.135294,-0.971618,0.135294,-1.14515,0.135294,-1.13756,0.135294,-1.16945,0.135294,-0.937383,0.135294,-1.20686,0.135294,-1.1305,0.135294,All
-1.10925,0.137255,-0.969796,0.137255,-1.14508,0.137255,-1.13501,0.137255,-1.16072,0.137255,-0.936894,0.137255,-1.19653,0.137255,-1.12963,0.137255,All
-1.1046,0.139216,-0.948766,0.139216,-1.14189,0.139216,-1.10803,0.139216,-1.15493,0.139216,-0.899536,0.139216,-1.19284,0.139216,-1.12718,0.139216,All
-1.09504,0.141176,-0.940325,0.141176,-1.12253,0.141176,-1.09276,0.141176,-1.15411,0.141176,-0.899077,0.141176,-1.19011,0.141176,-1.12716,0.141176,All
-1.08269,0.143137,-0.935955,0.143137,-1.11784,0.143137,-1.08741,0.143137,-1.13621,0.143137,-0.897123,0.143137,-1.14925,0.143137,-1.12313,0.143137,All
-1.07471,0.145098,-0.934564,0.145098,-1.11637,0.145098,-1.08687,0.145098,-1.12565,0.145098,-0.854687,0.145098,-1.13488,0.145098,-1.11875,0.145098,All
-1.06902,0.147059,-0.932053,0.147059,-1.09646,0.147059,-1.08266,0.147059,-1.10684,0.147059,-0.847419,0.147059,-1.12578,0.147059,-1.11734,0.147059,All
-1.05334,0.14902,-0.927895,0.14902,-1.0753,0.14902,-1.07751,0.14902,-1.096,0.14902,-0.846537,0.14902,-1.12332,0.14902,-1.1151,0.14902,All
-1.03716,0.15098,-0.927812,0.15098,-1.06237,0.15098,-1.06363,0.15098,-1.07473,0.15098,-0.845732,0.15098,-1.11908,0.15098,-1.11053,0.15098,All
-1.0341,0.152941,-0.926206,0.152941,-1.05393,0.152941,-1.06198,0.152941,-1.06532,0.152941,-0.842505,0.152941,-1.11835,0.152941,-1.10765,0.152941,All
-1.02215,0.154902,-0.917702,0.154902,-1.01998,0.154902,-1.05895,0.154902,-1.06053,0.154902,-0.840279,0.154902,-1.10084,0.154902,-1.10353,0.154902,All
-1.01214,0.156863,-0.9011,0.156863,-1.01381,0.156863,-1.05272,0.156863,-1.05488,0.156863,-0.834833,0.156863,-1.09582,0.156863,-1.10197,0.156863,All
-0.972326,0.158824,-0.900403,0.158824,-1.00755,0.158824,-1.05012,0.158824,-1.04084,0.158824,-0.815721,0.158824,-1.08583,0.158824,-1.10129,0.158824,All
-0.964926,0.160784,-0.89345,0.160784,-0.997099,0.160784,-1.04759,0.160784,-1.03576,0.160784,-0.810104,0.160784,-1.08481,0.160784,-1.09593,0.160784,All
-0.951394,0.162745,-0.893404,0.162745,-0.966334,0.162745,-1.03478,0.162745,-1.03104,0.162745,-0.806184,0.162745,-1.07356,0.162745,-1.09397,0.162745,All
-0.940417,0.164706,-0.88373,0.164706,-0.948427,0.164706,-1.03179,0.164706,-1.02985,0.164706,-0.778294,0.164706,-1.06705,0.164706,-1.0872,0.164706,All
-0.938641,0.166667,-0.875754,0.166667,-0.944926,0.166667,-1.02771,0.166667,-1.00433,0.166667,-0.77621,0.166667,-1.05886,0.166667,-1.08596,0.166667,All
-0.934111,0.168627,-0.869522,0.168627,-0.924921,0.168627,-1.00927,0.168627,-1.00091,0.168627,-0.760736,0.168627,-1.05321,0.168627,-1.08177,0.168627,All
-0.930647,0.170588,-0.861099,0.170588,-0.923503,0.170588,-1.00313,0.170588,-0.987084,0.170588,-0.742173,0.170588,-1.04331,0.170588,-1.07255,0.170588,All
-0.924283,0.172549,-0.85193,0.172549,-0.888972,0.172549,-1.0005,0.172549,-0.98113,0.172549,-0.740122,0.172549,-1.04225,0.172549,-1.0725,0.172549,All
-0.916398,0.17451,-0.849919,0.17451,-0.884186,0.17451,-0.993696,0.17451,-0.980892,0.17451,-0.735228,0.17451,-1.03982,0.17451,-1.06612,0.17451,All
-0.913328,0.176471,-0.847324,0.176471,-0.880109,0.176471,-0.983865,0.176471,-0.971996,0.176471,-0.730876,0.176471,-1.03737,0.176471,-1.06372,0.176471,All
-0.910821,0.178431,-0.833648,0.178431,-0.876015,0.178431,-0.963329,0.178431,-0.967847,0.178431,-0.722352,0.178431,-1.02888,0.178431,-1.06257,0.178431,All
-0.90627,0.180392,-0.827812,0.180392,-0.866693,0.180392,-0.948981,0.180392,-0.963926,0.180392,-0.715813,0.180392,-1.00582,0.180392,-1.04822,0.180392,All
-0.904133,0.182353,-0.813686,0.182353,-0.86438,0.182353,-0.943712,0.182353,-0.954239,0.182353,-0.71283,0.182353,-0.994515,0.182353,-1.04302,0.182353,All
-0.89449,0.184314,-0.809937,0.184314,-0.862406,0.184314,-0.939466,0.184314,-0.953516,0.184314,-0.67541,0.184314,-0.990396,0.184314,-1.0392,0.184314,All
-0.888011,0.186275,-0.80516,0.186275,-0.858365,0.186275,-0.930945,0.186275,-0.948741,0.186275,-0.675124,0.186275,-0.990054,0.186275,-1.03726,0.186275,All
-0.881959,0.188235,-0.804619,0.188235,-0.84799,0.188235,-0.926699,0.188235,-0.923682,0.188235,-0.674914,0.188235,-0.985245,0.188235,-1.03543,0.188235,All
-0.875787,0.190196,-0.788718,0.190196,-0.840699,0.190196,-0.907815,0.190196,-0.923545,0.190196,-0.65659,0.190196,-0.980412,0.190196,-1.025,0.190196,All
-0.867382,0.192157,-0.782499,0.192157,-0.839058,0.192157,-0.902859,0.192157,-0.909903,0.192157,-0.655987,0.192157,-0.971501,0.192157,-1.02391,0.192157,All
-0.86513,0.194118,-0.780224,0.194118,-0.819525,0.194118,-0.891427,0.194118,-0.900869,0.194118,-0.65479,0.194118,-0.970942,0.194118,-1.019,0.194118,All
-0.850081,0.196078,-0.779775,0.196078,-0.818558,0.196078,-0.886214,0.196078,-0.884592,0.196078,-0.654717,0.196078,-0.97083,0.196078,-1.01806,0.196078,All
-0.847286,0.198039,-0.772485,0.198039,-0.817072,0.198039,-0.880051,0.198039,-0.881566,0.198039,-0.647969,0.198039,-0.956513,0.198039,-1.0178,0.198039,All
-0.837042,0.2,-0.765513,0.2,-0.812828,0.2,-0.858282,0.2,-0.87362,0.2,-0.644217,0.2,-0.954277,0.2,-1.01527,0.2,All
-0.832681,0.201961,-0.761045,0.201961,-0.808662,0.201961,-0.852977,0.201961,-0.861632,0.201961,-0.626506,0.201961,-0.95059,0.201961,-1.00542,0.201961,All
-0.8312,0.203922,-0.751315,0.203922,-0.802629,0.203922,-0.843534,0.203922,-0.856437,0.203922,-0.60436,0.203922,-0.947987,0.203922,-1.00426,0.203922,All
-0.828298,0.205882,-0.749584,0.205882,-0.791131,0.205882,-0.833476,0.205882,-0.841155,0.205882,-0.60006,0.205882,-0.935381,0.205882,-0.987903,0.205882,All
-0.810749,0.207843,-0.734611,0.207843,-0.781026,0.207843,-0.827475,0.207843,-0.840237,0.207843,-0.591568,0.207843,-0.934439,0.207843,-0.984888,0.207843,All
-0.809857,0.209804,-0.7296,0.209804,-0.77797,0.209804,-0.827126,0.209804,-0.833144,0.209804,-0.590015,0.209804,-0.9266,0.209804,-0.983342,0.209804,All
-0.803311,0.211765,-0.72255,0.211765,-0.774761,0.211765,-0.812709,0.211765,-0.833041,0.211765,-0.58838,0.211765,-0.926042,0.211765,-0.980063,0.211765,All
-0.798823,0.213725,-0.705378,0.213725,-0.77346,0.213725,-0.810682,0.213725,-0.806449,0.213725,-0.586444,0.213725,-0.925132,0.213725,-0.974063,0.213725,All
-0.776218,0.215686,-0.703914,0.215686,-0.77323,0.215686,-0.79567,0.215686,-0.778097,0.215686,-0.585094,0.215686,-0.921073,0.215686,-0.974013,0.215686,All
-0.775277,0.217647,-0.703157,0.217647,-0.755682,0.217647,-0.786862,0.217647,-0.762085,0.217647,-0.560588,0.217647,-0.912535,0.217647,-0.970855,0.217647,All
-0.774848,0.219608,-0.700015,0.219608,-0.748848,0.219608,-0.75991,0.219608,-0.751786,0.219608,-0.555351,0.219608,-0.906269,0.219608,-0.962676,0.219608,All
-0.772506,0.221569,-0.67303,0.221569,-0.74397,0.221569,-0.740184,0.221569,-0.746417,0.221569,-0.551017,0.221569,-0.900744,0.221569,-0.961775,0.221569,All
-0.744578,0.223529,-0.672789,0.223529,-0.742214,0.223529,-0.726737,0.223529,-0.745908,0.223529,-0.540212,0.223529,-0.890782,0.223529,-0.957447,0.223529,All
-0.735497,0.22549,-0.668608,0.22549,-0.736722,0.22549,-0.72349,0.22549,-0.743648,0.22549,-0.539204,0.22549,-0.889249,0.22549,-0.95431,0.22549,All
-0.73201,0.227451,-0.667865,0.227451,-0.711824,0.227451,-0.721707,0.227451,-0.741842,0.227451,-0.536198,0.227451,-0.860993,0.227451,-0.941684,0.227451,All
-0.730609,0.229412,-0.648142,0.229412,-0.71163,0.229412,-0.707578,0.229412,-0.741804,0.229412,-0.535758,0.229412,-0.832192,0.229412,-0.939888,0.229412,All
-0.726015,0.231373,-0.638137,0.231373,-0.706029,0.231373,-0.698509,0.231373,-0.738751,0.231373,-0.53131,0.231373,-0.81781,0.231373,-0.935818,0.231373,All
-0.717731,0.233333,-0.637809,0.233333,-0.697646,0.233333,-0.693072,0.233333,-0.73745,0.233333,-0.51092,0.233333,-0.8112,0.233333,-0.920017,0.233333,All
-0.712357,0.235294,-0.618629,0.235294,-0.679088,0.235294,-0.689758,0.235294,-0.733251,0.235294,-0.509049,0.235294,-0.799697,0.235294,-0.917152,0.235294,All
-0.707431,0.237255,-0.614071,0.237255,-0.6776,0.237255,-0.684173,0.237255,-0.727605,0.237255,-0.476768,0.237255,-0.798,0.237255,-0.915684,0.237255,All
-0.705136,0.239216,-0.613516,0.239216,-0.668511,0.239216,-0.681098,0.239216,-0.724448,0.239216,-0.471888,0.239216,-0.797712,0.239216,-0.913941,0.239216,All
-0.697946,0.241176,-0.612914,0.241176,-0.660522,0.241176,-0.676177,0.241176,-0.721948,0.241176,-0.470688,0.241176,-0.796428,0.241176,-0.896356,0.241176,All
-0.683182,0.243137,-0.611979,0.243137,-0.657046,0.243137,-0.675436,0.243137,-0.721366,0.243137,-0.46611,0.243137,-0.796012,0.243137,-0.881237,0.243137,All
-0.683166,0.245098,-0.595587,0.245098,-0.6485,0.245098,-0.674188,0.245098,-0.716725,0.245098,-0.460549,0.245098,-0.788809,0.245098,-0.872115,0.245098,All
-0.673881,0.247059,-0.59355,0.247059,-0.636076,0.247059,-0.660657,0.247059,-0.716623,0.247059,-0.46001,0.247059,-0.779797,0.247059,-0.864875,0.247059,All
-0.671714,0.24902,-0.588389,0.24902,-0.618485,0.24902,-0.656071,0.24902,-0.711953,0.24902,-0.459433,0.24902,-0.770768,0.24902,-0.863641,0.24902,All
-0.671555,0.25098,-0.582121,0.25098,-0.615127,0.25098,-0.655506,0.25098,-0.705614,0.25098,-0.445932,0.25098,-0.765762,0.25098,-0.856696,0.25098,All
-0.655825,0.252941,-0.582057,0.252941,-0.614743,0.252941,-0.647227,0.252941,-0.705583,0.252941,-0.444496,0.252941,-0.758843,0.252941,-0.85126,0.252941,All
-0.653173,0.254902,-0.580889,0.254902,-0.609804,0.254902,-0.645362,0.254902,-0.700693,0.254902,-0.443992,0.254902,-0.754722,0.254902,-0.845162,0.254902,All
-0.645213,0.256863,-0.577786,0.256863,-0.604776,0.256863,-0.64287,0.256863,-0.697824,0.256863,-0.43285,0.256863,-0.752772,0.256863,-0.844922,0.256863,All
-0.643726,0.258824,-0.569743,0.258824,-0.586732,0.258824,-0.64104,0.258824,-0.690245,0.258824,-0.424237,0.258824,-0.747441,0.258824,-0.843229,0.258824,All
-0.640779,0.260784,-0.564062,0.260784,-0.584431,0.260784,-0.632878,0.260784,-0.687761,0.260784,-0.421177,0.260784,-0.744017,0.260784,-0.831302,0.260784,All
-0.637553,0.262745,-0.561503,0.262745,-0.58411,0.262745,-0.626784,0.262745,-0.68274,0.262745,-0.410314,0.262745,-0.734632,0.262745,-0.830447,0.262745,All
-0.633104,0.264706,-0.559628,0.264706,-0.567562,0.264706,-0.619597,0.264706,-0.680297,0.264706,-0.409237,0.264706,-0.72613,0.264706,-0.825183,0.264706,All
-0.620222,0.266667,-0.554767,0.266667,-0.559657,0.266667,-0.587207,0.266667,-0.675897,0.266667,-0.401391,0.266667,-0.723792,0.266667,-0.82261,0.266667,All
-0.617685,0.268627,-0.544362,0.268627,-0.558636,0.268627,-0.584692,0.268627,-0.669464,0.268627,-0.394806,0.268627,-0.719534,0.268627,-0.791618,0.268627,All
-0.604958,0.270588,-0.539545,0.270588,-0.558006,0.270588,-0.584395,0.270588,-0.663642,0.270588,-0.393016,0.270588,-0.701873,0.270588,-0.772727,0.270588,All
-0.602807,0.272549,-0.532167,0.272549,-0.555805,0.272549,-0.580075,0.272549,-0.65821,0.272549,-0.391668,0.272549,-0.695174,0.272549,-0.770408,0.272549,All
-0.586508,0.27451,-0.530892,0.27451,-0.555106,0.27451,-0.576624,0.27451,-0.655269,0.27451,-0.389359,0.27451,-0.695037,0.27451,-0.770349,0.27451,All
-0.585342,0.276471,-0.518918,0.276471,-0.546492,0.276471,-0.570747,0.276471,-0.638281,0.276471,-0.384245,0.276471,-0.693004,0.276471,-0.761556,0.276471,All
-0.577003,0.278431,-0.516149,0.278431,-0.541476,0.278431,-0.569389,0.278431,-0.631457,0.278431,-0.381855,0.278431,-0.692335,0.278431,-0.760575,0.278431,All
-0.571901,0.280392,-0.512086,0.280392,-0.527387,0.280392,-0.563138,0.280392,-0.626585,0.280392,-0.371872,0.280392,-0.691394,0.280392,-0.750547,0.280392,All
-0.571374,0.282353,-0.507565,0.282353,-0.524309,0.282353,-0.560624,0.282353,-0.623895,0.282353,-0.367773,0.282353,-0.684523,0.282353,-0.74648,0.282353,All
-0.568485,0.284314,-0.504304,0.284314,-0.523548,0.284314,-0.559611,0.284314,-0.60644,0.284314,-0.361731,0.284314,-0.679262,0.284314,-0.737604,0.284314,All
-0.564463,0.286275,-0.499447,0.286275,-0.519327,0.286275,-0.5538,0.286275,-0.604132,0.286275,-0.340613,0.286275,-0.674093,0.286275,-0.730598,0.286275,All
-0.563036,0.288235,-0.499071,0.288235,-0.516991,0.288235,-0.532304,0.288235,-0.603098,0.288235,-0.333566,0.288235,-0.67359,0.288235,-0.722415,0.288235,All
-0.554906,0.290196,-0.491666,0.290196,-0.516947,0.290196,-0.530086,0.290196,-0.599981,0.290196,-0.319357,0.290196,-0.671914,0.290196,-0.721024,0.290196,All
-0.546626,0.292157,-0.488141,0.292157,-0.515105,0.292157,-0.529241,0.292157,-0.596899,0.292157,-0.316686,0.292157,-0.671549,0.292157,-0.708931,0.292157,All
-0.530438,0.294118,-0.486172,0.294118,-0.50547,0.294118,-0.52856,0.294118,-0.594675,0.294118,-0.302063,0.294118,-0.669774,0.294118,-0.708849,0.294118,All
-0.52988,0.296078,-0.484732,0.296078,-0.505354,0.296078,-0.526331,0.296078,-0.587865,0.296078,-0.300593,0.296078,-0.661449,0.296078,-0.702053,0.296078,All
-0.523193,0.298039,-0.4828,0.298039,-0.497201,0.298039,-0.520471,0.298039,-0.577461,0.298039,-0.298635,0.298039,-0.660576,0.298039,-0.69854,0.298039,All
-0.510604,0.3,-0.477976,0.3,-0.493772,0.3,-0.507205,0.3,-0.565464,0.3,-0.293891,0.3,-0.658973,0.3,-0.695645,0.3,All
-0.5052,0.301961,-0.476913,0.301961,-0.485818,0.301961,-0.502783,0.301961,-0.558299,0.301961,-0.288898,0.301961,-0.65708,0.301961,-0.688086,0.301961,All
-0.487506,0.303922,-0.475663,0.303922,-0.475812,0.303922,-0.501321,0.303922,-0.542693,0.303922,-0.274705,0.303922,-0.65267,0.303922,-0.681244,0.303922,All
-0.480496,0.305882,-0.475162,0.305882,-0.475427,0.305882,-0.500384,0.305882,-0.536596,0.305882,-0.271081,0.305882,-0.634487,0.305882,-0.677264,0.305882,All
-0.473359,0.307843,-0.469985,0.307843,-0.459285,0.307843,-0.497097,0.307843,-0.528388,0.307843,-0.268355,0.307843,-0.629807,0.307843,-0.676849,0.307843,All
-0.471563,0.309804,-0.466332,0.309804,-0.456584,0.309804,-0.49354,0.309804,-0.528242,0.309804,-0.247474,0.309804,-0.62889,0.309804,-0.676576,0.309804,All
-0.470434,0.311765,-0.464454,0.311765,-0.452287,0.311765,-0.489769,0.311765,-0.515773,0.311765,-0.240228,0.311765,-0.627921,0.311765,-0.671905,0.311765,All
-0.460783,0.313725,-0.461882,0.313725,-0.440683,0.313725,-0.487338,0.313725,-0.515356,0.313725,-0.237352,0.313725,-0.621651,0.313725,-0.667775,0.313725,All
-0.439336,0.315686,-0.444357,0.315686,-0.439822,0.315686,-0.479151,0.315686,-0.515333,0.315686,-0.231886,0.315686,-0.609946,0.315686,-0.660482,0.315686,All
-0.437804,0.317647,-0.439997,0.317647,-0.433979,0.317647,-0.477884,0.317647,-0.512417,0.317647,-0.231577,0.317647,-0.604607,0.317647,-0.660433,0.317647,All
-0.434122,0.319608,-0.435067,0.319608,-0.432222,0.319608,-0.462425,0.319608,-0.506275,0.319608,-0.228247,0.319608,-0.601866,0.319608,-0.652935,0.319608,All
-0.428356,0.321569,-0.42852,0.321569,-0.429879,0.321569,-0.458075,0.321569,-0.501219,0.321569,-0.215512,0.321569,-0.58714,0.321569,-0.647169,0.321569,All
-0.423686,0.323529,-0.42604,0.323529,-0.41931,0.323529,-0.453325,0.323529,-0.487763,0.323529,-0.211042,0.323529,-0.584472,0.323529,-0.645861,0.323529,All
-0.408693,0.32549,-0.410719,0.32549,-0.414448,0.32549,-0.452338,0.32549,-0.473787,0.32549,-0.210592,0.32549,-0.582316,0.32549,-0.639925,0.32549,All
-0.393044,0.327451,-0.402825,0.327451,-0.408763,0.327451,-0.437234,0.327451,-0.472136,0.327451,-0.195195,0.327451,-0.57455,0.327451,-0.637022,0.327451,All
-0.386484,0.329412,-0.387847,0.329412,-0.408251,0.329412,-0.431224,0.329412,-0.468255,0.329412,-0.187992,0.329412,-0.571411,0.329412,-0.637016,0.329412,All
-0.383741,0.331373,-0.386102,0.331373,-0.406757,0.331373,-0.427822,0.331373,-0.466026,0.331373,-0.187886,0.331373,-0.571163,0.331373,-0.637009,0.331373,All
-0.382287,0.333333,-0.381932,0.333333,-0.39292,0.333333,-0.419132,0.333333,-0.453768,0.333333,-0.186538,0.333333,-0.571143,0.333333,-0.636739,0.333333,All
-0.371084,0.335294,-0.381911,0.335294,-0.391391,0.335294,-0.408569,0.335294,-0.451659,0.335294,-0.184301,0.335294,-0.566606,0.335294,-0.633555,0.335294,All
-0.363923,0.337255,-0.380679,0.337255,-0.390304,0.337255,-0.408297,0.337255,-0.446872,0.337255,-0.177641,0.337255,-0.562989,0.337255,-0.628294,0.337255,All
-0.356694,0.339216,-0.380429,0.339216,-0.388506,0.339216,-0.404754,0.339216,-0.424167,0.339216,-0.175977,0.339216,-0.562556,0.339216,-0.627758,0.339216,All
-0.351703,0.341176,-0.372176,0.341176,-0.380128,0.341176,-0.401224,0.341176,-0.423681,0.341176,-0.173477,0.341176,-0.552821,0.341176,-0.62748,0.341176,All
-0.350308,0.343137,-0.369086,0.343137,-0.374261,0.343137,-0.395518,0.343137,-0.423621,0.343137,-0.171785,0.343137,-0.552349,0.343137,-0.626575,0.343137,All
-0.348013,0.345098,-0.345857,0.345098,-0.373709,0.345098,-0.389117,0.345098,-0.418439,0.345098,-0.168274,0.345098,-0.544527,0.345098,-0.622536,0.345098,All
-0.346389,0.347059,-0.338065,0.347059,-0.368259,0.347059,-0.381519,0.347059,-0.406674,0.347059,-0.16634,0.347059,-0.543707,0.347059,-0.61511,0.347059,All
-0.340688,0.34902,-0.329435,0.34902,-0.365016,0.34902,-0.379083,0.34902,-0.405783,0.34902,-0.162303,0.34902,-0.534151,0.34902,-0.612049,0.34902,All
-0.338311,0.35098,-0.317844,0.35098,-0.362536,0.35098,-0.372226,0.35098,-0.396363,0.35098,-0.155908,0.35098,-0.526216,0.35098,-0.61101,0.35098,All
-0.316732,0.352941,-0.314542,0.352941,-0.36116,0.352941,-0.371957,0.352941,-0.392357,0.352941,-0.150652,0.352941,-0.516186,0.352941,-0.603433,0.352941,All
-0.312829,0.354902,-0.309926,0.354902,-0.357405,0.354902,-0.368493,0.354902,-0.3766,0.354902,-0.145111,0.354902,-0.511485,0.354902,-0.587543,0.354902,All
-0.307501,0.356863,-0.294994,0.356863,-0.35467,0.356863,-0.364192,0.356863,-0.373552,0.356863,-0.144396,0.356863,-0.511319,0.356863,-0.585886,0.356863,All
-0.303849,0.358824,-0.289153,0.358824,-0.348382,0.358824,-0.358597,0.358824,-0.37021,0.358824,-0.127827,0.358824,-0.510558,0.358824,-0.583697,0.358824,All
-0.298861,0.360784,-0.287505,0.360784,-0.338034,0.360784,-0.355429,0.360784,-0.368268,0.360784,-0.125413,0.360784,-0.50043,0.360784,-0.575636,0.360784,All
-0.298722,0.362745,-0.286134,0.362745,-0.334762,0.362745,-0.354288,0.362745,-0.357321,0.362745,-0.123606,0.362745,-0.491992,0.362745,-0.575605,0.362745,All
-0.297575,0.364706,-0.277476,0.364706,-0.329809,0.364706,-0.352334,0.364706,-0.35651,0.364706,-0.121703,0.364706,-0.488561,0.364706,-0.567409,0.364706,All
-0.296969,0.366667,-0.249277,0.366667,-0.327126,0.366667,-0.351542,0.366667,-0.331131,0.366667,-0.116211,0.366667,-0.473504,0.366667,-0.5621,0.366667,All
-0.296709,0.368627,-0.24625,0.368627,-0.324552,0.368627,-0.348725,0.368627,-0.330022,0.368627,-0.113973,0.368627,-0.468184,0.368627,-0.56025,0.368627,All
-0.292269,0.370588,-0.235102,0.370588,-0.322894,0.370588,-0.337489,0.370588,-0.32718,0.370588,-0.113425,0.370588,-0.464125,0.370588,-0.560086,0.370588,All
-0.287582,0.372549,-0.230807,0.372549,-0.316744,0.372549,-0.327272,0.372549,-0.321409,0.372549,-0.112307,0.372549,-0.462949,0.372549,-0.541525,0.372549,All
-0.281825,0.37451,-0.230458,0.37451,-0.308215,0.37451,-0.326627,0.37451,-0.311798,0.37451,-0.10931,0.37451,-0.445904,0.37451,-0.536525,0.37451,All
-0.281056,0.376471,-0.217557,0.376471,-0.30378,0.376471,-0.326179,0.376471,-0.296358,0.376471,-0.10552,0.376471,-0.44525,0.376471,-0.533489,0.376471,All
-0.278659,0.378431,-0.217469,0.378431,-0.300724,0.378431,-0.318284,0.378431,-0.286435,0.378431,-0.099636,0.378431,-0.438552,0.378431,-0.529223,0.378431,All
-0.275023,0.380392,-0.213956,0.380392,-0.296463,0.380392,-0.310155,0.380392,-0.285134,0.380392,-0.0952767,0.380392,-0.427291,0.380392,-0.519774,0.380392,All
-0.27061,0.382353,-0.212537,0.382353,-0.295838,0.382353,-0.307199,0.382353,-0.28352,0.382353,-0.094998,0.382353,-0.424399,0.382353,-0.517796,0.382353,All
-0.260724,0.384314,-0.211158,0.384314,-0.287948,0.384314,-0.301435,0.384314,-0.282621,0.384314,-0.0949764,0.384314,-0.416679,0.384314,-0.517571,0.384314,All
-0.248169,0.386275,-0.210547,0.386275,-0.282854,0.386275,-0.280051,0.386275,-0.267317,0.386275,-0.0892616,0.386275,-0.416392,0.386275,-0.51547,0.386275,All
-0.246916,0.388235,-0.209748,0.388235,-0.278129,0.388235,-0.279772,0.388235,-0.257739,0.388235,-0.0834923,0.388235,-0.415012,0.388235,-0.501566,0.388235,All
-0.243207,0.390196,-0.207873,0.390196,-0.269249,0.390196,-0.27916,0.390196,-0.255433,0.390196,-0.0766175,0.390196,-0.402867,0.390196,-0.496714,0.390196,All
-0.239112,0.392157,-0.206635,0.392157,-0.263632,0.392157,-0.276948,0.392157,-0.255335,0.392157,-0.064916,0.392157,-0.400428,0.392157,-0.496263,0.392157,All
-0.233374,0.394118,-0.194338,0.394118,-0.259542,0.394118,-0.27587,0.394118,-0.250133,0.394118,-0.0631827,0.394118,-0.399519,0.394118,-0.48053,0.394118,All
-0.22856,0.396078,-0.19215,0.396078,-0.25638,0.396078,-0.27344,0.396078,-0.236999,0.396078,-0.0614877,0.396078,-0.399169,0.396078,-0.477317,0.396078,All
-0.22531,0.398039,-0.189771,0.398039,-0.25401,0.398039,-0.268181,0.398039,-0.222953,0.398039,-0.0463122,0.398039,-0.396659,0.398039,-0.475855,0.398039,All
-0.221192,0.4,-0.189403,0.4,-0.251996,0.4,-0.265951,0.4,-0.221838,0.4,-0.0456457,0.4,-0.390482,0.4,-0.47248,0.4,All
-0.220697,0.401961,-0.180342,0.401961,-0.250702,0.401961,-0.265319,0.401961,-0.21712,0.401961,-0.0293307,0.401961,-0.384822,0.401961,-0.471766,0.401961,All
-0.215381,0.403922,-0.178337,0.403922,-0.245653,0.403922,-0.261206,0.403922,-0.216569,0.403922,-0.0289199,0.403922,-0.3809,0.403922,-0.470529,0.403922,All
-0.215372,0.405882,-0.16971,0.405882,-0.238317,0.405882,-0.248851,0.405882,-0.213626,0.405882,-0.0279282,0.405882,-0.376096,0.405882,-0.463772,0.405882,All
-0.203239,0.407843,-0.169576,0.407843,-0.225538,0.407843,-0.237799,0.407843,-0.208403,0.407843,-0.0221503,0.407843,-0.373898,0.407843,-0.459093,0.407843,All
-0.199991,0.409804,-0.160815,0.409804,-0.219116,0.409804,-0.227887,0.409804,-0.204185,0.409804,-0.0156777,0.409804,-0.371711,0.409804,-0.456574,0.409804,All
-0.198412,0.411765,-0.160129,0.411765,-0.216575,0.411765,-0.223482,0.411765,-0.181721,0.411765,-0.0125758,0.411765,-0.37111,0.411765,-0.445823,0.411765,All
-0.195774,0.413725,-0.160018,0.413725,-0.211243,0.413725,-0.191283,0.413725,-0.172805,0.413725,-0.000507833,0.413725,-0.368679,0.413725,-0.436069,0.413725,All
-0.176307,0.415686,-0.157155,0.415686,-0.20453,0.415686,-0.187315,0.415686,-0.155825,0.415686,0.00100696,0.415686,-0.354848,0.415686,-0.418439,0.415686,All
-0.173789,0.417647,-0.149837,0.417647,-0.198747,0.417647,-0.182624,0.417647,-0.153825,0.417647,0.00267022,0.417647,-0.354472,0.417647,-0.4156,0.417647,All
-0.172812,0.419608,-0.132673,0.419608,-0.193454,0.419608,-0.179353,0.419608,-0.142533,0.419608,0.00971344,0.419608,-0.349268,0.419608,-0.41189,0.419608,All
-0.17223,0.421569,-0.128315,0.421569,-0.190681,0.421569,-0.172641,0.421569,-0.134888,0.421569,0.0120808,0.421569,-0.348284,0.421569,-0.403715,0.421569,All
-0.17041,0.423529,-0.117931,0.423529,-0.189355,0.423529,-0.158166,0.423529,-0.132818,0.423529,0.0149646,0.423529,-0.34755,0.423529,-0.402653,0.423529,All
-0.164196,0.42549,-0.102775,0.42549,-0.176392,0.42549,-0.157068,0.42549,-0.132173,0.42549,0.0171667,0.42549,-0.327021,0.42549,-0.401202,0.42549,All
-0.163846,0.427451,-0.0977087,0.427451,-0.167087,0.427451,-0.152739,0.427451,-0.129876,0.427451,0.0228449,0.427451,-0.321438,0.427451,-0.393939,0.427451,All
-0.163807,0.429412,-0.0947222,0.429412,-0.147773,0.429412,-0.14694,0.429412,-0.125948,0.429412,0.0245641,0.429412,-0.306858,0.429412,-0.36919,0.429412,All
-0.156218,0.431373,-0.0946944,0.431373,-0.145896,0.431373,-0.139243,0.431373,-0.116241,0.431373,0.0266572,0.431373,-0.304768,0.431373,-0.36441,0.431373,All
-0.156009,0.433333,-0.0860866,0.433333,-0.143754,0.433333,-0.129748,0.433333,-0.115084,0.433333,0.0309269,0.433333,-0.293333,0.433333,-0.363154,0.433333,All
-0.151581,0.435294,-0.085124,0.435294,-0.130836,0.435294,-0.125535,0.435294,-0.11491,0.435294,0.0379087,0.435294,-0.292475,0.435294,-0.362643,0.435294,All
-0.122715,0.437255,-0.0846973,0.437255,-0.128177,0.437255,-0.120039,0.437255,-0.11483,0.437255,0.0425867,0.437255,-0.290024,0.437255,-0.356164,0.437255,All
-0.1209,0.439216,-0.0781983,0.439216,-0.12376,0.439216,-0.117509,0.439216,-0.11369,0.439216,0.0552524,0.439216,-0.284685,0.439216,-0.342573,0.439216,All
-0.113637,0.441176,-0.0774785,0.441176,-0.109379,0.441176,-0.111267,0.441176,-0.11102,0.441176,0.0606107,0.441176,-0.284252,0.441176,-0.341847,0.441176,All
-0.110459,0.443137,-0.0763792,0.443137,-0.106053,0.443137,-0.108706,0.443137,-0.0912843,0.443137,0.0610547,0.443137,-0.271826,0.443137,-0.338512,0.443137,All
-0.110103,0.445098,-0.0721548,0.445098,-0.101416,0.445098,-0.10596,0.445098,-0.0910748,0.445098,0.0647524,0.445098,-0.270732,0.445098,-0.338339,0.445098,All
-0.108982,0.447059,-0.0704129,0.447059,-0.101341,0.447059,-0.105646,0.447059,-0.0504482,0.447059,0.0650914,0.447059,-0.261114,0.447059,-0.335866,0.447059,All
-0.108736,0.44902,-0.0700682,0.44902,-0.0956697,0.44902,-0.103112,0.44902,-0.046915,0.44902,0.0680981,0.44902,-0.254991,0.44902,-0.332628,0.44902,All
-0.106723,0.45098,-0.0700358,0.45098,-0.0924103,0.45098,-0.0949828,0.45098,-0.0365153,0.45098,0.0718347,0.45098,-0.24696,0.45098,-0.326339,0.45098,All
-0.105052,0.452941,-0.0543861,0.452941,-0.0921725,0.452941,-0.0830079,0.452941,-0.0304386,0.452941,0.0755418,0.452941,-0.24217,0.452941,-0.320939,0.452941,All
-0.0996615,0.454902,-0.0507033,0.454902,-0.0907359,0.454902,-0.080909,0.454902,-0.0274509,0.454902,0.0784486,0.454902,-0.230894,0.454902,-0.317248,0.454902,All
-0.0871997,0.456863,-0.0495645,0.456863,-0.0857392,0.456863,-0.0760835,0.456863,-0.0218852,0.456863,0.0794944,0.456863,-0.223162,0.456863,-0.305459,0.456863,All
-0.0867754,0.458824,-0.0481663,0.458824,-0.0845453,0.458824,-0.0600816,0.458824,-0.0145508,0.458824,0.0858126,0.458824,-0.21448,0.458824,-0.303956,0.458824,All
-0.0797709,0.460784,-0.0471507,0.460784,-0.0829494,0.460784,-0.0504809,0.460784,-0.0128959,0.460784,0.0863086,0.460784,-0.212128,0.460784,-0.30171,0.460784,All
-0.0786404,0.462745,-0.0405489,0.462745,-0.0748765,0.462745,-0.0356316,0.462745,-0.0106966,0.462745,0.0866238,0.462745,-0.20949,0.462745,-0.297109,0.462745,All
-0.060484,0.464706,-0.0389327,0.464706,-0.068769,0.464706,-0.0353134,0.464706,-0.00329131,0.464706,0.0894376,0.464706,-0.205048,0.464706,-0.28752,0.464706,All
-0.053054,0.466667,-0.0385353,0.466667,-0.0680595,0.466667,-0.0333019,0.466667,-0.00242041,0.466667,0.0907896,0.466667,-0.188153,0.466667,-0.280477,0.466667,All
-0.0509092,0.468627,-0.0256187,0.468627,-0.0591918,0.468627,-0.0270832,0.468627,0.0010728,0.468627,0.0911773,0.468627,-0.184432,0.468627,-0.277056,0.468627,All
-0.0480042,0.470588,-0.0241538,0.470588,-0.0554113,0.470588,-0.0253617,0.470588,0.00575401,0.470588,0.0915982,0.470588,-0.17121,0.470588,-0.268012,0.470588,All
-0.0478271,0.472549,-0.0229195,0.472549,-0.0452589,0.472549,-0.0234857,0.472549,0.01286,0.472549,0.0924458,0.472549,-0.166786,0.472549,-0.266807,0.472549,All
-0.0474133,0.47451,-0.0193426,0.47451,-0.0427221,0.47451,-0.0141455,0.47451,0.025194,0.47451,0.0962977,0.47451,-0.159319,0.47451,-0.266193,0.47451,All
-0.0473979,0.476471,-0.0126908,0.476471,-0.0411891,0.476471,-0.0113476,0.476471,0.0307488,0.476471,0.101382,0.476471,-0.15138,0.476471,-0.262331,0.476471,All
-0.0408955,0.478431,-0.0105758,0.478431,-0.027562,0.478431,0.00134408,0.478431,0.0325224,0.478431,0.104511,0.478431,-0.144975,0.478431,-0.262224,0.478431,All
-0.0349233,0.480392,0.00466859,0.480392,-0.0258475,0.480392,0.00261377,0.480392,0.0353708,0.480392,0.106712,0.480392,-0.144386,0.480392,-0.249478,0.480392,All
-0.0318228,0.482353,0.0056036,0.482353,-0.0206008,0.482353,0.0139777,0.482353,0.0377247,0.482353,0.125453,0.482353,-0.142627,0.482353,-0.245085,0.482353,All
-0.0283952,0.484314,0.0118025,0.484314,-0.0175445,0.484314,0.0162993,0.484314,0.0548451,0.484314,0.125586,0.484314,-0.117113,0.484314,-0.244322,0.484314,All
-0.0226432,0.486275,0.0227351,0.486275,-0.0167441,0.486275,0.0197889,0.486275,0.0587221,0.486275,0.127471,0.486275,-0.0924771,0.486275,-0.224941,0.486275,All
-0.022369,0.488235,0.0270478,0.488235,-0.016224,0.488235,0.0304813,0.488235,0.0598498,0.488235,0.133638,0.488235,-0.0866127,0.488235,-0.212257,0.488235,All
-0.0139817,0.490196,0.0358781,0.490196,-0.00956035,0.490196,0.0320452,0.490196,0.0625317,0.490196,0.134746,0.490196,-0.0831478,0.490196,-0.209267,0.490196,All
-0.0101955,0.492157,0.0372433,0.492157,-0.000307953,0.492157,0.0329517,0.492157,0.0678117,0.492157,0.135681,0.492157,-0.0789895,0.492157,-0.205813,0.492157,All
-0.000878839,0.494118,0.0383992,0.494118,0.00323272,0.494118,0.035294,0.494118,0.0712796,0.494118,0.135998,0.494118,-0.0755099,0.494118,-0.202286,0.494118,All
-0.000408848,0.496078,0.0419838,0.496078,0.009191,0.496078,0.0407584,0.496078,0.0721495,0.496078,0.136351,0.496078,-0.0741678,0.496078,-0.198274,0.496078,All
0.000125423,0.498039,0.0423371,0.498039,0.0115459,0.498039,0.0417806,0.498039,0.0751627,0.498039,0.145833,0.498039,-0.0737135,0.498039,-0.198072,0.498039,All
0.00184864,0.5,0.0445657,0.5,0.012706,0.5,0.0464216,0.5,0.0769675,0.5,0.146875,0.5,-0.0715891,0.5,-0.194623,0.5,All
0.008268,0.501961,0.0562446,0.501961,0.032768,0.501961,0.052111,0.501961,0.0815465,0.501961,0.150504,0.501961,-0.0698807,0.501961,-0.18529,0.501961,All
0.0104289,0.503922,0.0613233,0.503922,0.0399728,0.503922,0.0693005,0.503922,0.0858421,0.503922,0.154334,0.503922,-0.0655379,0.503922,-0.183434,0.503922,All
0.0189202,0.505882,0.0718795,0.505882,0.0400189,0.505882,0.0748637,0.505882,0.0922325,0.505882,0.155336,0.505882,-0.0620955,0.505882,-0.182349,0.505882,All
0.023699,0.507843,0.0953339,0.507843,0.0414785,0.507843,0.0829511,0.507843,0.0969027,0.507843,0.158707,0.507843,-0.0557655,0.507843,-0.178589,0.507843,All
0.0254144,0.509804,0.0966586,0.509804,0.0496789,0.509804,0.0872199,0.509804,0.100401,0.509804,0.167103,0.509804,-0.0519092,0.509804,-0.17397,0.509804,All
0.0261334,0.511765,0.109567,0.511765,0.0531332,0.511765,0.0901807,0.511765,0.117689,0.511765,0.180457,0.511765,-0.0443574,0.511765,-0.171494,0.511765,All
0.028854,0.513725,0.118129,0.513725,0.0635908,0.513725,0.0931265,0.513725,0.12314,0.513725,0.180461,0.513725,-0.0429005,0.513725,-0.170741,0.513725,All
0.0312936,0.515686,0.121876,0.515686,0.0661477,0.515686,0.0963515,0.515686,0.126663,0.515686,0.192037,0.515686,-0.041615,0.515686,-0.163994,0.515686,All
0.0314344,0.517647,0.124163,0.517647,0.0661762,0.517647,0.100197,0.517647,0.127397,0.517647,0.194511,0.517647,-0.0286751,0.517647,-0.155513,0.517647,All
0.0317278,0.519608,0.124757,0.519608,0.0765872,0.519608,0.106596,0.519608,0.133337,0.519608,0.198967,0.519608,-0.0179501,0.519608,-0.144559,0.519608,All
0.0433841,0.521569,0.124784,0.521569,0.0799123,0.521569,0.107062,0.521569,0.133987,0.521569,0.215251,0.521569,-0.017219,0.521569,-0.134064,0.521569,All
0.0491246,0.523529,0.136754,0.523529,0.0819179,0.523529,0.108846,0.523529,0.136207,0.523529,0.228425,0.523529,-0.00526025,0.523529,-0.13013,0.523529,All
0.0514777,0.52549,0.13707,0.52549,0.0841045,0.52549,0.110434,0.52549,0.13797,0.52549,0.229516,0.52549,-0.000359543,0.52549,-0.113113,0.52549,All
0.0538219,0.527451,0.139334,0.527451,0.085025,0.527451,0.110721,0.527451,0.140861,0.527451,0.232743,0.527451,0.00512457,0.527451,-0.103894,0.527451,All
0.0671752,0.529412,0.1415,0.529412,0.0997654,0.529412,0.13289,0.529412,0.148463,0.529412,0.23604,0.529412,0.00692834,0.529412,-0.10318,0.529412,All
0.0700245,0.531373,0.141779,0.531373,0.100747,0.531373,0.139293,0.531373,0.152382,0.531373,0.240016,0.531373,0.0107952,0.531373,-0.0993036,0.531373,All
0.0780414,0.533333,0.146133,0.533333,0.102672,0.533333,0.142581,0.533333,0.155249,0.533333,0.248466,0.533333,0.0126649,0.533333,-0.0931607,0.533333,All
0.0862504,0.535294,0.146837,0.535294,0.110934,0.535294,0.149091,0.535294,0.156533,0.535294,0.256556,0.535294,0.0141814,0.535294,-0.084013,0.535294,All
0.089206,0.537255,0.147822,0.537255,0.123094,0.537255,0.152475,0.537255,0.169203,0.537255,0.257229,0.537255,0.0332804,0.537255,-0.0831829,0.537255,All
0.0964132,0.539216,0.150735,0.539216,0.124053,0.539216,0.154336,0.539216,0.171109,0.539216,0.258918,0.539216,0.0362391,0.539216,-0.0775921,0.539216,All
0.0992859,0.541176,0.151001,0.541176,0.124496,0.541176,0.168215,0.541176,0.175031,0.541176,0.261042,0.541176,0.0387119,0.541176,-0.0709591,0.541176,All
0.10365,0.543137,0.151072,0.543137,0.128221,0.543137,0.172477,0.543137,0.177287,0.543137,0.262624,0.543137,0.0495109,0.543137,-0.0658609,0.543137,All
0.108793,0.545098,0.157096,0.545098,0.129674,0.545098,0.176031,0.545098,0.180552,0.545098,0.264,0.545098,0.0499917,0.545098,-0.0612722,0.545098,All
0.126534,0.547059,0.160998,0.547059,0.145156,0.547059,0.180535,0.547059,0.186721,0.547059,0.284068,0.547059,0.0597026,0.547059,-0.0526314,0.547059,All
0.130821,0.54902,0.180855,0.54902,0.147517,0.54902,0.180755,0.54902,0.188261,0.54902,0.293037,0.54902,0.0608553,0.54902,-0.0457771,0.54902,All
0.13209,0.55098,0.181115,0.55098,0.147728,0.55098,0.191085,0.55098,0.197383,0.55098,0.296189,0.55098,0.0679244,0.55098,-0.0434902,0.55098,All
0.133631,0.552941,0.183607,0.552941,0.153859,0.552941,0.201371,0.552941,0.200271,0.552941,0.30616,0.552941,0.0734128,0.552941,-0.0407088,0.552941,All
0.135488,0.554902,0.191149,0.554902,0.159155,0.554902,0.212831,0.554902,0.200337,0.554902,0.310869,0.554902,0.0763825,0.554902,-0.0359502,0.554902,All
0.136642,0.556863,0.205509,0.556863,0.160745,0.556863,0.223613,0.556863,0.205374,0.556863,0.314493,0.556863,0.0836276,0.556863,-0.0190978,0.556863,All
0.146308,0.558824,0.212716,0.558824,0.164434,0.558824,0.227654,0.558824,0.218842,0.558824,0.314596,0.558824,0.0968356,0.558824,-0.0044393,0.558824,All
0.183996,0.560784,0.228189,0.560784,0.16968,0.560784,0.232505,0.560784,0.220098,0.560784,0.316469,0.560784,0.107551,0.560784,0.00635547,0.560784,All
0.188416,0.562745,0.229444,0.562745,0.170491,0.562745,0.232749,0.562745,0.244807,0.562745,0.323762,0.562745,0.11338,0.562745,0.0122007,0.562745,All
0.189768,0.564706,0.234478,0.564706,0.174569,0.564706,0.234213,0.564706,0.255793,0.564706,0.324936,0.564706,0.122009,0.564706,0.0127521,0.564706,All
0.193575,0.566667,0.238073,0.566667,0.18201,0.566667,0.237425,0.566667,0.257714,0.566667,0.324983,0.566667,0.136469,0.566667,0.0214907,0.566667,All
0.195477,0.568627,0.238459,0.568627,0.186617,0.568627,0.240155,0.568627,0.262683,0.568627,0.329013,0.568627,0.137281,0.568627,0.0290446,0.568627,All
0.202219,0.570588,0.239,0.570588,0.190102,0.570588,0.246659,0.570588,0.265724,0.570588,0.329235,0.570588,0.137376,0.570588,0.0366255,0.570588,All
0.20332,0.572549,0.245539,0.572549,0.190312,0.572549,0.259269,0.572549,0.267742,0.572549,0.331862,0.572549,0.148164,0.572549,0.0430164,0.572549,All
0.205252,0.57451,0.250542,0.57451,0.190613,0.57451,0.260627,0.57451,0.28446,0.57451,0.336153,0.57451,0.150393,0.57451,0.0433463,0.57451,All
0.20765,0.576471,0.263124,0.576471,0.197555,0.576471,0.270169,0.576471,0.286998,0.576471,0.338517,0.576471,0.161119,0.576471,0.0453408,0.576471,All
0.217551,0.578431,0.269617,0.578431,0.202698,0.578431,0.27455,0.578431,0.300071,0.578431,0.346598,0.578431,0.164425,0.578431,0.0732669,0.578431,All
0.21958,0.580392,0.281317,0.580392,0.20504,0.580392,0.279937,0.580392,0.303276,0.580392,0.355488,0.580392,0.170417,0.580392,0.0737375,0.580392,All
0.221625,0.582353,0.281776,0.582353,0.206664,0.582353,0.283085,0.582353,0.314867,0.582353,0.356116,0.582353,0.175453,0.582353,0.0835886,0.582353,All
0.222336,0.584314,0.285642,0.584314,0.216478,0.584314,0.290735,0.584314,0.322015,0.584314,0.356763,0.584314,0.176292,0.584314,0.0891255,0.584314,All
0.229188,0.586275,0.287065,0.586275,0.221529,0.586275,0.299027,0.586275,0.326728,0.586275,0.359199,0.586275,0.17802,0.586275,0.0892087,0.586275,All
0.229318,0.588235,0.289965,0.588235,0.223396,0.588235,0.303677,0.588235,0.329659,0.588235,0.360521,0.588235,0.17933,0.588235,0.0896966,0.588235,All
0.2375,0.590196,0.299638,0.590196,0.224309,0.590196,0.304073,0.590196,0.332236,0.590196,0.364097,0.590196,0.188396,0.590196,0.0901728,0.590196,All
0.243367,0.592157,0.302375,0.592157,0.229529,0.592157,0.304307,0.592157,0.334701,0.592157,0.367034,0.592157,0.209316,0.592157,0.111963,0.592157,All
0.248233,0.594118,0.305315,0.594118,0.23006,0.594118,0.306189,0.594118,0.33619,0.594118,0.36821,0.594118,0.213553,0.594118,0.113121,0.594118,All
0.249132,0.596078,0.308844,0.596078,0.230976,0.596078,0.309984,0.596078,0.347568,0.596078,0.372795,0.596078,0.218346,0.596078,0.138278,0.596078,All
0.258015,0.598039,0.340193,0.598039,0.253333,0.598039,0.311143,0.598039,0.362731,0.598039,0.377238,0.598039,0.228832,0.598039,0.138535,0.598039,All
0.267466,0.6,0.344119,0.6,0.256361,0.6,0.314477,0.6,0.371365,0.6,0.391617,0.6,0.22935,0.6,0.140843,0.6,All
0.268901,0.601961,0.346365,0.601961,0.25779,0.601961,0.319562,0.601961,0.373653,0.601961,0.392195,0.601961,0.232571,0.601961,0.154633,0.601961,All
0.269996,0.603922,0.349815,0.603922,0.265638,0.603922,0.337679,0.603922,0.383622,0.603922,0.392303,0.603922,0.232685,0.603922,0.162286,0.603922,All
0.272236,0.605882,0.350826,0.605882,0.266358,0.605882,0.341334,0.605882,0.385199,0.605882,0.39344,0.605882,0.236044,0.605882,0.163505,0.605882,All
0.272325,0.607843,0.351479,0.607843,0.275571,0.607843,0.350315,0.607843,0.386599,0.607843,0.393466,0.607843,0.242058,0.607843,0.165746,0.607843,All
0.294874,0.609804,0.355174,0.609804,0.276208,0.609804,0.351737,0.609804,0.390222,0.609804,0.397923,0.609804,0.244009,0.609804,0.166248,0.609804,All
0.295175,0.611765,0.36369,0.611765,0.277815,0.611765,0.354107,0.611765,0.392967,0.611765,0.40492,0.611765,0.246057,0.611765,0.166275,0.611765,All
0.297424,0.613725,0.368969,0.613725,0.281634,0.613725,0.357409,0.613725,0.394021,0.613725,0.405419,0.613725,0.25445,0.613725,0.185036,0.613725,All
0.300822,0.615686,0.375418,0.615686,0.298574,0.615686,0.363226,0.615686,0.396291,0.615686,0.413323,0.615686,0.269009,0.615686,0.194954,0.615686,All
0.302369,0.617647,0.379694,0.617647,0.300371,0.617647,0.36527,0.617647,0.415311,0.617647,0.430223,0.617647,0.269598,0.617647,0.196709,0.617647,All
0.303843,0.619608,0.392205,0.619608,0.304837,0.619608,0.372095,0.619608,0.418868,0.619608,0.433406,0.619608,0.276304,0.619608,0.225437,0.619608,All
0.306801,0.621569,0.399512,0.621569,0.305897,0.621569,0.374412,0.621569,0.42211,0.621569,0.436063,0.621569,0.284419,0.621569,0.235729,0.621569,All
0.310636,0.623529,0.406535,0.623529,0.308115,0.623529,0.374534,0.623529,0.430702,0.623529,0.44299,0.623529,0.290248,0.623529,0.238185,0.623529,All
0.317326,0.62549,0.409321,0.62549,0.309733,0.62549,0.376143,0.62549,0.436582,0.62549,0.443279,0.62549,0.294745,0.62549,0.2403,0.62549,All
0.329297,0.627451,0.417747,0.627451,0.312495,0.627451,0.380341,0.627451,0.442868,0.627451,0.445411,0.627451,0.296227,0.627451,0.243235,0.627451,All
0.33119,0.629412,0.420325,0.629412,0.31723,0.629412,0.386143,0.629412,0.444039,0.629412,0.446912,0.629412,0.297977,0.629412,0.246256,0.629412,All
0.335108,0.631373,0.422216,0.631373,0.317538,0.631373,0.386772,0.631373,0.445537,0.631373,0.447135,0.631373,0.300791,0.631373,0.255212,0.631373,All
0.3369,0.633333,0.425147,0.633333,0.320141,0.633333,0.386906,0.633333,0.449722,0.633333,0.448748,0.633333,0.306254,0.633333,0.258131,0.633333,All
0.33981,0.635294,0.42917,0.635294,0.320524,0.635294,0.426341,0.635294,0.454171,0.635294,0.450079,0.635294,0.32481,0.635294,0.261365,0.635294,All
0.33983,0.637255,0.433989,0.637255,0.32297,0.637255,0.429277,0.637255,0.457846,0.637255,0.451021,0.637255,0.345945,0.637255,0.264568,0.637255,All
0.340879,0.639216,0.443919,0.639216,0.32915,0.639216,0.430499,0.639216,0.459056,0.639216,0.455493,0.639216,0.350388,0.639216,0.290363,0.639216,All
0.347159,0.641176,0.444095,0.641176,0.334551,0.641176,0.453014,0.641176,0.464746,0.641176,0.46868,0.641176,0.356064,0.641176,0.298069,0.641176,All
0.349143,0.643137,0.444682,0.643137,0.338046,0.643137,0.453401,0.643137,0.46872,0.643137,0.474333,0.643137,0.356291,0.643137,0.304079,0.643137,All
0.352137,0.645098,0.446878,0.645098,0.338558,0.645098,0.455758,0.645098,0.477795,0.645098,0.479056,0.645098,0.359929,0.645098,0.306861,0.645098,All
0.358323,0.647059,0.447315,0.647059,0.341088,0.647059,0.464008,0.647059,0.500393,0.647059,0.486056,0.647059,0.359992,0.647059,0.306973,0.647059,All
0.359112,0.64902,0.447412,0.64902,0.341911,0.64902,0.48246,0.64902,0.506682,0.64902,0.486626,0.64902,0.360897,0.64902,0.312621,0.64902,All
0.35956,0.65098,0.452793,0.65098,0.342293,0.65098,0.487859,0.65098,0.507516,0.65098,0.488461,0.65098,0.380686,0.65098,0.316214,0.65098,All
0.360862,0.652941,0.462338,0.652941,0.34245,0.652941,0.4909,0.652941,0.516941,0.652941,0.493391,0.652941,0.388056,0.652941,0.327986,0.652941,All
0.361168,0.654902,0.463233,0.654902,0.344025,0.654902,0.497688,0.654902,0.520512,0.654902,0.494655,0.654902,0.393316,0.654902,0.328386,0.654902,All
0.369455,0.656863,0.465212,0.656863,0.345233,0.656863,0.500339,0.656863,0.546668,0.656863,0.502579,0.656863,0.395172,0.656863,0.347352,0.656863,All
0.374515,0.658824,0.47259,0.658824,0.351426,0.658824,0.530849,0.658824,0.550378,0.658824,0.507717,0.658824,0.395195,0.658824,0.356848,0.658824,All
0.377567,0.660784,0.47649,0.660784,0.354721,0.660784,0.534895,0.660784,0.553085,0.660784,0.518972,0.660784,0.397096,0.660784,0.357626,0.660784,All
0.383809,0.662745,0.477995,0.662745,0.356376,0.662745,0.536754,0.662745,0.553333,0.662745,0.527235,0.662745,0.403233,0.662745,0.367754,0.662745,All
0.389439,0.664706,0.485376,0.664706,0.358356,0.664706,0.543366,0.664706,0.556191,0.664706,0.527367,0.664706,0.40574,0.664706,0.388632,0.664706,All
0.401209,0.666667,0.485885,0.666667,0.360068,0.666667,0.547961,0.666667,0.565891,0.666667,0.527984,0.666667,0.407136,0.666667,0.389583,0.666667,All
0.402142,0.668627,0.48868,0.668627,0.36259,0.668627,0.551336,0.668627,0.572884,0.668627,0.528172,0.668627,0.41248,0.668627,0.399426,0.668627,All
0.403364,0.670588,0.49055,0.670588,0.36308,0.670588,0.557578,0.670588,0.573492,0.670588,0.528391,0.670588,0.420268,0.670588,0.404791,0.670588,All
0.40339,0.672549,0.492213,0.672549,0.366497,0.672549,0.560764,0.672549,0.577354,0.672549,0.529074,0.672549,0.42674,0.672549,0.404855,0.672549,All
0.411142,0.67451,0.495298,0.67451,0.366598,0.67451,0.565621,0.67451,0.578184,0.67451,0.533219,0.67451,0.431289,0.67451,0.405128,0.67451,All
0.41592,0.676471,0.498623,0.676471,0.368734,0.676471,0.567718,0.676471,0.57887,0.676471,0.533334,0.676471,0.432188,0.676471,0.408125,0.676471,All
0.41608,0.678431,0.503031,0.678431,0.372883,0.678431,0.568111,0.678431,0.591432,0.678431,0.533831,0.678431,0.432572,0.678431,0.416,0.678431,All
0.424602,0.680392,0.504833,0.680392,0.374423,0.680392,0.570269,0.680392,0.598799,0.680392,0.534084,0.680392,0.437699,0.680392,0.419971,0.680392,All
0.424666,0.682353,0.507354,0.682353,0.374458,0.682353,0.578917,0.682353,0.600848,0.682353,0.54006,0.682353,0.462046,0.682353,0.427715,0.682353,All
0.425764,0.684314,0.51029,0.684314,0.379942,0.684314,0.588822,0.684314,0.611384,0.684314,0.541925,0.684314,0.463773,0.684314,0.43323,0.684314,All
0.430187,0.686275,0.511528,0.686275,0.382478,0.686275,0.593943,0.686275,0.623587,0.686275,0.542259,0.686275,0.484774,0.686275,0.437222,0.686275,All
0.445854,0.688235,0.519118,0.688235,0.384463,0.688235,0.594778,0.688235,0.630833,0.688235,0.557316,0.688235,0.492888,0.688235,0.439891,0.688235,All
0.448134,0.690196,0.524249,0.690196,0.38978,0.690196,0.598348,0.690196,0.631801,0.690196,0.557918,0.690196,0.506631,0.690196,0.442724,0.690196,All
0.452354,0.692157,0.530573,0.692157,0.389862,0.692157,0.608383,0.692157,0.632377,0.692157,0.562607,0.692157,0.508402,0.692157,0.449428,0.692157,All
0.452957,0.694118,0.541326,0.694118,0.418717,0.694118,0.616486,0.694118,0.63716,0.694118,0.571419,0.694118,0.514998,0.694118,0.452449,0.694118,All
0.454897,0.696078,0.542498,0.696078,0.418936,0.696078,0.622536,0.696078,0.647573,0.696078,0.573431,0.696078,0.518812,0.696078,0.466404,0.696078,All
0.458021,0.698039,0.543941,0.698039,0.420988,0.698039,0.622634,0.698039,0.655037,0.698039,0.573665,0.698039,0.521808,0.698039,0.478627,0.698039,All
0.481059,0.7,0.546501,0.7,0.433199,0.7,0.626553,0.7,0.657303,0.7,0.574065,0.7,0.523066,0.7,0.485877,0.7,All
0.484308,0.701961,0.550574,0.701961,0.434205,0.701961,0.631384,0.701961,0.680509,0.701961,0.578563,0.701961,0.524584,0.701961,0.493894,0.701961,All
0.487992,0.703922,0.550619,0.703922,0.437193,0.703922,0.632276,0.703922,0.689026,0.703922,0.57898,0.703922,0.528487,0.703922,0.498501,0.703922,All
0.488797,0.705882,0.561309,0.705882,0.440048,0.705882,0.632839,0.705882,0.696074,0.705882,0.582182,0.705882,0.530458,0.705882,0.510815,0.705882,All
0.500397,0.707843,0.566808,0.707843,0.443252,0.707843,0.643422,0.707843,0.699993,0.707843,0.592213,0.707843,0.531557,0.707843,0.512161,0.707843,All
0.506472,0.709804,0.570666,0.709804,0.447545,0.709804,0.646292,0.709804,0.712309,0.709804,0.595343,0.709804,0.532135,0.709804,0.518083,0.709804,All
0.506507,0.711765,0.571257,0.711765,0.451316,0.711765,0.647343,0.711765,0.719844,0.711765,0.59623,0.711765,0.5323,0.711765,0.521474,0.711765,All
0.516743,0.713725,0.576462,0.713725,0.460547,0.713725,0.647569,0.713725,0.721357,0.713725,0.605115,0.713725,0.53673,0.713725,0.526953,0.713725,All
0.51798,0.715686,0.591493,0.715686,0.464286,0.715686,0.649778,0.715686,0.722162,0.715686,0.612983,0.715686,0.538181,0.715686,0.534558,0.715686,All
0.540709,0.717647,0.602384,0.717647,0.466704,0.717647,0.651721,0.717647,0.727672,0.717647,0.614839,0.717647,0.540062,0.717647,0.542107,0.717647,All
0.549228,0.719608,0.604158,0.719608,0.466944,0.719608,0.65185,0.719608,0.738112,0.719608,0.615554,0.719608,0.549318,0.719608,0.549868,0.719608,All
0.552116,0.721569,0.607976,0.721569,0.467497,0.721569,0.652673,0.721569,0.750993,0.721569,0.617146,0.721569,0.550953,0.721569,0.553368,0.721569,All
0.558596,0.723529,0.615323,0.723529,0.47249,0.723529,0.657091,0.723529,0.751315,0.723529,0.623231,0.723529,0.551828,0.723529,0.553438,0.723529,All
0.561995,0.72549,0.618326,0.72549,0.482881,0.72549,0.675876,0.72549,0.75427,0.72549,0.64617,0.72549,0.554,0.72549,0.557239,0.72549,All
0.565494,0.727451,0.622259,0.727451,0.483914,0.727451,0.676775,0.727451,0.759512,0.727451,0.650089,0.727451,0.556935,0.727451,0.565051,0.727451,All
0.566022,0.729412,0.624016,0.729412,0.484084,0.729412,0.686528,0.729412,0.770938,0.729412,0.651545,0.729412,0.558278,0.729412,0.568073,0.729412,All
0.578329,0.731373,0.625155,0.731373,0.485538,0.731373,0.687993,0.731373,0.782807,0.731373,0.653736,0.731373,0.570068,0.731373,0.568448,0.731373,All
0.587766,0.733333,0.628754,0.733333,0.489546,0.733333,0.690601,0.733333,0.783259,0.733333,0.656582,0.733333,0.575708,0.733333,0.572133,0.733333,All
0.605906,0.735294,0.634276,0.735294,0.494076,0.735294,0.7023,0.735294,0.785848,0.735294,0.662135,0.735294,0.579827,0.735294,0.572179,0.735294,All
0.612496,0.737255,0.639124,0.737255,0.498021,0.737255,0.725127,0.737255,0.79146,0.737255,0.663375,0.737255,0.582827,0.737255,0.57747,0.737255,All
0.636301,0.739216,0.645136,0.739216,0.501896,0.739216,0.726605,0.739216,0.792384,0.739216,0.663487,0.739216,0.58484,0.739216,0.584905,0.739216,All
0.63903,0.741176,0.650196,0.741176,0.502054,0.741176,0.726971,0.741176,0.793734,0.741176,0.688194,0.741176,0.585129,0.741176,0.593659,0.741176,All
0.644929,0.743137,0.653227,0.743137,0.544592,0.743137,0.745542,0.743137,0.795365,0.743137,0.703044,0.743137,0.594741,0.743137,0.602689,0.743137,All
0.646246,0.745098,0.656481,0.745098,0.546052,0.745098,0.747662,0.745098,0.80041,0.745098,0.704044,0.745098,0.595015,0.745098,0.615762,0.745098,All
0.647813,0.747059,0.656647,0.747059,0.54656,0.747059,0.748696,0.747059,0.815272,0.747059,0.704569,0.747059,0.606371,0.747059,0.625891,0.747059,All
0.655841,0.74902,0.657739,0.74902,0.559582,0.74902,0.756134,0.74902,0.817869,0.74902,0.715925,0.74902,0.611337,0.74902,0.637242,0.74902,All
0.665783,0.75098,0.663759,0.75098,0.561152,0.75098,0.766414,0.75098,0.830353,0.75098,0.739017,0.75098,0.619546,0.75098,0.637828,0.75098,All
0.668822,0.752941,0.682819,0.752941,0.566359,0.752941,0.767563,0.752941,0.835156,0.752941,0.747948,0.752941,0.623023,0.752941,0.638003,0.752941,All
0.672764,0.754902,0.692612,0.754902,0.570451,0.754902,0.778273,0.754902,0.835809,0.754902,0.756013,0.754902,0.627217,0.754902,0.647393,0.754902,All
0.674469,0.756863,0.694026,0.756863,0.578013,0.756863,0.783454,0.756863,0.837671,0.756863,0.758408,0.756863,0.627754,0.756863,0.660622,0.756863,All
0.676135,0.758824,0.695845,0.758824,0.587305,0.758824,0.78461,0.758824,0.838973,0.758824,0.77277,0.758824,0.632069,0.758824,0.671944,0.758824,All
0.677286,0.760784,0.701893,0.760784,0.58807,0.760784,0.786581,0.760784,0.842277,0.760784,0.773165,0.760784,0.647816,0.760784,0.676122,0.760784,All
0.682299,0.762745,0.710065,0.762745,0.591489,0.762745,0.797872,0.762745,0.842597,0.762745,0.782983,0.762745,0.654855,0.762745,0.6788,0.762745,All
0.68266,0.764706,0.710487,0.764706,0.605255,0.764706,0.804859,0.764706,0.848481,0.764706,0.785515,0.764706,0.659713,0.764706,0.680374,0.764706,All
0.693446,0.766667,0.715457,0.766667,0.611088,0.766667,0.806799,0.766667,0.852516,0.766667,0.786098,0.766667,0.709578,0.766667,0.680807,0.766667,All
0.695374,0.768627,0.715993,0.768627,0.632278,0.768627,0.814907,0.768627,0.853637,0.768627,0.794338,0.768627,0.711539,0.768627,0.69058,0.768627,All
0.713035,0.770588,0.721479,0.770588,0.646363,0.770588,0.824668,0.770588,0.856606,0.770588,0.796434,0.770588,0.722874,0.770588,0.701998,0.770588,All
0.758748,0.772549,0.724342,0.772549,0.660782,0.772549,0.831955,0.772549,0.866039,0.772549,0.81435,0.772549,0.726957,0.772549,0.707428,0.772549,All
0.764181,0.77451,0.72725,0.77451,0.675221,0.77451,0.85299,0.77451,0.87519,0.77451,0.827152,0.77451,0.72863,0.77451,0.710161,0.77451,All
0.772611,0.776471,0.729789,0.776471,0.69611,0.776471,0.861161,0.776471,0.876115,0.776471,0.837775,0.776471,0.72872,0.776471,0.732302,0.776471,All
0.774079,0.778431,0.734163,0.778431,0.697766,0.778431,0.86761,0.778431,0.878203,0.778431,0.841167,0.778431,0.733934,0.778431,0.735712,0.778431,All
0.795752,0.780392,0.754104,0.780392,0.709134,0.780392,0.869281,0.780392,0.88457,0.780392,0.847048,0.780392,0.7715,0.780392,0.758752,0.780392,All
0.796609,0.782353,0.754361,0.782353,0.710935,0.782353,0.872783,0.782353,0.887531,0.782353,0.855874,0.782353,0.771831,0.782353,0.764891,0.782353,All
0.798152,0.784314,0.772783,0.784314,0.724965,0.784314,0.878466,0.784314,0.896614,0.784314,0.865045,0.784314,0.775554,0.784314,0.774062,0.784314,All
0.798831,0.786275,0.785236,0.786275,0.731074,0.786275,0.887441,0.786275,0.897547,0.786275,0.880802,0.786275,0.794846,0.786275,0.776571,0.786275,All
0.804995,0.788235,0.790681,0.788235,0.743277,0.788235,0.891373,0.788235,0.904276,0.788235,0.897849,0.788235,0.802028,0.788235,0.792953,0.788235,All
0.808937,0.790196,0.793586,0.790196,0.746884,0.790196,0.918067,0.790196,0.913057,0.790196,0.907749,0.790196,0.816267,0.790196,0.799613,0.790196,All
0.814077,0.792157,0.799882,0.792157,0.753228,0.792157,0.921493,0.792157,0.914348,0.792157,0.908892,0.792157,0.821992,0.792157,0.809922,0.792157,All
0.816245,0.794118,0.818028,0.794118,0.755254,0.794118,0.936426,0.794118,0.924509,0.794118,0.909451,0.794118,0.822406,0.794118,0.81965,0.794118,All
0.829474,0.796078,0.819787,0.796078,0.759177,0.796078,0.938078,0.796078,0.946504,0.796078,0.91292,0.796078,0.824029,0.796078,0.820762,0.796078,All
0.830768,0.798039,0.825732,0.798039,0.760019,0.798039,0.949624,0.798039,0.951017,0.798039,0.916235,0.798039,0.832873,0.798039,0.822245,0.798039,All
0.830833,0.8,0.834398,0.8,0.764776,0.8,0.954945,0.8,0.955962,0.8,0.92791,0.8,0.83376,0.8,0.83671,0.8,All
0.830857,0.801961,0.840988,0.801961,0.768086,0.801961,0.956942,0.801961,0.958596,0.801961,0.930229,0.801961,0.834876,0.801961,0.845652,0.801961,All
0.833893,0.803922,0.841838,0.803922,0.778584,0.803922,0.958806,0.803922,0.964446,0.803922,0.939217,0.803922,0.837001,0.803922,0.854234,0.803922,All
0.837027,0.805882,0.84285,0.805882,0.790122,0.805882,0.95926,0.805882,0.97342,0.805882,0.96766,0.805882,0.866812,0.805882,0.856655,0.805882,All
0.858527,0.807843,0.850669,0.807843,0.797851,0.807843,0.960204,0.807843,0.973537,0.807843,0.982474,0.807843,0.870556,0.807843,0.873733,0.807843,All
0.863114,0.809804,0.854167,0.809804,0.802573,0.809804,0.960512,0.809804,0.976664,0.809804,0.982904,0.809804,0.872747,0.809804,0.874875,0.809804,All
0.868857,0.811765,0.866515,0.811765,0.804759,0.811765,0.962142,0.811765,0.985914,0.811765,0.98608,0.811765,0.876222,0.811765,0.880157,0.811765,All
0.873727,0.813725,0.867225,0.813725,0.811037,0.813725,0.967088,0.813725,0.99572,0.813725,1.00123,0.813725,0.915192,0.813725,0.880625,0.813725,All
0.877085,0.815686,0.876609,0.815686,0.820247,0.815686,0.970531,0.815686,1.00437,0.815686,1.00563,0.815686,0.919384,0.815686,0.898687,0.815686,All
0.883202,0.817647,0.889292,0.817647,0.822852,0.817647,0.997159,0.817647,1.02568,0.817647,1.00763,0.817647,0.922317,0.817647,0.906218,0.817647,All
0.884951,0.819608,0.891432,0.819608,0.828267,0.819608,1.00296,0.819608,1.04563,0.819608,1.00866,0.819608,0.924793,0.819608,0.927227,0.819608,All
0.893951,0.821569,0.893295,0.821569,0.837709,0.821569,1.00394,0.821569,1.05117,0.821569,1.01043,0.821569,0.932969,0.821569,0.932419,0.821569,All
0.903832,0.823529,0.904921,0.823529,0.84167,0.823529,1.00435,0.823529,1.05612,0.823529,1.01463,0.823529,0.940125,0.823529,0.934521,0.823529,All
0.90406,0.82549,0.914172,0.82549,0.849911,0.82549,1.01063,0.82549,1.05742,0.82549,1.01733,0.82549,0.957,0.82549,0.93644,0.82549,All
0.925138,0.827451,0.917778,0.827451,0.863511,0.827451,1.02887,0.827451,1.06018,0.827451,1.05155,0.827451,0.962095,0.827451,0.945201,0.827451,All
0.925635,0.829412,0.927634,0.829412,0.869344,0.829412,1.03563,0.829412,1.06714,0.829412,1.05854,0.829412,0.963421,0.829412,0.946991,0.829412,All
0.925888,0.831373,0.928069,0.831373,0.889112,0.831373,1.03921,0.831373,1.07856,0.831373,1.07109,0.831373,0.983996,0.831373,0.958937,0.831373,All
0.926185,0.833333,0.93107,0.833333,0.894017,0.833333,1.0425,0.833333,1.08306,0.833333,1.08964,0.833333,1.00111,0.833333,0.96548,0.833333,All
0.92654,0.835294,0.938993,0.835294,0.897686,0.835294,1.06915,0.835294,1.09189,0.835294,1.1131,0.835294,1.00656,0.835294,0.975869,0.835294,All
0.935554,0.837255,0.948692,0.837255,0.899519,0.837255,1.076,0.837255,1.09263,0.837255,1.13333,0.837255,1.01774,0.837255,0.983203,0.837255,All
0.940963,0.839216,0.95252,0.839216,0.922099,0.839216,1.07891,0.839216,1.10024,0.839216,1.13758,0.839216,1.02231,0.839216,0.984787,0.839216,All
0.942983,0.841176,0.953885,0.841176,0.926249,0.841176,1.09767,0.841176,1.10147,0.841176,1.14604,0.841176,1.02277,0.841176,0.995452,0.841176,All
0.947107,0.843137,0.968765,0.843137,0.934099,0.843137,1.10368,0.843137,1.10629,0.843137,1.15517,0.843137,1.02965,0.843137,1.00206,0.843137,All
0.954303,0.845098,0.97206,0.845098,0.947379,0.845098,1.10431,0.845098,1.11473,0.845098,1.15599,0.845098,1.0484,0.845098,1.00914,0.845098,All
0.954806,0.847059,0.984946,0.847059,0.947479,0.847059,1.12314,0.847059,1.12263,0.847059,1.19109,0.847059,1.04884,0.847059,1.01056,0.847059,All
0.956024,0.84902,0.990439,0.84902,0.948168,0.84902,1.12469,0.84902,1.15353,0.84902,1.19223,0.84902,1.05518,0.84902,1.01307,0.84902,All
0.957109,0.85098,1.00705,0.85098,0.950262,0.85098,1.12598,0.85098,1.16701,0.85098,1.20404,0.85098,1.09617,0.85098,1.02285,0.85098,All
0.966596,0.852941,1.02309,0.852941,0.958712,0.852941,1.13096,0.852941,1.17603,0.852941,1.21946,0.852941,1.12665,0.852941,1.02731,0.852941,All
0.972842,0.854902,1.05001,0.854902,0.962127,0.854902,1.13521,0.854902,1.24527,0.854902,1.22469,0.854902,1.13492,0.854902,1.03512,0.854902,All
0.993277,0.856863,1.06195,0.856863,0.967057,0.856863,1.13967,0.856863,1.24918,0.856863,1.22583,0.856863,1.13649,0.856863,1.05365,0.856863,All
0.994597,0.858824,1.07223,0.858824,0.971302,0.858824,1.14182,0.858824,1.25572,0.858824,1.22808,0.858824,1.13885,0.858824,1.05604,0.858824,All
1.0026,0.860784,1.09562,0.860784,0.983001,0.860784,1.15972,0.860784,1.27904,0.860784,1.25111,0.860784,1.1607,0.860784,1.066,0.860784,All
1.0047,0.862745,1.1054,0.862745,0.984759,0.862745,1.15995,0.862745,1.286,0.862745,1.26518,0.862745,1.17858,0.862745,1.07978,0.862745,All
1.01441,0.864706,1.12623,0.864706,0.992307,0.864706,1.16139,0.864706,1.29199,0.864706,1.28181,0.864706,1.18161,0.864706,1.10402,0.864706,All
1.02054,0.866667,1.13305,0.866667,0.993372,0.866667,1.17434,0.866667,1.30001,0.866667,1.29622,0.866667,1.18388,0.866667,1.10686,0.866667,All
1.025,0.868627,1.13654,0.868627,1.0066,0.868627,1.22089,0.868627,1.30378,0.868627,1.30348,0.868627,1.18851,0.868627,1.11136,0.868627,All
1.02922,0.870588,1.16688,0.870588,1.0154,0.870588,1.22933,0.870588,1.31306,0.870588,1.31011,0.870588,1.19192,0.870588,1.12865,0.870588,All
1.03409,0.872549,1.20101,0.872549,1.02115,0.872549,1.23434,0.872549,1.31562,0.872549,1.31392,0.872549,1.19898,0.872549,1.1455,0.872549,All
1.04298,0.87451,1.20282,0.87451,1.02479,0.87451,1.24818,0.87451,1.31786,0.87451,1.32259,0.87451,1.2017,0.87451,1.14852,0.87451,All
1.04586,0.876471,1.2255,0.876471,1.02756,0.876471,1.26028,0.876471,1.32836,0.876471,1.36541,0.876471,1.21014,0.876471,1.15771,0.876471,All
1.06023,0.878431,1.23019,0.878431,1.02938,0.878431,1.27253,0.878431,1.33148,0.878431,1.36873,0.878431,1.24645,0.878431,1.15873,0.878431,All
1.10893,0.880392,1.23401,0.880392,1.03092,0.880392,1.29835,0.880392,1.33351,0.880392,1.36893,0.880392,1.24738,0.880392,1.15886,0.880392,All
1.1158,0.882353,1.23512,0.882353,1.05264,0.882353,1.30789,0.882353,1.34701,0.882353,1.39782,0.882353,1.24769,0.882353,1.17037,0.882353,All
1.11981,0.884314,1.23898,0.884314,1.05959,0.884314,1.31854,0.884314,1.35092,0.884314,1.40524,0.884314,1.25394,0.884314,1.17706,0.884314,All
1.12012,0.886275,1.24184,0.886275,1.06169,0.886275,1.32894,0.886275,1.35769,0.886275,1.41901,0.886275,1.28649,0.886275,1.17712,0.886275,All
1.12475,0.888235,1.24192,0.888235,1.07332,0.888235,1.32966,0.888235,1.36201,0.888235,1.42825,0.888235,1.29237,0.888235,1.18724,0.888235,All
1.1386,0.890196,1.25431,0.890196,1.0797,0.890196,1.33843,0.890196,1.37082,0.890196,1.44128,0.890196,1.29381,0.890196,1.20197,0.890196,All
1.14258,0.892157,1.26027,0.892157,1.08323,0.892157,1.3386,0.892157,1.37962,0.892157,1.44401,0.892157,1.29491,0.892157,1.20288,0.892157,All
1.15947,0.894118,1.26469,0.894118,1.08547,0.894118,1.37546,0.894118,1.38627,0.894118,1.44848,0.894118,1.31747,0.894118,1.20442,0.894118,All
1.17287,0.896078,1.27029,0.896078,1.09657,0.896078,1.41502,0.896078,1.38669,0.896078,1.45221,0.896078,1.32293,0.896078,1.20453,0.896078,All
1.17605,0.898039,1.29236,0.898039,1.10118,0.898039,1.41829,0.898039,1.41282,0.898039,1.45913,0.898039,1.33028,0.898039,1.20744,0.898039,All
1.20336,0.9,1.3051,0.9,1.1058,0.9,1.42624,0.9,1.42711,0.9,1.50815,0.9,1.35859,0.9,1.22554,0.9,All
1.21761,0.901961,1.30871,0.901961,1.10974,0.901961,1.42655,0.901961,1.43,0.901961,1.54777,0.901961,1.37602,0.901961,1.22671,0.901961,All
1.2221,0.903922,1.31043,0.903922,1.14217,0.903922,1.42828,0.903922,1.43011,0.903922,1.57983,0.903922,1.38121,0.903922,1.22808,0.903922,All
1.23771,0.905882,1.31088,0.905882,1.14229,0.905882,1.4395,0.905882,1.4407,0.905882,1.61136,0.905882,1.40114,0.905882,1.23359,0.905882,All
1.24042,0.907843,1.31581,0.907843,1.15382,0.907843,1.45859,0.907843,1.44862,0.907843,1.62804,0.907843,1.40765,0.907843,1.24995,0.907843,All
1.2526,0.909804,1.34553,0.909804,1.16061,0.909804,1.47658,0.909804,1.45678,0.909804,1.64279,0.909804,1.43099,0.909804,1.26253,0.909804,All
1.25642,0.911765,1.37823,0.911765,1.16957,0.911765,1.49142,0.911765,1.46111,0.911765,1.69345,0.911765,1.44509,0.911765,1.27104,0.911765,All
1.29047,0.913725,1.38047,0.913725,1.17219,0.913725,1.49242,0.913725,1.46386,0.913725,1.71109,0.913725,1.46371,0.913725,1.28892,0.913725,All
1.30407,0.915686,1.38737,0.915686,1.17785,0.915686,1.49581,0.915686,1.48527,0.915686,1.71519,0.915686,1.46509,0.915686,1.29374,0.915686,All
1.33069,0.917647,1.38819,0.917647,1.179,0.917647,1.50595,0.917647,1.51355,0.917647,1.72239,0.917647,1.48285,0.917647,1.30099,0.917647,All
1.35192,0.919608,1.38995,0.919608,1.2306,0.919608,1.50884,0.919608,1.52671,0.919608,1.72532,0.919608,1.49367,0.919608,1.33502,0.919608,All
1.36311,0.921569,1.39957,0.921569,1.23181,0.921569,1.51812,0.921569,1.53768,0.921569,1.72744,0.921569,1.50043,0.921569,1.33749,0.921569,All
1.374,0.923529,1.40312,0.923529,1.24376,0.923529,1.51829,0.923529,1.54801,0.923529,1.73905,0.923529,1.51767,0.923529,1.34925,0.923529,All
1.38694,0.92549,1.41724,0.92549,1.24745,0.92549,1.53246,0.92549,1.59037,0.92549,1.75927,0.92549,1.5197,0.92549,1.35197,0.92549,All
1.39425,0.927451,1.42644,0.927451,1.24916,0.927451,1.55046,0.927451,1.60247,0.927451,1.76462,0.927451,1.52333,0.927451,1.35247,0.927451,All
1.4151,0.929412,1.43457,0.929412,1.2722,0.929412,1.55871,0.929412,1.61826,0.929412,1.76524,0.929412,1.59999,0.929412,1.3541,0.929412,All
1.43343,0.931373,1.44456,0.931373,1.27757,0.931373,1.56118,0.931373,1.61857,0.931373,1.76624,0.931373,1.60231,0.931373,1.35879,0.931373,All
1.43376,0.933333,1.47356,0.933333,1.28731,0.933333,1.57223,0.933333,1.65112,0.933333,1.78798,0.933333,1.6441,0.933333,1.37343,0.933333,All
1.4353,0.935294,1.48059,0.935294,1.30679,0.935294,1.57654,0.935294,1.67271,0.935294,1.81972,0.935294,1.67345,0.935294,1.37732,0.935294,All
1.46849,0.937255,1.4966,0.937255,1.3223,0.937255,1.58128,0.937255,1.67489,0.937255,1.85015,0.937255,1.68231,0.937255,1.38147,0.937255,All
1.47873,0.939216,1.52641,0.939216,1.32466,0.939216,1.58465,0.939216,1.70564,0.939216,1.86447,0.939216,1.68765,0.939216,1.40652,0.939216,All
1.48186,0.941176,1.5316,0.941176,1.33368,0.941176,1.58473,0.941176,1.71498,0.941176,1.86531,0.941176,1.69114,0.941176,1.4075,0.941176,All
1.49636,0.943137,1.54588,0.943137,1.34438,0.943137,1.58665,0.943137,1.72553,0.943137,1.86707,0.943137,1.71355,0.943137,1.42662,0.943137,All
1.5029,0.945098,1.54643,0.945098,1.35787,0.945098,1.59806,0.945098,1.73713,0.945098,1.88788,0.945098,1.71385,0.945098,1.4661,0.945098,All
1.54099,0.947059,1.57575,0.947059,1.37134,0.947059,1.62015,0.947059,1.74383,0.947059,1.90449,0.947059,1.73759,0.947059,1.4731,0.947059,All
1.59239,0.94902,1.60322,0.94902,1.37178,0.94902,1.62448,0.94902,1.75551,0.94902,1.91601,0.94902,1.75545,0.94902,1.474,0.94902,All
1.66919,0.95098,1.60485,0.95098,1.39673,0.95098,1.64094,0.95098,1.7827,0.95098,1.92005,0.95098,1.76251,0.95098,1.47716,0.95098,All
1.71847,0.952941,1.60627,0.952941,1.46981,0.952941,1.64685,0.952941,1.79449,0.952941,1.92679,0.952941,1.77362,0.952941,1.48472,0.952941,All
1.7982,0.954902,1.61969,0.954902,1.48827,0.954902,1.656,0.954902,1.80347,0.954902,1.96853,0.954902,1.79056,0.954902,1.49033,0.954902,All
1.92497,0.956863,1.62023,0.956863,1.50741,0.956863,1.68647,0.956863,1.8051,0.956863,1.97937,0.956863,1.80341,0.956863,1.50455,0.956863,All
1.9868,0.958824,1.63448,0.958824,1.53296,0.958824,1.78066,0.958824,1.81588,0.958824,1.98005,0.958824,1.89326,0.958824,1.5079,0.958824,All
2.00552,0.960784,1.6403,0.960784,1.60549,0.960784,1.78337,0.960784,1.84006,0.960784,1.99511,0.960784,1.91066,0.960784,1.52771,0.960784,All
2.03394,0.962745,1.69815,0.962745,1.62936,0.962745,1.82107,0.962745,1.85581,0.962745,2.00323,0.962745,1.92344,0.962745,1.55205,0.962745,All
2.08043,0.964706,1.70815,0.964706,1.63134,0.964706,1.84,0.964706,1.86771,0.964706,2.04216,0.964706,1.95337,0.964706,1.61121,0.964706,All
2.10877,0.966667,1.75264,0.966667,1.70727,0.966667,1.8828,0.966667,1.87344,0.966667,2.14157,0.966667,1.95489,0.966667,1.61796,0.966667,All
2.21785,0.968627,1.77094,0.968627,1.71615,0.968627,1.88711,0.968627,1.88056,0.968627,2.15018,0.968627,1.95796,0.968627,1.63237,0.968627,All
2.22775,0.970588,1.77248,0.970588,1.72069,0.970588,1.9289,0.970588,1.94378,0.970588,2.15428,0.970588,1.9689,0.970588,1.63289,0.970588,All
2.24795,0.972549,1.8095,0.972549,1.73362,0.972549,1.94512,0.972549,1.96973,0.972549,2.1768,0.972549,2.12787,0.972549,1.69035,0.972549,All
2.4341,0.97451,1.826,0.97451,1.77162,0.97451,1.9487,0.97451,2.05603,0.97451,2.18391,0.97451,2.17408,0.97451,1.8263,0.97451,All
2.46762,0.976471,1.90054,0.976471,1.77868,0.976471,1.98245,0.976471,2.06002,0.976471,2.1897,0.976471,2.17866,0.976471,1.85362,0.976471,All
2.47581,0.978431,1.9282,0.978431,1.80436,0.978431,2.03889,0.978431,2.14477,0.978431,2.19765,0.978431,2.21131,0.978431,1.86452,0.978431,All
2.57069,0.980392,1.94668,0.980392,1.81386,0.980392,2.04336,0.980392,2.15664,0.980392,2.20799,0.980392,2.31002,0.980392,1.8753,0.980392,All
2.57993,0.982353,1.95555,0.982353,1.88297,0.982353,2.09653,0.982353,2.2085,0.982353,2.21952,0.982353,2.3483,0.982353,1.91292,0.982353,All
2.6104,0.984314,1.96603,0.984314,1.88586,0.984314,2.18737,0.984314,2.32059,0.984314,2.25565,0.984314,2.34912,0.984314,1.91881,0.984314,All
2.62547,0.986275,2.13228,0.986275,1.99772,0.986275,2.21591,0.986275,2.35225,0.986275,2.25705,0.986275,2.38966,0.986275,1.97454,0.986275,All
2.66095,0.988235,2.19032,0.988235,2.07677,0.988235,2.37417,0.988235,2.39508,0.988235,2.40167,0.988235,2.47874,0.988235,1.97464,0.988235,All
2.68958,0.990196,2.33053,0.990196,2.11154,0.990196,2.40471,0.990196,2.41662,0.990196,2.42979,0.990196,2.50365,0.990196,2.20328,0.990196,All
2.76407,0.992157,2.33518,0.992157,2.13156,0.992157,2.45011,0.992157,2.65615,0.992157,2.49918,0.992157,2.51194,0.992157,2.2182,0.992157,All
2.82984,0.994118,2.35338,0.994118,2.16795,0.994118,2.49822,0.994118,2.7038,0.994118,2.62173,0.994118,2.51942,0.994118,2.36465,0.994118,All
2.92046,0.996078,2.41008,0.996078,2.25681,0.996078,2.61497,0.996078,2.71098,0.996078,2.63002,0.996078,2.63845,0.996078,2.7702,0.996078,All
2.99514,0.998039,2.66919,0.998039,2.45809,0.998039,2.63074,0.998039,2.75293,0.998039,2.65039,0.998039,2.66572,0.998039,2.80052,0.998039,All
3.10298,1,3.56814,1,2.84128,1,3.65847,1,2.77702,1,2.66237,1,2.90072,1,2.88261,1,All
4,1,4,1,4,1,4,1,4,1,4,1,4,1,4,1,All
