"x"
-1.692371
0.182316
-0.632573
-1.204985
-0.260303
-1.533493
-0.620835
-0.740295
-0.43993
-0.826286
-0.216616
-1.023283
-0.465347
-0.270347
0.70394
-0.250425
-0.876422
-0.891806
-0.621312
-0.553061
-0.348414
-1.073096
-0.742908
-0.512755
-0.669951
-1.098887
-1.240977
-0.403113
-0.351324
-0.382416
-0.325965
-0.785777
-0.161883
-0.138296
1.293125
-0.837056
-0.667325
-1.192991
-1.732854
-0.337912
-0.346452
-1.013365
-1.156342
-1.196176
-0.533728
-1.263631
-0.362341
-0.741009
-1.786969
-0.682594
-0.71696
