initT_abscissa,initT_cdf,dS_abscissa,dS_cdf,lBt0_abscissa,lBt0_cdf,dI_abscissa,dI_cdf,n_abscissa,n_cdf,split
-4,0,-4,0,-4,0,-4,0,-4,0,All
-3.14319,0.00204082,-2.13244,0.00204082,-2.37819,0.00204082,-2.11833,0.00204082,-2.31332,0.00204082,All
-3.02653,0.00408163,-2.05328,0.00408163,-2.36388,0.00408163,-1.96696,0.00408163,-2.25714,0.00408163,All
-2.18289,0.00612245,-2.01471,0.00612245,-2.34313,0.00612245,-1.90083,0.00612245,-2.2177,0.00612245,All
-2.13737,0.00816327,-1.98331,0.00816327,-2.34271,0.00816327,-1.87976,0.00816327,-2.13549,0.00816327,All
-2.12743,0.0102041,-1.96544,0.0102041,-2.28802,0.0102041,-1.87098,0.0102041,-2.0603,0.0102041,All
-2.09512,0.0122449,-1.95512,0.0122449,-2.11957,0.0122449,-1.83846,0.0122449,-2.02404,0.0122449,All
-2.05075,0.0142857,-1.93746,0.0142857,-2.05339,0.0142857,-1.76567,0.0142857,-1.96623,0.0142857,All
-2.04791,0.0163265,-1.92247,0.0163265,-1.98782,0.0163265,-1.76352,0.0163265,-1.96117,0.0163265,All
-2.02484,0.0183673,-1.90296,0.0183673,-1.94712,0.0183673,-1.73016,0.0183673,-1.95664,0.0183673,All
-2.01866,0.0204082,-1.88355,0.0204082,-1.91661,0.0204082,-1.72088,0.0204082,-1.94031,0.0204082,All
-1.95301,0.022449,-1.87433,0.022449,-1.88291,0.022449,-1.67896,0.022449,-1.92579,0.022449,All
-1.94055,0.0244898,-1.85152,0.0244898,-1.87585,0.0244898,-1.6653,0.0244898,-1.91159,0.0244898,All
-1.92391,0.0265306,-1.82683,0.0265306,-1.84402,0.0265306,-1.66097,0.0265306,-1.84904,0.0265306,All
-1.88961,0.0285714,-1.81807,0.0285714,-1.83726,0.0285714,-1.65745,0.0285714,-1.84635,0.0285714,All
-1.8285,0.0306122,-1.81374,0.0306122,-1.82447,0.0306122,-1.6521,0.0306122,-1.83671,0.0306122,All
-1.82453,0.0326531,-1.80731,0.0326531,-1.80224,0.0326531,-1.65087,0.0326531,-1.80714,0.0326531,All
-1.82441,0.0346939,-1.78514,0.0346939,-1.78103,0.0346939,-1.63317,0.0346939,-1.78824,0.0346939,All
-1.73887,0.0367347,-1.76445,0.0367347,-1.77165,0.0367347,-1.56668,0.0367347,-1.76882,0.0367347,All
-1.70127,0.0387755,-1.74947,0.0387755,-1.74077,0.0387755,-1.5651,0.0387755,-1.76273,0.0387755,All
-1.66531,0.0408163,-1.74792,0.0408163,-1.71599,0.0408163,-1.56501,0.0408163,-1.75668,0.0408163,All
-1.63486,0.0428571,-1.73012,0.0428571,-1.68597,0.0428571,-1.55401,0.0428571,-1.73767,0.0428571,All
-1.62742,0.044898,-1.72548,0.044898,-1.68384,0.044898,-1.54505,0.044898,-1.73373,0.044898,All
-1.6267,0.0469388,-1.72492,0.0469388,-1.67236,0.0469388,-1.52419,0.0469388,-1.69677,0.0469388,All
-1.59434,0.0489796,-1.72177,0.0489796,-1.65514,0.0489796,-1.49433,0.0489796,-1.69007,0.0489796,All
-1.59171,0.0510204,-1.70238,0.0510204,-1.65324,0.0510204,-1.48869,0.0510204,-1.68723,0.0510204,All
-1.51607,0.0530612,-1.68421,0.0530612,-1.65013,0.0530612,-1.47925,0.0530612,-1.67618,0.0530612,All
-1.49375,0.055102,-1.67636,0.055102,-1.64969,0.055102,-1.47785,0.055102,-1.65563,0.055102,All
-1.48953,0.0571429,-1.62991,0.0571429,-1.63614,0.0571429,-1.44895,0.0571429,-1.65032,0.0571429,All
-1.45495,0.0591837,-1.62396,0.0591837,-1.62827,0.0591837,-1.44878,0.0591837,-1.64539,0.0591837,All
-1.38917,0.0612245,-1.61531,0.0612245,-1.62566,0.0612245,-1.36549,0.0612245,-1.62789,0.0612245,All
-1.38868,0.0632653,-1.61258,0.0632653,-1.61583,0.0632653,-1.35614,0.0632653,-1.62424,0.0632653,All
-1.37398,0.0653061,-1.60624,0.0653061,-1.61397,0.0653061,-1.34326,0.0653061,-1.61279,0.0653061,All
-1.36599,0.0673469,-1.60451,0.0673469,-1.60606,0.0673469,-1.34145,0.0673469,-1.5898,0.0673469,All
-1.30828,0.0693878,-1.58316,0.0693878,-1.59289,0.0693878,-1.33139,0.0693878,-1.58935,0.0693878,All
-1.28168,0.0714286,-1.57237,0.0714286,-1.57395,0.0714286,-1.32344,0.0714286,-1.57891,0.0714286,All
-1.27987,0.0734694,-1.54658,0.0734694,-1.56568,0.0734694,-1.2497,0.0734694,-1.5616,0.0734694,All
-1.27006,0.0755102,-1.54176,0.0755102,-1.56529,0.0755102,-1.22578,0.0755102,-1.55314,0.0755102,All
-1.26475,0.077551,-1.52032,0.077551,-1.55991,0.077551,-1.21651,0.077551,-1.52929,0.077551,All
-1.26155,0.0795918,-1.51465,0.0795918,-1.55973,0.0795918,-1.21118,0.0795918,-1.52485,0.0795918,All
-1.25879,0.0816327,-1.50769,0.0816327,-1.54659,0.0816327,-1.20948,0.0816327,-1.52339,0.0816327,All
-1.25149,0.0836735,-1.49933,0.0836735,-1.54497,0.0836735,-1.19275,0.0836735,-1.47136,0.0836735,All
-1.23674,0.0857143,-1.49524,0.0857143,-1.50765,0.0857143,-1.19233,0.0857143,-1.44131,0.0857143,All
-1.23121,0.0877551,-1.49498,0.0877551,-1.50148,0.0877551,-1.19205,0.0877551,-1.44127,0.0877551,All
-1.21229,0.0897959,-1.48662,0.0897959,-1.49639,0.0897959,-1.19055,0.0897959,-1.43859,0.0897959,All
-1.18796,0.0918367,-1.48062,0.0918367,-1.48865,0.0918367,-1.17662,0.0918367,-1.43706,0.0918367,All
-1.18718,0.0938776,-1.43739,0.0938776,-1.47709,0.0938776,-1.17309,0.0938776,-1.43625,0.0938776,All
-1.18001,0.0959184,-1.41399,0.0959184,-1.47372,0.0959184,-1.17092,0.0959184,-1.43069,0.0959184,All
-1.16807,0.0979592,-1.40644,0.0979592,-1.47289,0.0979592,-1.16762,0.0979592,-1.43017,0.0979592,All
-1.16564,0.1,-1.39795,0.1,-1.47109,0.1,-1.15334,0.1,-1.42817,0.1,All
-1.14777,0.102041,-1.39329,0.102041,-1.46726,0.102041,-1.14472,0.102041,-1.42342,0.102041,All
-1.14008,0.104082,-1.38702,0.104082,-1.46136,0.104082,-1.14115,0.104082,-1.41661,0.104082,All
-1.13343,0.106122,-1.38413,0.106122,-1.45923,0.106122,-1.13803,0.106122,-1.41567,0.106122,All
-1.1323,0.108163,-1.37304,0.108163,-1.455,0.108163,-1.13184,0.108163,-1.40863,0.108163,All
-1.1302,0.110204,-1.37208,0.110204,-1.43568,0.110204,-1.09916,0.110204,-1.38713,0.110204,All
-1.11225,0.112245,-1.35891,0.112245,-1.41645,0.112245,-1.0949,0.112245,-1.38658,0.112245,All
-1.10741,0.114286,-1.35717,0.114286,-1.4139,0.114286,-1.08324,0.114286,-1.38196,0.114286,All
-1.09431,0.116327,-1.35506,0.116327,-1.39581,0.116327,-1.0641,0.116327,-1.38157,0.116327,All
-1.08628,0.118367,-1.35087,0.118367,-1.39346,0.118367,-1.06293,0.118367,-1.37479,0.118367,All
-1.07396,0.120408,-1.33267,0.120408,-1.37097,0.120408,-1.05994,0.120408,-1.37158,0.120408,All
-1.07221,0.122449,-1.32856,0.122449,-1.35392,0.122449,-1.05962,0.122449,-1.3661,0.122449,All
-1.07004,0.12449,-1.31433,0.12449,-1.34906,0.12449,-1.05862,0.12449,-1.36399,0.12449,All
-1.05738,0.126531,-1.30182,0.126531,-1.3261,0.126531,-1.0393,0.126531,-1.34909,0.126531,All
-1.03394,0.128571,-1.29414,0.128571,-1.31576,0.128571,-1.03267,0.128571,-1.3234,0.128571,All
-1.02372,0.130612,-1.27732,0.130612,-1.29731,0.130612,-1.03058,0.130612,-1.31934,0.130612,All
-1.0218,0.132653,-1.27715,0.132653,-1.29409,0.132653,-1.02467,0.132653,-1.29201,0.132653,All
-1.02066,0.134694,-1.27617,0.134694,-1.29105,0.134694,-1.02141,0.134694,-1.276,0.134694,All
-1.01823,0.136735,-1.27383,0.136735,-1.28877,0.136735,-1.01615,0.136735,-1.27504,0.136735,All
-1.0173,0.138776,-1.27334,0.138776,-1.28831,0.138776,-1.00562,0.138776,-1.27184,0.138776,All
-0.98909,0.140816,-1.27009,0.140816,-1.28273,0.140816,-1.00211,0.140816,-1.26355,0.140816,All
-0.989059,0.142857,-1.24875,0.142857,-1.27725,0.142857,-0.99537,0.142857,-1.24108,0.142857,All
-0.981536,0.144898,-1.24302,0.144898,-1.27415,0.144898,-0.992506,0.144898,-1.23003,0.144898,All
-0.977704,0.146939,-1.23605,0.146939,-1.26581,0.146939,-0.981985,0.146939,-1.21033,0.146939,All
-0.969608,0.14898,-1.2328,0.14898,-1.25944,0.14898,-0.976895,0.14898,-1.20431,0.14898,All
-0.967556,0.15102,-1.21452,0.15102,-1.25342,0.15102,-0.963909,0.15102,-1.20264,0.15102,All
-0.96742,0.153061,-1.20454,0.153061,-1.24748,0.153061,-0.958947,0.153061,-1.20116,0.153061,All
-0.95578,0.155102,-1.19936,0.155102,-1.24153,0.155102,-0.954124,0.155102,-1.19425,0.155102,All
-0.94599,0.157143,-1.17614,0.157143,-1.23032,0.157143,-0.947933,0.157143,-1.19328,0.157143,All
-0.930269,0.159184,-1.14803,0.159184,-1.21749,0.159184,-0.943068,0.159184,-1.17568,0.159184,All
-0.925768,0.161224,-1.14468,0.161224,-1.19464,0.161224,-0.940719,0.161224,-1.17514,0.161224,All
-0.908906,0.163265,-1.14455,0.163265,-1.1728,0.163265,-0.933073,0.163265,-1.16846,0.163265,All
-0.905128,0.165306,-1.14213,0.165306,-1.16922,0.165306,-0.930827,0.165306,-1.15799,0.165306,All
-0.902512,0.167347,-1.13329,0.167347,-1.13228,0.167347,-0.928962,0.167347,-1.15792,0.167347,All
-0.894773,0.169388,-1.13025,0.169388,-1.12336,0.169388,-0.922732,0.169388,-1.14763,0.169388,All
-0.887151,0.171429,-1.12462,0.171429,-1.11921,0.171429,-0.919033,0.171429,-1.14621,0.171429,All
-0.880855,0.173469,-1.12195,0.173469,-1.10462,0.173469,-0.916167,0.173469,-1.14324,0.173469,All
-0.877811,0.17551,-1.11794,0.17551,-1.09482,0.17551,-0.910169,0.17551,-1.14318,0.17551,All
-0.873789,0.177551,-1.11739,0.177551,-1.08176,0.177551,-0.908816,0.177551,-1.14245,0.177551,All
-0.86761,0.179592,-1.10447,0.179592,-1.07408,0.179592,-0.905197,0.179592,-1.13967,0.179592,All
-0.859855,0.181633,-1.10386,0.181633,-1.0738,0.181633,-0.90169,0.181633,-1.13884,0.181633,All
-0.856694,0.183673,-1.0947,0.183673,-1.06993,0.183673,-0.897601,0.183673,-1.13279,0.183673,All
-0.837448,0.185714,-1.09307,0.185714,-1.05617,0.185714,-0.888241,0.185714,-1.11995,0.185714,All
-0.836996,0.187755,-1.06901,0.187755,-1.03897,0.187755,-0.888063,0.187755,-1.11419,0.187755,All
-0.8359,0.189796,-1.06115,0.189796,-1.01805,0.189796,-0.882185,0.189796,-1.11374,0.189796,All
-0.829336,0.191837,-1.04994,0.191837,-1.0163,0.191837,-0.879044,0.191837,-1.09196,0.191837,All
-0.814574,0.193878,-1.03745,0.193878,-1.01435,0.193878,-0.876034,0.193878,-1.08152,0.193878,All
-0.811698,0.195918,-1.03634,0.195918,-0.994346,0.195918,-0.874137,0.195918,-1.07544,0.195918,All
-0.806648,0.197959,-1.02948,0.197959,-0.990948,0.197959,-0.870384,0.197959,-1.07415,0.197959,All
-0.806064,0.2,-1.02904,0.2,-0.964115,0.2,-0.869721,0.2,-1.06264,0.2,All
-0.803204,0.202041,-1.02545,0.202041,-0.948557,0.202041,-0.869113,0.202041,-1.0623,0.202041,All
-0.802749,0.204082,-1.0091,0.204082,-0.928476,0.204082,-0.856556,0.204082,-1.04782,0.204082,All
-0.785854,0.206122,-0.990745,0.206122,-0.91909,0.206122,-0.855446,0.206122,-1.04434,0.206122,All
-0.78245,0.208163,-0.989335,0.208163,-0.9171,0.208163,-0.854832,0.208163,-1.03755,0.208163,All
-0.777322,0.210204,-0.984549,0.210204,-0.912197,0.210204,-0.849508,0.210204,-1.00776,0.210204,All
-0.773151,0.212245,-0.982234,0.212245,-0.906191,0.212245,-0.845919,0.212245,-1.00657,0.212245,All
-0.770401,0.214286,-0.981949,0.214286,-0.89961,0.214286,-0.833401,0.214286,-1.00448,0.214286,All
-0.763383,0.216327,-0.974713,0.216327,-0.889475,0.216327,-0.822744,0.216327,-1.00101,0.216327,All
-0.762041,0.218367,-0.973988,0.218367,-0.887387,0.218367,-0.815996,0.218367,-0.994968,0.218367,All
-0.759229,0.220408,-0.945292,0.220408,-0.883983,0.220408,-0.807413,0.220408,-0.975385,0.220408,All
-0.756126,0.222449,-0.942844,0.222449,-0.870417,0.222449,-0.796936,0.222449,-0.970178,0.222449,All
-0.755578,0.22449,-0.910342,0.22449,-0.868689,0.22449,-0.786158,0.22449,-0.96692,0.22449,All
-0.751824,0.226531,-0.90219,0.226531,-0.86749,0.226531,-0.78231,0.226531,-0.943102,0.226531,All
-0.728246,0.228571,-0.893774,0.228571,-0.844279,0.228571,-0.78172,0.228571,-0.926302,0.228571,All
-0.722723,0.230612,-0.890245,0.230612,-0.842053,0.230612,-0.781489,0.230612,-0.915067,0.230612,All
-0.721774,0.232653,-0.887448,0.232653,-0.839703,0.232653,-0.779984,0.232653,-0.911766,0.232653,All
-0.707579,0.234694,-0.886942,0.234694,-0.825126,0.234694,-0.777819,0.234694,-0.9091,0.234694,All
-0.707243,0.236735,-0.879524,0.236735,-0.811008,0.236735,-0.767116,0.236735,-0.90481,0.236735,All
-0.699711,0.238776,-0.874192,0.238776,-0.782943,0.238776,-0.762369,0.238776,-0.894145,0.238776,All
-0.697945,0.240816,-0.856945,0.240816,-0.777347,0.240816,-0.758992,0.240816,-0.877377,0.240816,All
-0.688468,0.242857,-0.84307,0.242857,-0.765029,0.242857,-0.757946,0.242857,-0.864355,0.242857,All
-0.68737,0.244898,-0.841296,0.244898,-0.762931,0.244898,-0.75434,0.244898,-0.859566,0.244898,All
-0.681793,0.246939,-0.839516,0.246939,-0.755725,0.246939,-0.750228,0.246939,-0.856818,0.246939,All
-0.681489,0.24898,-0.835993,0.24898,-0.738355,0.24898,-0.748043,0.24898,-0.838914,0.24898,All
-0.680315,0.25102,-0.832179,0.25102,-0.732117,0.25102,-0.74405,0.25102,-0.797575,0.25102,All
-0.669274,0.253061,-0.828663,0.253061,-0.725927,0.253061,-0.736292,0.253061,-0.795272,0.253061,All
-0.663639,0.255102,-0.827152,0.255102,-0.690072,0.255102,-0.727764,0.255102,-0.793829,0.255102,All
-0.661027,0.257143,-0.81801,0.257143,-0.688283,0.257143,-0.720201,0.257143,-0.786929,0.257143,All
-0.660444,0.259184,-0.81411,0.259184,-0.685842,0.259184,-0.709338,0.259184,-0.757391,0.259184,All
-0.645051,0.261224,-0.804077,0.261224,-0.67884,0.261224,-0.707473,0.261224,-0.75168,0.261224,All
-0.641069,0.263265,-0.797252,0.263265,-0.661509,0.263265,-0.705954,0.263265,-0.745399,0.263265,All
-0.623143,0.265306,-0.789141,0.265306,-0.660079,0.265306,-0.698639,0.265306,-0.745333,0.265306,All
-0.59501,0.267347,-0.788999,0.267347,-0.660053,0.267347,-0.697689,0.267347,-0.744992,0.267347,All
-0.590679,0.269388,-0.784869,0.269388,-0.656446,0.269388,-0.6976,0.269388,-0.743614,0.269388,All
-0.589944,0.271429,-0.782562,0.271429,-0.650887,0.271429,-0.694675,0.271429,-0.733018,0.271429,All
-0.589462,0.273469,-0.775149,0.273469,-0.641915,0.273469,-0.683098,0.273469,-0.729115,0.273469,All
-0.582176,0.27551,-0.775004,0.27551,-0.633814,0.27551,-0.678992,0.27551,-0.724822,0.27551,All
-0.58171,0.277551,-0.768783,0.277551,-0.632641,0.277551,-0.677491,0.277551,-0.706889,0.277551,All
-0.562696,0.279592,-0.765261,0.279592,-0.632563,0.279592,-0.674231,0.279592,-0.703059,0.279592,All
-0.555862,0.281633,-0.759194,0.281633,-0.62606,0.281633,-0.672483,0.281633,-0.662885,0.281633,All
-0.551715,0.283673,-0.753653,0.283673,-0.619302,0.283673,-0.666601,0.283673,-0.660079,0.283673,All
-0.550966,0.285714,-0.746227,0.285714,-0.619037,0.285714,-0.666477,0.285714,-0.654453,0.285714,All
-0.550825,0.287755,-0.737845,0.287755,-0.615466,0.287755,-0.663899,0.287755,-0.632141,0.287755,All
-0.538401,0.289796,-0.732519,0.289796,-0.614073,0.289796,-0.662763,0.289796,-0.629486,0.289796,All
-0.535066,0.291837,-0.714013,0.291837,-0.613182,0.291837,-0.657806,0.291837,-0.628985,0.291837,All
-0.526239,0.293878,-0.708165,0.293878,-0.596934,0.293878,-0.657579,0.293878,-0.627361,0.293878,All
-0.508065,0.295918,-0.705612,0.295918,-0.584976,0.295918,-0.655888,0.295918,-0.622275,0.295918,All
-0.507413,0.297959,-0.702692,0.297959,-0.562376,0.297959,-0.643375,0.297959,-0.620136,0.297959,All
-0.506788,0.3,-0.701787,0.3,-0.55841,0.3,-0.642735,0.3,-0.619294,0.3,All
-0.502098,0.302041,-0.700911,0.302041,-0.549472,0.302041,-0.631141,0.302041,-0.599376,0.302041,All
-0.501835,0.304082,-0.699761,0.304082,-0.544334,0.304082,-0.615066,0.304082,-0.598649,0.304082,All
-0.496108,0.306122,-0.696827,0.306122,-0.544271,0.306122,-0.614925,0.306122,-0.591475,0.306122,All
-0.48965,0.308163,-0.692143,0.308163,-0.543639,0.308163,-0.611986,0.308163,-0.588499,0.308163,All
-0.484751,0.310204,-0.68817,0.310204,-0.537093,0.310204,-0.611798,0.310204,-0.588152,0.310204,All
-0.455012,0.312245,-0.687626,0.312245,-0.533892,0.312245,-0.611587,0.312245,-0.581538,0.312245,All
-0.452289,0.314286,-0.683168,0.314286,-0.519206,0.314286,-0.610943,0.314286,-0.579009,0.314286,All
-0.451626,0.316327,-0.68123,0.316327,-0.507929,0.316327,-0.604353,0.316327,-0.57467,0.316327,All
-0.449831,0.318367,-0.680009,0.318367,-0.49605,0.318367,-0.604009,0.318367,-0.572918,0.318367,All
-0.444291,0.320408,-0.66487,0.320408,-0.492678,0.320408,-0.599631,0.320408,-0.564464,0.320408,All
-0.418395,0.322449,-0.659319,0.322449,-0.483952,0.322449,-0.586504,0.322449,-0.562753,0.322449,All
-0.407786,0.32449,-0.657966,0.32449,-0.483032,0.32449,-0.586309,0.32449,-0.55519,0.32449,All
-0.401425,0.326531,-0.65591,0.326531,-0.470192,0.326531,-0.5679,0.326531,-0.55461,0.326531,All
-0.399756,0.328571,-0.650056,0.328571,-0.466963,0.328571,-0.564569,0.328571,-0.55194,0.328571,All
-0.395607,0.330612,-0.64861,0.330612,-0.454403,0.330612,-0.561471,0.330612,-0.528549,0.330612,All
-0.391417,0.332653,-0.647176,0.332653,-0.446579,0.332653,-0.55595,0.332653,-0.508553,0.332653,All
-0.389282,0.334694,-0.640403,0.334694,-0.438073,0.334694,-0.548212,0.334694,-0.502085,0.334694,All
-0.38811,0.336735,-0.629279,0.336735,-0.430114,0.336735,-0.545278,0.336735,-0.50112,0.336735,All
-0.386384,0.338776,-0.6287,0.338776,-0.427777,0.338776,-0.541433,0.338776,-0.498085,0.338776,All
-0.382742,0.340816,-0.626481,0.340816,-0.419542,0.340816,-0.540649,0.340816,-0.496665,0.340816,All
-0.378463,0.342857,-0.626013,0.342857,-0.405643,0.342857,-0.529224,0.342857,-0.489335,0.342857,All
-0.360346,0.344898,-0.622872,0.344898,-0.37798,0.344898,-0.528588,0.344898,-0.484935,0.344898,All
-0.35361,0.346939,-0.615841,0.346939,-0.376475,0.346939,-0.509065,0.346939,-0.483018,0.346939,All
-0.339091,0.34898,-0.593181,0.34898,-0.366651,0.34898,-0.506461,0.34898,-0.482588,0.34898,All
-0.3212,0.35102,-0.5901,0.35102,-0.353188,0.35102,-0.505539,0.35102,-0.475563,0.35102,All
-0.31779,0.353061,-0.584547,0.353061,-0.348683,0.353061,-0.500603,0.353061,-0.472617,0.353061,All
-0.306057,0.355102,-0.582601,0.355102,-0.346636,0.355102,-0.495133,0.355102,-0.468502,0.355102,All
-0.305696,0.357143,-0.580898,0.357143,-0.338583,0.357143,-0.492116,0.357143,-0.468096,0.357143,All
-0.30444,0.359184,-0.577611,0.359184,-0.337739,0.359184,-0.489504,0.359184,-0.457517,0.359184,All
-0.294697,0.361224,-0.575031,0.361224,-0.33096,0.361224,-0.489343,0.361224,-0.408713,0.361224,All
-0.286874,0.363265,-0.573797,0.363265,-0.303315,0.363265,-0.487972,0.363265,-0.404585,0.363265,All
-0.279764,0.365306,-0.569309,0.365306,-0.301582,0.365306,-0.487705,0.365306,-0.401782,0.365306,All
-0.260773,0.367347,-0.56435,0.367347,-0.297374,0.367347,-0.482919,0.367347,-0.369965,0.367347,All
-0.257455,0.369388,-0.562799,0.369388,-0.294632,0.369388,-0.482636,0.369388,-0.36219,0.369388,All
-0.254568,0.371429,-0.558205,0.371429,-0.292216,0.371429,-0.479214,0.371429,-0.355759,0.371429,All
-0.252545,0.373469,-0.554964,0.373469,-0.282605,0.373469,-0.473267,0.373469,-0.354566,0.373469,All
-0.247187,0.37551,-0.545654,0.37551,-0.278264,0.37551,-0.472708,0.37551,-0.352058,0.37551,All
-0.243542,0.377551,-0.53657,0.377551,-0.272688,0.377551,-0.47033,0.377551,-0.333112,0.377551,All
-0.238011,0.379592,-0.532176,0.379592,-0.261079,0.379592,-0.469389,0.379592,-0.33269,0.379592,All
-0.237834,0.381633,-0.526827,0.381633,-0.247473,0.381633,-0.45848,0.381633,-0.3277,0.381633,All
-0.231194,0.383673,-0.516423,0.383673,-0.243712,0.383673,-0.452131,0.383673,-0.326434,0.383673,All
-0.229736,0.385714,-0.505571,0.385714,-0.238647,0.385714,-0.450099,0.385714,-0.313213,0.385714,All
-0.225004,0.387755,-0.504921,0.387755,-0.234954,0.387755,-0.448919,0.387755,-0.308725,0.387755,All
-0.213801,0.389796,-0.503088,0.389796,-0.225102,0.389796,-0.447908,0.389796,-0.298897,0.389796,All
-0.208698,0.391837,-0.499545,0.391837,-0.205393,0.391837,-0.434794,0.391837,-0.284627,0.391837,All
-0.198507,0.393878,-0.497391,0.393878,-0.201096,0.393878,-0.410411,0.393878,-0.280807,0.393878,All
-0.194991,0.395918,-0.494572,0.395918,-0.201041,0.395918,-0.399731,0.395918,-0.278348,0.395918,All
-0.194467,0.397959,-0.486614,0.397959,-0.201038,0.397959,-0.387895,0.397959,-0.276754,0.397959,All
-0.194109,0.4,-0.484366,0.4,-0.198551,0.4,-0.38215,0.4,-0.275721,0.4,All
-0.191218,0.402041,-0.478839,0.402041,-0.198485,0.402041,-0.382142,0.402041,-0.272304,0.402041,All
-0.190538,0.404082,-0.47755,0.404082,-0.197028,0.404082,-0.371736,0.404082,-0.269851,0.404082,All
-0.185145,0.406122,-0.462037,0.406122,-0.194781,0.406122,-0.368883,0.406122,-0.235985,0.406122,All
-0.184796,0.408163,-0.451587,0.408163,-0.193455,0.408163,-0.361376,0.408163,-0.235746,0.408163,All
-0.178551,0.410204,-0.437192,0.410204,-0.189397,0.410204,-0.350497,0.410204,-0.230996,0.410204,All
-0.173219,0.412245,-0.424781,0.412245,-0.189006,0.412245,-0.348547,0.412245,-0.219695,0.412245,All
-0.167404,0.414286,-0.424294,0.414286,-0.185783,0.414286,-0.343364,0.414286,-0.219055,0.414286,All
-0.162988,0.416327,-0.423825,0.416327,-0.183755,0.416327,-0.336659,0.416327,-0.217598,0.416327,All
-0.149752,0.418367,-0.417444,0.418367,-0.158939,0.418367,-0.332949,0.418367,-0.2077,0.418367,All
-0.14672,0.420408,-0.408146,0.420408,-0.153211,0.420408,-0.323139,0.420408,-0.181217,0.420408,All
-0.142734,0.422449,-0.401194,0.422449,-0.130977,0.422449,-0.317976,0.422449,-0.177686,0.422449,All
-0.137803,0.42449,-0.40031,0.42449,-0.1167,0.42449,-0.315952,0.42449,-0.174059,0.42449,All
-0.134409,0.426531,-0.398849,0.426531,-0.116031,0.426531,-0.310503,0.426531,-0.171804,0.426531,All
-0.133766,0.428571,-0.395805,0.428571,-0.108734,0.428571,-0.270771,0.428571,-0.17082,0.428571,All
-0.13265,0.430612,-0.39534,0.430612,-0.107699,0.430612,-0.267506,0.430612,-0.153321,0.430612,All
-0.132031,0.432653,-0.392835,0.432653,-0.105969,0.432653,-0.265042,0.432653,-0.145062,0.432653,All
-0.118135,0.434694,-0.38436,0.434694,-0.104395,0.434694,-0.217451,0.434694,-0.142967,0.434694,All
-0.112419,0.436735,-0.367937,0.436735,-0.101235,0.436735,-0.216207,0.436735,-0.137415,0.436735,All
-0.0905832,0.438776,-0.358922,0.438776,-0.100855,0.438776,-0.213409,0.438776,-0.127638,0.438776,All
-0.0859129,0.440816,-0.349304,0.440816,-0.0983207,0.440816,-0.205062,0.440816,-0.125413,0.440816,All
-0.0818173,0.442857,-0.345777,0.442857,-0.0978386,0.442857,-0.198739,0.442857,-0.0936463,0.442857,All
-0.0797134,0.444898,-0.345259,0.444898,-0.0970058,0.444898,-0.197969,0.444898,-0.0870929,0.444898,All
-0.0795317,0.446939,-0.341118,0.446939,-0.0931527,0.446939,-0.185396,0.446939,-0.0751962,0.446939,All
-0.0713356,0.44898,-0.336561,0.44898,-0.0915437,0.44898,-0.183239,0.44898,-0.0733287,0.44898,All
-0.0712662,0.45102,-0.323209,0.45102,-0.0809333,0.45102,-0.176907,0.45102,-0.0682038,0.45102,All
-0.0633272,0.453061,-0.289599,0.453061,-0.0802812,0.453061,-0.172327,0.453061,-0.0653924,0.453061,All
-0.0553741,0.455102,-0.283284,0.455102,-0.0788494,0.455102,-0.172317,0.455102,-0.060746,0.455102,All
-0.0458521,0.457143,-0.281071,0.457143,-0.0783496,0.457143,-0.16948,0.457143,-0.0395397,0.457143,All
-0.0408367,0.459184,-0.277414,0.459184,-0.0767721,0.459184,-0.16727,0.459184,-0.0380166,0.459184,All
-0.0296069,0.461224,-0.270175,0.461224,-0.0743658,0.461224,-0.164961,0.461224,-0.0317721,0.461224,All
-0.0207494,0.463265,-0.268594,0.463265,-0.0741991,0.463265,-0.160541,0.463265,-0.0267176,0.463265,All
-0.0155851,0.465306,-0.26101,0.465306,-0.0730962,0.465306,-0.150392,0.465306,-0.0188592,0.465306,All
-0.014444,0.467347,-0.253317,0.467347,-0.0714506,0.467347,-0.148884,0.467347,-0.000326888,0.467347,All
-0.0122227,0.469388,-0.250298,0.469388,-0.0543301,0.469388,-0.137806,0.469388,0.00761004,0.469388,All
-0.00867873,0.471429,-0.244023,0.471429,-0.0517721,0.471429,-0.105703,0.471429,0.00929236,0.471429,All
0.0023685,0.473469,-0.240044,0.473469,-0.0416057,0.473469,-0.082871,0.473469,0.0200584,0.473469,All
0.00473192,0.47551,-0.237011,0.47551,-0.0388152,0.47551,-0.0816843,0.47551,0.0220204,0.47551,All
0.00968924,0.477551,-0.236431,0.477551,-0.0344636,0.477551,-0.0726082,0.477551,0.0239745,0.477551,All
0.0173846,0.479592,-0.235141,0.479592,-0.0282906,0.479592,-0.0650402,0.479592,0.0345791,0.479592,All
0.0228015,0.481633,-0.233945,0.481633,-0.0206564,0.481633,-0.0615561,0.481633,0.0355637,0.481633,All
0.0268513,0.483673,-0.221512,0.483673,-0.020416,0.483673,-0.0558461,0.483673,0.0361685,0.483673,All
0.0374238,0.485714,-0.208174,0.485714,-0.0200647,0.485714,-0.0510914,0.485714,0.039305,0.485714,All
0.0390368,0.487755,-0.205996,0.487755,-0.010179,0.487755,-0.0500574,0.487755,0.0468637,0.487755,All
0.0396847,0.489796,-0.188562,0.489796,-0.00893083,0.489796,-0.0488901,0.489796,0.0592793,0.489796,All
0.0404167,0.491837,-0.18753,0.491837,-0.00507679,0.491837,-0.0405941,0.491837,0.0614086,0.491837,All
0.042305,0.493878,-0.187268,0.493878,-0.00143703,0.493878,-0.0354205,0.493878,0.0616701,0.493878,All
0.0521592,0.495918,-0.185468,0.495918,0.0119085,0.495918,-0.020087,0.495918,0.0685554,0.495918,All
0.0526172,0.497959,-0.157779,0.497959,0.0192624,0.497959,-0.0186998,0.497959,0.0755362,0.497959,All
0.0554143,0.5,-0.14316,0.5,0.0193595,0.5,-0.0176319,0.5,0.0774853,0.5,All
0.0570295,0.502041,-0.13326,0.502041,0.0236542,0.502041,-0.0169657,0.502041,0.0813597,0.502041,All
0.0697272,0.504082,-0.128262,0.504082,0.0254133,0.504082,-0.0114219,0.504082,0.0841172,0.504082,All
0.0721254,0.506122,-0.121513,0.506122,0.0297079,0.506122,-0.00691824,0.506122,0.0870983,0.506122,All
0.0732698,0.508163,-0.113961,0.508163,0.0305161,0.508163,-0.00497986,0.508163,0.0887009,0.508163,All
0.0829567,0.510204,-0.0939952,0.510204,0.0321433,0.510204,0.000996683,0.510204,0.0904559,0.510204,All
0.0908463,0.512245,-0.0907112,0.512245,0.0330019,0.512245,0.0202039,0.512245,0.0998484,0.512245,All
0.0959284,0.514286,-0.0743061,0.514286,0.0346663,0.514286,0.0218206,0.514286,0.100236,0.514286,All
0.0968473,0.516327,-0.071415,0.516327,0.0355745,0.516327,0.0294916,0.516327,0.100871,0.516327,All
0.098327,0.518367,-0.0562857,0.518367,0.0383863,0.518367,0.029829,0.518367,0.114783,0.518367,All
0.0984034,0.520408,-0.0460643,0.520408,0.0404828,0.520408,0.0316107,0.520408,0.115181,0.520408,All
0.0996949,0.522449,-0.0459349,0.522449,0.0426075,0.522449,0.0387468,0.522449,0.12257,0.522449,All
0.101492,0.52449,-0.0453077,0.52449,0.0503403,0.52449,0.0434992,0.52449,0.131336,0.52449,All
0.10813,0.526531,-0.0400407,0.526531,0.0522259,0.526531,0.0499363,0.526531,0.134694,0.526531,All
0.113213,0.528571,-0.034293,0.528571,0.054147,0.528571,0.0510058,0.528571,0.136322,0.528571,All
0.120446,0.530612,-0.016466,0.530612,0.0599223,0.530612,0.053596,0.530612,0.144948,0.530612,All
0.123493,0.532653,-0.012978,0.532653,0.0682643,0.532653,0.0706309,0.532653,0.151365,0.532653,All
0.12622,0.534694,0.0198334,0.534694,0.0723558,0.534694,0.0849322,0.534694,0.155397,0.534694,All
0.127814,0.536735,0.0231805,0.536735,0.0738288,0.536735,0.0876681,0.536735,0.166465,0.536735,All
0.133837,0.538776,0.0369939,0.538776,0.0950825,0.538776,0.0947809,0.538776,0.172655,0.538776,All
0.134661,0.540816,0.0654456,0.540816,0.0957123,0.540816,0.101293,0.540816,0.186038,0.540816,All
0.140713,0.542857,0.0729555,0.542857,0.0980318,0.542857,0.105901,0.542857,0.19119,0.542857,All
0.152242,0.544898,0.0807882,0.544898,0.0999936,0.544898,0.111577,0.544898,0.197812,0.544898,All
0.156177,0.546939,0.0812558,0.546939,0.105879,0.546939,0.118942,0.546939,0.200775,0.546939,All
0.157957,0.54898,0.0970741,0.54898,0.108963,0.54898,0.136878,0.54898,0.20587,0.54898,All
0.160607,0.55102,0.102028,0.55102,0.109973,0.55102,0.151195,0.55102,0.206375,0.55102,All
0.160682,0.553061,0.105974,0.553061,0.112324,0.553061,0.152424,0.553061,0.209381,0.553061,All
0.16801,0.555102,0.109908,0.555102,0.113111,0.555102,0.157904,0.555102,0.21088,0.555102,All
0.169377,0.557143,0.117435,0.557143,0.119143,0.557143,0.165372,0.557143,0.221919,0.557143,All
0.175262,0.559184,0.117961,0.559184,0.127994,0.559184,0.170652,0.559184,0.222676,0.559184,All
0.175368,0.561224,0.1193,0.561224,0.134696,0.561224,0.172254,0.561224,0.227442,0.561224,All
0.175563,0.563265,0.143884,0.563265,0.137434,0.563265,0.179512,0.563265,0.228684,0.563265,All
0.175913,0.565306,0.162651,0.565306,0.142312,0.565306,0.179854,0.565306,0.232151,0.565306,All
0.176004,0.567347,0.16949,0.567347,0.14241,0.567347,0.181915,0.567347,0.233977,0.567347,All
0.177756,0.569388,0.171247,0.569388,0.14336,0.569388,0.184032,0.569388,0.235554,0.569388,All
0.179638,0.571429,0.179282,0.571429,0.146695,0.571429,0.185865,0.571429,0.237219,0.571429,All
0.183137,0.573469,0.184672,0.573469,0.154067,0.573469,0.202542,0.573469,0.241669,0.573469,All
0.189007,0.57551,0.187046,0.57551,0.154918,0.57551,0.207167,0.57551,0.2427,0.57551,All
0.195952,0.577551,0.196556,0.577551,0.161373,0.577551,0.207617,0.577551,0.243101,0.577551,All
0.210047,0.579592,0.203958,0.579592,0.171097,0.579592,0.215254,0.579592,0.24521,0.579592,All
0.211198,0.581633,0.21299,0.581633,0.175189,0.581633,0.224385,0.581633,0.254513,0.581633,All
0.212511,0.583673,0.214103,0.583673,0.179475,0.583673,0.225177,0.583673,0.255174,0.583673,All
0.238925,0.585714,0.217225,0.585714,0.183507,0.585714,0.225207,0.585714,0.255178,0.585714,All
0.239932,0.587755,0.217262,0.587755,0.184593,0.587755,0.229098,0.587755,0.256603,0.587755,All
0.240552,0.589796,0.222928,0.589796,0.188573,0.589796,0.232889,0.589796,0.257001,0.589796,All
0.24731,0.591837,0.239627,0.591837,0.188733,0.591837,0.237754,0.591837,0.257137,0.591837,All
0.255547,0.593878,0.240726,0.593878,0.190835,0.593878,0.247236,0.593878,0.265717,0.593878,All
0.258094,0.595918,0.25029,0.595918,0.191856,0.595918,0.262765,0.595918,0.265814,0.595918,All
0.258987,0.597959,0.25211,0.597959,0.192346,0.597959,0.268193,0.597959,0.267492,0.597959,All
0.264037,0.6,0.254183,0.6,0.19305,0.6,0.290281,0.6,0.276722,0.6,All
0.265482,0.602041,0.25785,0.602041,0.194491,0.602041,0.293167,0.602041,0.281889,0.602041,All
0.27719,0.604082,0.260295,0.604082,0.197095,0.604082,0.300207,0.604082,0.287232,0.604082,All
0.277376,0.606122,0.262396,0.606122,0.203245,0.606122,0.305938,0.606122,0.290317,0.606122,All
0.288691,0.608163,0.28487,0.608163,0.207259,0.608163,0.30934,0.608163,0.293032,0.608163,All
0.291228,0.610204,0.295772,0.610204,0.21187,0.610204,0.322418,0.610204,0.293168,0.610204,All
0.295887,0.612245,0.296646,0.612245,0.214003,0.612245,0.323275,0.612245,0.299359,0.612245,All
0.301277,0.614286,0.304049,0.614286,0.214798,0.614286,0.334856,0.614286,0.299688,0.614286,All
0.309606,0.616327,0.305312,0.616327,0.219397,0.616327,0.336295,0.616327,0.301611,0.616327,All
0.315563,0.618367,0.30783,0.618367,0.224085,0.618367,0.353782,0.618367,0.303798,0.618367,All
0.320512,0.620408,0.307905,0.620408,0.23033,0.620408,0.363673,0.620408,0.303922,0.620408,All
0.325459,0.622449,0.31676,0.622449,0.232533,0.622449,0.364232,0.622449,0.309439,0.622449,All
0.333063,0.62449,0.317072,0.62449,0.247284,0.62449,0.364518,0.62449,0.313275,0.62449,All
0.333652,0.626531,0.318128,0.626531,0.258189,0.626531,0.366042,0.626531,0.329222,0.626531,All
0.335988,0.628571,0.331861,0.628571,0.264787,0.628571,0.366395,0.628571,0.337565,0.628571,All
0.336777,0.630612,0.348733,0.630612,0.26501,0.630612,0.369995,0.630612,0.344192,0.630612,All
0.342692,0.632653,0.356535,0.632653,0.268536,0.632653,0.37053,0.632653,0.356809,0.632653,All
0.34327,0.634694,0.365061,0.634694,0.272967,0.634694,0.374848,0.634694,0.356945,0.634694,All
0.348971,0.636735,0.367154,0.636735,0.283523,0.636735,0.37588,0.636735,0.366362,0.636735,All
0.351742,0.638776,0.373458,0.638776,0.297098,0.638776,0.379297,0.638776,0.366593,0.638776,All
0.364509,0.640816,0.375554,0.640816,0.303336,0.640816,0.389283,0.640816,0.372114,0.640816,All
0.368516,0.642857,0.3768,0.642857,0.306519,0.642857,0.394291,0.642857,0.375843,0.642857,All
0.36944,0.644898,0.378104,0.644898,0.317333,0.644898,0.40354,0.644898,0.38097,0.644898,All
0.380017,0.646939,0.385249,0.646939,0.329807,0.646939,0.405468,0.646939,0.388054,0.646939,All
0.383812,0.64898,0.386236,0.64898,0.334487,0.64898,0.40888,0.64898,0.409119,0.64898,All
0.384827,0.65102,0.388653,0.65102,0.34812,0.65102,0.425679,0.65102,0.420525,0.65102,All
0.385703,0.653061,0.390477,0.653061,0.350598,0.653061,0.431739,0.653061,0.422041,0.653061,All
0.390781,0.655102,0.399307,0.655102,0.353089,0.655102,0.434799,0.655102,0.425261,0.655102,All
0.392819,0.657143,0.402947,0.657143,0.358404,0.657143,0.437953,0.657143,0.432402,0.657143,All
0.400742,0.659184,0.41148,0.659184,0.359622,0.659184,0.451667,0.659184,0.434839,0.659184,All
0.403365,0.661224,0.417295,0.661224,0.363156,0.661224,0.467142,0.661224,0.435107,0.661224,All
0.40836,0.663265,0.420819,0.663265,0.367205,0.663265,0.473458,0.663265,0.448176,0.663265,All
0.409527,0.665306,0.422601,0.665306,0.376655,0.665306,0.476166,0.665306,0.449351,0.665306,All
0.42287,0.667347,0.440201,0.667347,0.389755,0.667347,0.480265,0.667347,0.453558,0.667347,All
0.431598,0.669388,0.461064,0.669388,0.408883,0.669388,0.48056,0.669388,0.454353,0.669388,All
0.438248,0.671429,0.461522,0.671429,0.409352,0.671429,0.510433,0.671429,0.455926,0.671429,All
0.44377,0.673469,0.467488,0.673469,0.409412,0.673469,0.512221,0.673469,0.457783,0.673469,All
0.445877,0.67551,0.467944,0.67551,0.420332,0.67551,0.521961,0.67551,0.458531,0.67551,All
0.458951,0.677551,0.471792,0.677551,0.422117,0.677551,0.522551,0.677551,0.461187,0.677551,All
0.469117,0.679592,0.475764,0.679592,0.422445,0.679592,0.537778,0.679592,0.463398,0.679592,All
0.472727,0.681633,0.477691,0.681633,0.424457,0.681633,0.544586,0.681633,0.468802,0.681633,All
0.506293,0.683673,0.480576,0.683673,0.437059,0.683673,0.548065,0.683673,0.47966,0.683673,All
0.514889,0.685714,0.506589,0.685714,0.448264,0.685714,0.550985,0.685714,0.493201,0.685714,All
0.524068,0.687755,0.510666,0.687755,0.455728,0.687755,0.5612,0.687755,0.499213,0.687755,All
0.527691,0.689796,0.513456,0.689796,0.456217,0.689796,0.572772,0.689796,0.504851,0.689796,All
0.533015,0.691837,0.517583,0.691837,0.477586,0.691837,0.575228,0.691837,0.516534,0.691837,All
0.539889,0.693878,0.519148,0.693878,0.477856,0.693878,0.582795,0.693878,0.51923,0.693878,All
0.559549,0.695918,0.522688,0.695918,0.47988,0.695918,0.583875,0.695918,0.528038,0.695918,All
0.564696,0.697959,0.524193,0.697959,0.487704,0.697959,0.596943,0.697959,0.531204,0.697959,All
0.569342,0.7,0.526967,0.7,0.48825,0.7,0.607601,0.7,0.54248,0.7,All
0.569771,0.702041,0.52923,0.702041,0.493477,0.702041,0.609563,0.702041,0.551349,0.702041,All
0.573535,0.704082,0.532189,0.704082,0.503652,0.704082,0.625764,0.704082,0.5559,0.704082,All
0.577842,0.706122,0.538894,0.706122,0.505425,0.706122,0.633411,0.706122,0.563017,0.706122,All
0.582263,0.708163,0.543235,0.708163,0.507696,0.708163,0.638349,0.708163,0.578923,0.708163,All
0.585244,0.710204,0.545979,0.710204,0.513745,0.710204,0.644982,0.710204,0.579215,0.710204,All
0.587792,0.712245,0.560777,0.712245,0.514442,0.712245,0.646231,0.712245,0.59152,0.712245,All
0.589855,0.714286,0.57352,0.714286,0.516124,0.714286,0.650228,0.714286,0.603399,0.714286,All
0.608343,0.716327,0.587777,0.716327,0.519107,0.716327,0.653475,0.716327,0.604814,0.716327,All
0.608869,0.718367,0.597415,0.718367,0.529557,0.718367,0.655404,0.718367,0.605934,0.718367,All
0.619025,0.720408,0.604425,0.720408,0.533319,0.720408,0.670653,0.720408,0.633391,0.720408,All
0.619138,0.722449,0.611475,0.722449,0.535814,0.722449,0.672077,0.722449,0.634407,0.722449,All
0.649288,0.72449,0.630911,0.72449,0.536797,0.72449,0.681674,0.72449,0.636203,0.72449,All
0.652878,0.726531,0.633191,0.726531,0.538973,0.726531,0.688116,0.726531,0.649975,0.726531,All
0.681727,0.728571,0.64689,0.728571,0.544395,0.728571,0.693496,0.728571,0.651557,0.728571,All
0.690702,0.730612,0.649337,0.730612,0.544944,0.730612,0.715758,0.730612,0.65547,0.730612,All
0.693257,0.732653,0.651346,0.732653,0.560409,0.732653,0.715852,0.732653,0.656575,0.732653,All
0.706045,0.734694,0.684291,0.734694,0.575327,0.734694,0.717206,0.734694,0.661729,0.734694,All
0.715764,0.736735,0.686145,0.736735,0.584655,0.736735,0.721217,0.736735,0.673376,0.736735,All
0.736432,0.738776,0.687087,0.738776,0.585036,0.738776,0.726853,0.738776,0.69058,0.738776,All
0.747832,0.740816,0.692793,0.740816,0.585914,0.740816,0.727881,0.740816,0.70028,0.740816,All
0.748502,0.742857,0.696764,0.742857,0.587284,0.742857,0.732067,0.742857,0.702857,0.742857,All
0.748961,0.744898,0.704374,0.744898,0.595547,0.744898,0.733342,0.744898,0.705435,0.744898,All
0.752272,0.746939,0.733012,0.746939,0.623785,0.746939,0.74338,0.746939,0.709545,0.746939,All
0.755171,0.74898,0.734856,0.74898,0.630478,0.74898,0.750798,0.74898,0.715057,0.74898,All
0.755991,0.75102,0.738758,0.75102,0.635542,0.75102,0.752453,0.75102,0.720476,0.75102,All
0.756993,0.753061,0.740302,0.753061,0.642299,0.753061,0.753677,0.753061,0.722546,0.753061,All
0.760761,0.755102,0.746948,0.755102,0.653022,0.755102,0.757826,0.755102,0.734818,0.755102,All
0.793774,0.757143,0.752283,0.757143,0.655136,0.757143,0.75964,0.757143,0.74058,0.757143,All
0.795632,0.759184,0.758327,0.759184,0.655971,0.759184,0.768904,0.759184,0.748251,0.759184,All
0.802982,0.761224,0.761087,0.761224,0.658447,0.761224,0.769926,0.761224,0.756232,0.761224,All
0.817362,0.763265,0.778103,0.763265,0.661574,0.763265,0.774932,0.763265,0.769143,0.763265,All
0.833571,0.765306,0.78149,0.765306,0.662597,0.765306,0.792097,0.765306,0.780219,0.765306,All
0.837051,0.767347,0.783392,0.767347,0.663612,0.767347,0.792111,0.767347,0.781236,0.767347,All
0.838135,0.769388,0.786032,0.769388,0.685159,0.769388,0.792534,0.769388,0.785017,0.769388,All
0.840401,0.771429,0.792854,0.771429,0.690883,0.771429,0.793677,0.771429,0.785916,0.771429,All
0.844827,0.773469,0.796848,0.773469,0.694099,0.773469,0.800941,0.773469,0.790194,0.773469,All
0.855505,0.77551,0.800072,0.77551,0.711087,0.77551,0.803466,0.77551,0.79026,0.77551,All
0.870654,0.777551,0.817033,0.777551,0.716567,0.777551,0.80371,0.777551,0.803026,0.777551,All
0.872971,0.779592,0.819722,0.779592,0.718448,0.779592,0.815365,0.779592,0.807887,0.779592,All
0.875376,0.781633,0.827624,0.781633,0.720594,0.781633,0.816704,0.781633,0.808086,0.781633,All
0.882292,0.783673,0.828315,0.783673,0.723682,0.783673,0.822883,0.783673,0.813129,0.783673,All
0.893736,0.785714,0.83117,0.785714,0.727674,0.785714,0.823207,0.785714,0.814289,0.785714,All
0.902357,0.787755,0.83866,0.787755,0.737412,0.787755,0.825983,0.787755,0.816871,0.787755,All
0.904621,0.789796,0.843501,0.789796,0.737535,0.789796,0.830167,0.789796,0.817082,0.789796,All
0.935185,0.791837,0.849845,0.791837,0.812721,0.791837,0.83332,0.791837,0.824247,0.791837,All
0.942073,0.793878,0.8543,0.793878,0.812863,0.793878,0.836888,0.793878,0.826558,0.793878,All
0.961146,0.795918,0.867567,0.795918,0.817646,0.795918,0.839211,0.795918,0.830697,0.795918,All
0.962683,0.797959,0.902163,0.797959,0.836144,0.797959,0.842162,0.797959,0.83797,0.797959,All
0.964382,0.8,0.911804,0.8,0.856225,0.8,0.845045,0.8,0.8389,0.8,All
0.969127,0.802041,0.912909,0.802041,0.865837,0.802041,0.852427,0.802041,0.843829,0.802041,All
0.969571,0.804082,0.917467,0.804082,0.871835,0.804082,0.85387,0.804082,0.843979,0.804082,All
0.969977,0.806122,0.921388,0.806122,0.889971,0.806122,0.869613,0.806122,0.850358,0.806122,All
0.97387,0.808163,0.922616,0.808163,0.892153,0.808163,0.89069,0.808163,0.873916,0.808163,All
0.978122,0.810204,0.941217,0.810204,0.8973,0.810204,0.89987,0.810204,0.877699,0.810204,All
1.00671,0.812245,0.96241,0.812245,0.909846,0.812245,0.906092,0.812245,0.881673,0.812245,All
1.01715,0.814286,0.974248,0.814286,0.92034,0.814286,0.913261,0.814286,0.886981,0.814286,All
1.02117,0.816327,0.976467,0.816327,0.92881,0.816327,0.919748,0.816327,0.896998,0.816327,All
1.04371,0.818367,0.981843,0.818367,0.929778,0.818367,0.934301,0.818367,0.908299,0.818367,All
1.04635,0.820408,0.995106,0.820408,0.933148,0.820408,0.97139,0.820408,0.914103,0.820408,All
1.04769,0.822449,0.997354,0.822449,0.933873,0.822449,0.973603,0.822449,0.916869,0.822449,All
1.05497,0.82449,1.01175,0.82449,0.946161,0.82449,0.979793,0.82449,0.918127,0.82449,All
1.06755,0.826531,1.02685,0.826531,1.0136,0.826531,0.993068,0.826531,0.919718,0.826531,All
1.06909,0.828571,1.04318,0.828571,1.02824,0.828571,0.997959,0.828571,0.930822,0.828571,All
1.07864,0.830612,1.04652,0.830612,1.0322,0.830612,1.00673,0.830612,0.931341,0.830612,All
1.10781,0.832653,1.07005,0.832653,1.0607,0.832653,1.00944,0.832653,0.93339,0.832653,All
1.10908,0.834694,1.07037,0.834694,1.06471,0.834694,1.02554,0.834694,0.953002,0.834694,All
1.12088,0.836735,1.07464,0.836735,1.08892,0.836735,1.03844,0.836735,0.957968,0.836735,All
1.12337,0.838776,1.08255,0.838776,1.1055,0.838776,1.04303,0.838776,0.97046,0.838776,All
1.13503,0.840816,1.08446,0.840816,1.10576,0.840816,1.05111,0.840816,0.976151,0.840816,All
1.13663,0.842857,1.09013,0.842857,1.12847,0.842857,1.0602,0.842857,0.979016,0.842857,All
1.13814,0.844898,1.10008,0.844898,1.13245,0.844898,1.06581,0.844898,0.985159,0.844898,All
1.15079,0.846939,1.10336,0.846939,1.15184,0.846939,1.07699,0.846939,0.992457,0.846939,All
1.15591,0.84898,1.1127,0.84898,1.16327,0.84898,1.0791,0.84898,0.994713,0.84898,All
1.16001,0.85102,1.1128,0.85102,1.16494,0.85102,1.09455,0.85102,0.9967,0.85102,All
1.18322,0.853061,1.1666,0.853061,1.17831,0.853061,1.09818,0.853061,0.996749,0.853061,All
1.19808,0.855102,1.18177,0.855102,1.18396,0.855102,1.1131,0.855102,1.00508,0.855102,All
1.19975,0.857143,1.18421,0.857143,1.19822,0.857143,1.11692,0.857143,1.02612,0.857143,All
1.20558,0.859184,1.19845,0.859184,1.19944,0.859184,1.11949,0.859184,1.02872,0.859184,All
1.2238,0.861224,1.21734,0.861224,1.20041,0.861224,1.13205,0.861224,1.02976,0.861224,All
1.24236,0.863265,1.21837,0.863265,1.20432,0.863265,1.13722,0.863265,1.03863,0.863265,All
1.24436,0.865306,1.22017,0.865306,1.2048,0.865306,1.15127,0.865306,1.03953,0.865306,All
1.24701,0.867347,1.22205,0.867347,1.20572,0.867347,1.16316,0.867347,1.04601,0.867347,All
1.25901,0.869388,1.23149,0.869388,1.22342,0.869388,1.16329,0.869388,1.04633,0.869388,All
1.26073,0.871429,1.24982,0.871429,1.22641,0.871429,1.16936,0.871429,1.05876,0.871429,All
1.26388,0.873469,1.2714,0.873469,1.22743,0.873469,1.2059,0.873469,1.08478,0.873469,All
1.27368,0.87551,1.28986,0.87551,1.24621,0.87551,1.21243,0.87551,1.09008,0.87551,All
1.2793,0.877551,1.29247,0.877551,1.2523,0.877551,1.2208,0.877551,1.12217,0.877551,All
1.28032,0.879592,1.29531,0.879592,1.25386,0.879592,1.22091,0.879592,1.12912,0.879592,All
1.28419,0.881633,1.29586,0.881633,1.26574,0.881633,1.24481,0.881633,1.13135,0.881633,All
1.2856,0.883673,1.30005,0.883673,1.2695,0.883673,1.24724,0.883673,1.1499,0.883673,All
1.29452,0.885714,1.31197,0.885714,1.2726,0.885714,1.2505,0.885714,1.15379,0.885714,All
1.3074,0.887755,1.31985,0.887755,1.27816,0.887755,1.25848,0.887755,1.16085,0.887755,All
1.33716,0.889796,1.33689,0.889796,1.2872,0.889796,1.27117,0.889796,1.16616,0.889796,All
1.34011,0.891837,1.35614,0.891837,1.29052,0.891837,1.27195,0.891837,1.18643,0.891837,All
1.34735,0.893878,1.36087,0.893878,1.29306,0.893878,1.27216,0.893878,1.18704,0.893878,All
1.37324,0.895918,1.36107,0.895918,1.29433,0.895918,1.2781,0.895918,1.19562,0.895918,All
1.37989,0.897959,1.36774,0.897959,1.29885,0.897959,1.28288,0.897959,1.20876,0.897959,All
1.38743,0.9,1.37824,0.9,1.30094,0.9,1.28725,0.9,1.21024,0.9,All
1.4066,0.902041,1.37989,0.902041,1.31856,0.902041,1.29012,0.902041,1.21186,0.902041,All
1.41273,0.904082,1.39411,0.904082,1.34256,0.904082,1.29388,0.904082,1.21756,0.904082,All
1.42629,0.906122,1.41623,0.906122,1.35128,0.906122,1.30014,0.906122,1.24117,0.906122,All
1.43,0.908163,1.42143,0.908163,1.35611,0.908163,1.39302,0.908163,1.24625,0.908163,All
1.43613,0.910204,1.42733,0.910204,1.40873,0.910204,1.40337,0.910204,1.26506,0.910204,All
1.4363,0.912245,1.44792,0.912245,1.42631,0.912245,1.42082,0.912245,1.28796,0.912245,All
1.44347,0.914286,1.46209,0.914286,1.43368,0.914286,1.44977,0.914286,1.29407,0.914286,All
1.45211,0.916327,1.48001,0.916327,1.43896,0.916327,1.45629,0.916327,1.29563,0.916327,All
1.45241,0.918367,1.51936,0.918367,1.43957,0.918367,1.45948,0.918367,1.29917,0.918367,All
1.45913,0.920408,1.52739,0.920408,1.44129,0.920408,1.51253,0.920408,1.30105,0.920408,All
1.4676,0.922449,1.58652,0.922449,1.44153,0.922449,1.51382,0.922449,1.30395,0.922449,All
1.46822,0.92449,1.61658,0.92449,1.45193,0.92449,1.53764,0.92449,1.30524,0.92449,All
1.46847,0.926531,1.63151,0.926531,1.45835,0.926531,1.54721,0.926531,1.31624,0.926531,All
1.4687,0.928571,1.63747,0.928571,1.46871,0.928571,1.57432,0.928571,1.32574,0.928571,All
1.47715,0.930612,1.65801,0.930612,1.55099,0.930612,1.59839,0.930612,1.34386,0.930612,All
1.47996,0.932653,1.68618,0.932653,1.55739,0.932653,1.6287,0.932653,1.34686,0.932653,All
1.51449,0.934694,1.71315,0.934694,1.56404,0.934694,1.71333,0.934694,1.36766,0.934694,All
1.51558,0.936735,1.72911,0.936735,1.59705,0.936735,1.71759,0.936735,1.37008,0.936735,All
1.54823,0.938776,1.73475,0.938776,1.60681,0.938776,1.73113,0.938776,1.41038,0.938776,All
1.56529,0.940816,1.81065,0.940816,1.61323,0.940816,1.75024,0.940816,1.47149,0.940816,All
1.62054,0.942857,1.81672,0.942857,1.63969,0.942857,1.76259,0.942857,1.49061,0.942857,All
1.62114,0.944898,1.82899,0.944898,1.66234,0.944898,1.78169,0.944898,1.50189,0.944898,All
1.62759,0.946939,1.84229,0.946939,1.69392,0.946939,1.80203,0.946939,1.51215,0.946939,All
1.63336,0.94898,1.90588,0.94898,1.69493,0.94898,1.88309,0.94898,1.53263,0.94898,All
1.64624,0.95102,1.91895,0.95102,1.71541,0.95102,1.91127,0.95102,1.53462,0.95102,All
1.65034,0.953061,1.91904,0.953061,1.73031,0.953061,1.94039,0.953061,1.53929,0.953061,All
1.65467,0.955102,1.93088,0.955102,1.74208,0.955102,1.9435,0.955102,1.56215,0.955102,All
1.66313,0.957143,1.98855,0.957143,1.7695,0.957143,1.94554,0.957143,1.57441,0.957143,All
1.68556,0.959184,2.03727,0.959184,1.8019,0.959184,1.99927,0.959184,1.62634,0.959184,All
1.68914,0.961224,2.03743,0.961224,1.80353,0.961224,2.02564,0.961224,1.69771,0.961224,All
1.72753,0.963265,2.04012,0.963265,1.80454,0.963265,2.04962,0.963265,1.70881,0.963265,All
1.74505,0.965306,2.07618,0.965306,1.80731,0.965306,2.0532,0.965306,1.70949,0.965306,All
1.76367,0.967347,2.09213,0.967347,1.81151,0.967347,2.05886,0.967347,1.72704,0.967347,All
1.78173,0.969388,2.10953,0.969388,1.82047,0.969388,2.10652,0.969388,1.73229,0.969388,All
1.7901,0.971429,2.20166,0.971429,1.85626,0.971429,2.12921,0.971429,1.76034,0.971429,All
1.80101,0.973469,2.21228,0.973469,1.86282,0.973469,2.14224,0.973469,1.76876,0.973469,All
1.82717,0.97551,2.21688,0.97551,1.88446,0.97551,2.18618,0.97551,1.80459,0.97551,All
1.84,0.977551,2.24607,0.977551,1.97815,0.977551,2.21676,0.977551,1.82723,0.977551,All
1.84242,0.979592,2.24681,0.979592,1.99289,0.979592,2.24285,0.979592,1.83528,0.979592,All
1.85432,0.981633,2.25657,0.981633,1.99318,0.981633,2.24529,0.981633,1.86492,0.981633,All
1.85763,0.983673,2.2705,0.983673,2.00841,0.983673,2.34905,0.983673,1.88086,0.983673,All
1.91104,0.985714,2.27087,0.985714,2.01339,0.985714,2.36529,0.985714,1.92506,0.985714,All
1.91247,0.987755,2.30039,0.987755,2.01869,0.987755,2.38774,0.987755,1.93018,0.987755,All
1.99035,0.989796,2.32069,0.989796,2.02909,0.989796,2.40645,0.989796,1.95737,0.989796,All
1.99303,0.991837,2.36908,0.991837,2.08101,0.991837,2.4239,0.991837,1.9873,0.991837,All
2.03537,0.993878,2.38261,0.993878,2.16073,0.993878,2.51749,0.993878,1.99387,0.993878,All
2.04273,0.995918,2.39409,0.995918,2.19769,0.995918,2.85928,0.995918,2.03733,0.995918,All
2.25057,0.997959,2.42371,0.997959,2.20272,0.997959,2.92021,0.997959,2.05691,0.997959,All
2.25648,1,2.43597,1,2.2523,1,3.26742,1,3.18749,1,All
4,1,4,1,4,1,4,1,4,1,All
