rep,ID,standEta_initT_simulated,standEta_dS_simulated,standEta_lBt0_simulated,standEta_dI_simulated,standEta_n_simulated,filter
1,10066,-1.38917,0,-1.99407,0,-0.94347,0
2,10066,-0.0296069,0,-3.24324,0,-0.987779,0
3,10066,-0.507413,0,-1.94392,0,-0.915159,0
4,10066,-0.86761,0,-3.30254,0,-1.01146,0
5,10066,-0.506788,0,-1.19523,0,-0.759313,0
6,10066,-0.751824,0,-3.03187,0,-0.998411,0
7,10066,-0.707579,0,-1.68399,0,-0.831611,0
8,10066,-1.07221,0,-2.85157,0,-0.99177,0
9,10066,-1.03394,0,-1.40278,0,-0.746649,0
10,10066,-0.856694,0,-3.2747,0,-0.995572,0
1,10203,1.56529,0,2.62515,0,1.0861,0
2,10203,-0.0905832,0,2.35396,0,0.907481,0
3,10203,1.13663,0,2.73768,0,1.10832,0
4,10203,0.870654,0,2.10812,0,0.855556,0
5,10203,-0.98909,0,2.59396,0,0.97438,0
6,10203,0.802982,0,2.38788,0,0.863951,0
7,10203,0.383812,0,2.3439,0,0.981403,0
8,10203,0.364509,0,2.40968,0,0.964089,0
9,10203,0.619025,0,2.02095,0,0.913371,0
10,10203,0.295887,0,2.24927,0,0.97305,0
1,10220,0.585244,0,5.30902,0,1.46051,0
2,10220,1.10781,0,5.24414,0,1.48889,0
3,10220,1.12088,0,5.18936,0,1.40662,0
4,10220,0.706045,0,5.219,0,1.48549,0
5,10220,0.838135,0,4.97342,0,1.34726,0
6,10220,0.649288,0,5.33589,0,1.5224,0
7,10220,1.15591,0,4.94291,0,1.36091,0
8,10220,1.37324,0,4.62083,0,1.27377,0
9,10220,0.855505,0,4.97425,0,1.36449,0
10,10220,1.20558,0,4.82264,0,1.35755,0
1,10428,-1.63486,0,1.99969,0,0.124772,0
2,10428,-1.23674,0,0.466546,0,-0.238731,0
3,10428,-1.21229,0,1.81288,0,0.133223,0
4,10428,-0.0818173,0,0.82822,0,-0.0684278,0
5,10428,-0.697945,0,1.61822,0,0.0675889,0
6,10428,-0.167404,0,0.696846,0,-0.0518927,0
7,10428,-1.13343,0,1.84765,0,0.0715669,0
8,10428,-0.802749,0,1.16574,0,0.0234321,0
9,10428,-1.10741,0,1.60563,0,0.0759235,0
10,10428,-0.902512,0,1.13717,0,-0.0191226,0
1,10435,-0.58171,0,-2.97283,0,-0.926681,0
2,10435,-1.25149,0,-1.69793,0,-0.64116,0
3,10435,-0.389282,0,-2.91916,0,-0.889363,0
4,10435,-1.92391,0,-1.24705,0,-0.570675,0
5,10435,-0.260773,0,-2.87899,0,-0.872662,0
6,10435,-2.18289,0,-1.5328,0,-0.616583,0
7,10435,-0.814574,0,-2.70752,0,-0.87112,0
8,10435,-1.1323,0,-1.53723,0,-0.612523,0
9,10435,-0.859855,0,-2.57628,0,-0.851294,0
10,10435,-1.07396,0,-1.78327,0,-0.608075,0
1,10463,1.62054,0,-2.17018,0,-0.490677,0
2,10463,1.64624,0,-1.42075,0,-0.510819,0
3,10463,1.82717,0,-2.24621,0,-0.416013,0
4,10463,1.63336,0,-1.50741,0,-0.569171,0
5,10463,1.84242,0,-2.39789,0,-0.439955,0
6,10463,1.38743,0,-1.43674,0,-0.446169,0
7,10463,1.16001,0,-1.63458,0,-0.367463,0
8,10463,1.4687,0,-1.54561,0,-0.458849,0
9,10463,1.47715,0,-1.60455,0,-0.447135,0
10,10463,1.54823,0,-1.37714,0,-0.42757,0
1,10723,-1.88961,0,1.10966,0,0.127463,0
2,10723,0.469117,0,1.81439,0,0.549344,0
3,10723,0.101492,0,0.475903,0,-0.0349945,0
4,10723,0.392819,0,1.79557,0,0.487073,0
5,10723,0.472727,0,0.54825,0,0.13738,0
6,10723,0.527691,0,1.15926,0,0.340435,0
7,10723,-0.0122227,0,0.67429,0,0.129682,0
8,10723,0.265482,0,1.6216,0,0.442827,0
9,10723,-0.173219,0,0.874665,0,0.131463,0
10,10723,-0.0633272,0,1.86155,0,0.388882,0
1,10739,-0.967556,0,-0.0992446,0,-0.651676,0
2,10739,0.156177,0,-2.44881,0,-1.06389,0
3,10739,-0.305696,0,-0.249627,0,-0.601224,0
4,10739,0.288691,0,-2.78919,0,-1.09883,0
5,10739,-0.681793,0,-1.28043,0,-0.896354,0
6,10739,0.904621,0,-2.95903,0,-1.15989,0
7,10739,0.752272,0,-1.72858,0,-0.863335,0
8,10739,0.325459,0,-2.91015,0,-1.19751,0
9,10739,0.458951,0,-1.71417,0,-0.847224,0
10,10739,0.212511,0,-2.15154,0,-0.996135,0
1,10742,0.524068,0,-1.53922,0,-0.686951,0
2,10742,0.0984034,0,-1.29259,0,-0.7139,0
3,10742,0.0908463,0,-1.04888,0,-0.599813,0
4,10742,-0.252545,0,-1.16571,0,-0.756508,0
5,10742,-0.190538,0,-1.50622,0,-0.685631,0
6,10742,-0.118135,0,-1.09423,0,-0.740025,0
7,10742,0.238925,0,-0.989183,0,-0.586364,0
8,10742,-0.247187,0,-1.48953,0,-0.807496,0
9,10742,0.189007,0,-0.413038,0,-0.433891,0
10,10742,0.133837,0,-1.67627,0,-0.792732,0
1,40007,0.969571,0,-3.08074,0,-1.26795,0
2,40007,0.837051,0,-0.2919,0,-0.548186,0
3,40007,0.969977,0,-3.27527,0,-1.24643,0
4,40007,0.539889,0,0.564809,0,-0.428415,0
5,40007,0.795632,0,-3.00759,0,-1.2955,0
6,40007,0.42287,0,0.223489,0,-0.517108,0
7,40007,0.942073,0,-2.79755,0,-1.23321,0
8,40007,-0.00867873,0,-0.100902,0,-0.621242,0
9,40007,0.380017,0,-2.25407,0,-1.11748,0
10,40007,0.0268513,0,0.0810336,0,-0.587175,0
1,40061,1.99303,0,3.78754,0,1.34706,0
2,40061,1.91247,0,2.21619,0,0.846467,0
3,40061,2.04273,0,3.75258,0,1.25471,0
4,40061,1.68914,0,2.29237,0,0.842354,0
5,40061,1.85763,0,3.57374,0,1.16957,0
6,40061,1.65467,0,2.43754,0,0.974213,0
7,40061,1.74505,0,3.54105,0,1.12363,0
8,40061,1.2793,0,2.28505,0,0.891258,0
9,40061,1.46822,0,4.00633,0,1.17753,0
10,40061,1.91104,0,2.18466,0,0.814982,0
1,40094,-1.25879,0,3.1716,0,0.445066,0
2,40094,-0.688468,0,2.83733,0,0.329655,0
3,40094,-2.13737,0,3.32808,0,0.447179,0
4,40094,-0.930269,0,2.66879,0,0.308372,0
5,40094,-0.661027,0,2.98136,0,0.402549,0
6,40094,-0.13265,0,2.37547,0,0.324366,0
7,40094,-0.894773,0,3.69351,0,0.485622,0
8,40094,-0.762041,0,2.69753,0,0.348865,0
9,40094,-0.582176,0,3.63181,0,0.627812,0
10,40094,-0.773151,0,3.05373,0,0.484351,0
1,40100,-0.133766,0,-3.25638,0,-1.31612,0
2,40100,0.0396847,0,-3.5323,0,-1.20385,0
3,40100,0.00473192,0,-2.46344,0,-1.1006,0
4,40100,0.961146,0,-4.34435,0,-1.27272,0
5,40100,-0.254568,0,-2.15661,0,-1.0443,0
6,40100,0.24731,0,-3.95884,0,-1.38795,0
7,40100,-0.501835,0,-1.83892,0,-0.957424,0
8,40100,-0.680315,0,-3.83215,0,-1.43269,0
9,40100,-0.452289,0,-2.13507,0,-1.05829,0
10,40100,-1.14008,0,-3.09729,0,-1.34363,0
1,40123,0.160682,0,4.92154,0,0.872301,0
2,40123,0.315563,0,4.58272,0,0.809914,0
3,40123,0.840401,0,4.84589,0,0.874877,0
4,40123,0.177756,0,4.22951,0,0.719669,0
5,40123,0.747832,0,4.17475,0,0.716964,0
6,40123,0.0554143,0,3.97945,0,0.622087,0
7,40123,0.384827,0,4.20357,0,0.685123,0
8,40123,1.15079,0,4.35584,0,0.811395,0
9,40123,0.748961,0,4.54778,0,0.829657,0
10,40123,0.760761,0,3.96615,0,0.697696,0
1,40168,-0.229736,0,-1.84671,0,-0.911873,0
2,40168,0.748502,0,0.649789,0,-0.134162,0
3,40168,0.438248,0,-0.75741,0,-0.515689,0
4,40168,0.175262,0,0.552236,0,-0.315635,0
5,40168,0.964382,0,-0.591807,0,-0.446151,0
6,40168,-0.391417,0,0.763885,0,-0.327118,0
7,40168,0.882292,0,-0.737223,0,-0.343326,0
8,40168,-0.0207494,0,1.18993,0,-0.134207,0
9,40168,1.00671,0,-0.162764,0,-0.335296,0
10,40168,0.608869,0,1.19594,0,-0.0734969,0
1,40231,-0.908906,0,0.69385,0,0.0240459,0
2,40231,0.134661,0,0.780975,0,0.022307,0
3,40231,-1.27987,0,0.851328,0,0.0130857,0
4,40231,-0.836996,0,0.446761,0,-0.00688031,0
5,40231,-0.526239,0,0.674453,0,0.0200805,0
6,40231,-0.134409,0,0.0434443,0,-0.0885314,0
7,40231,-0.811698,0,0.914068,0,0.0340266,0
8,40231,-0.0712662,0,0.524892,0,-0.0367235,0
9,40231,-1.26155,0,1.02501,0,0.064695,0
10,40231,-1.16564,0,0.430548,0,-0.0655693,0
1,40250,0.00968924,0,3.01897,0,0.357944,0
2,40250,-0.0713356,0,0.90133,0,-0.223707,0
3,40250,-0.38811,0,3.4752,0,0.395445,0
4,40250,0.715764,0,0.668772,0,-0.235686,0
5,40250,-0.550825,0,3.24189,0,0.341633,0
6,40250,1.02117,0,0.804235,0,-0.152153,0
7,40250,0.123493,0,2.67686,0,0.222927,0
8,40250,0.817362,0,1.50503,0,0.104714,0
9,40250,-0.014444,0,3.12651,0,0.378799,0
10,40250,0.0732698,0,0.846034,0,-0.127755,0
1,40257,-0.243542,0,-0.866994,0,-0.588343,0
2,40257,0.569771,0,-1.29934,0,-0.67211,0
3,40257,1.06755,0,-1.82285,0,-0.702275,0
4,40257,0.385703,0,-0.894025,0,-0.597513,0
5,40257,0.573535,0,-2.1671,0,-0.861241,0
6,40257,0.902357,0,-1.92656,0,-0.790311,0
7,40257,0.409527,0,-1.37841,0,-0.726004,0
8,40257,0.569342,0,-1.34897,0,-0.688132,0
9,40257,0.755991,0,-1.25958,0,-0.619897,0
10,40257,0.969127,0,-1.74635,0,-0.723197,0
1,40265,-0.185145,0,4.91992,0,0.762766,0
2,40265,1.05497,0,3.58682,0,0.614994,0
3,40265,0.0173846,0,5.08337,0,0.877932,0
4,40265,1.04769,0,2.83853,0,0.469164,0
5,40265,-0.14672,0,4.85598,0,0.79646,0
6,40265,0.309606,0,3.20264,0,0.46699,0
7,40265,0.277376,0,5.0389,0,0.828968,0
8,40265,0.756993,0,2.8311,0,0.330024,0
9,40265,0.183137,0,4.4629,0,0.778565,0
10,40265,1.2238,0,2.99598,0,0.48916,0
1,40353,1.19808,0,2.98093,0,0.985744,0
2,40353,1.45211,0,2.37127,0,0.814037,0
3,40353,1.19975,0,3.11357,0,0.992746,0
4,40353,1.26073,0,2.55539,0,0.826947,0
5,40353,1.34011,0,3.1022,0,0.969071,0
6,40353,1.27368,0,2.43733,0,0.810739,0
7,40353,1.26388,0,3.0226,0,0.952205,0
8,40353,1.46847,0,2.3446,0,0.747243,0
9,40353,0.577842,0,3.34569,0,0.972641,0
10,40353,0.844827,0,2.41686,0,0.747418,0
1,40363,1.47996,0,1.74546,0,0.179129,0
2,40363,1.3074,0,1.99727,0,0.235305,0
3,40363,1.37989,0,1.66108,0,0.0805327,0
4,40363,1.43613,0,2.01826,0,0.285544,0
5,40363,1.41273,0,1.49891,0,0.0662628,0
6,40363,1.18322,0,1.38698,0,0.0287998,0
7,40363,0.962683,0,1.75252,0,0.0928958,0
8,40363,1.24436,0,1.60967,0,0.091045,0
9,40363,1.25901,0,2.58862,0,0.360487,0
10,40363,1.24701,0,1.42675,0,0.11565,0
1,40511,0.736432,0,-0.534521,0,-0.0137998,0
2,40511,0.169377,0,0.050776,0,0.157177,0
3,40511,0.240552,0,0.143356,0,0.207186,0
4,40511,0.258987,0,0.855323,0,0.396038,0
5,40511,1.04371,0,-1.10743,0,-0.164733,0
6,40511,0.175913,0,0.232132,0,0.205035,0
7,40511,-1.23121,0,-0.878799,0,-0.176471,0
8,40511,-0.194467,0,0.240748,0,0.0130201,0
9,40511,0.264037,0,-0.55488,0,-0.000971333,0
10,40511,1.06909,0,-0.786203,0,0.12757,0
1,40512,-0.562696,0,0.818045,0,-0.333017,0
2,40512,0.175368,0,2.84769,0,0.308041,0
3,40512,0.211198,0,1.03344,0,-0.0716281,0
4,40512,0.587792,0,2.67273,0,0.350881,0
5,40512,0.681727,0,1.1543,0,-0.00343157,0
6,40512,0.935185,0,1.50297,0,0.118416,0
7,40512,0.40836,0,0.921787,0,-0.197518,0
8,40512,0.175563,0,1.73671,0,0.0159886,0
9,40512,-0.142734,0,1.38198,0,-0.130762,0
10,40512,0.0996949,0,2.17974,0,0.0865156,0
1,40577,0.693257,0,-4.41315,0,-1.58379,0
2,40577,-0.925768,0,-1.97621,0,-1.17664,0
3,40577,0.608343,0,-4.49762,0,-1.60749,0
4,40577,-0.78245,0,-1.95004,0,-1.1396,0
5,40577,-0.418395,0,-4.16835,0,-1.59782,0
6,40577,-0.395607,0,-1.94281,0,-0.994359,0
7,40577,-0.194991,0,-4.00158,0,-1.58351,0
8,40577,-0.623143,0,-1.66298,0,-1.0149,0
9,40577,0.652878,0,-4.28261,0,-1.54655,0
10,40577,-0.0553741,0,-1.71922,0,-0.941881,0
1,10753,-0.641069,0,-0.410777,0,-0.765347,0
2,10753,-0.162988,0,0.882639,0,-0.418606,0
3,10753,-1.27006,0,0.315172,0,-0.822943,0
4,10753,-0.449831,0,1.14493,0,-0.494861,0
5,10753,-0.756126,0,0.5273,0,-0.669814,0
6,10753,0.291228,0,0.825364,0,-0.418427,0
7,10753,0.564696,0,-1.44125,0,-0.870812,0
8,10753,0.179638,0,1.13374,0,-0.350948,0
9,10753,0.872971,0,-0.865975,0,-0.84321,0
10,10753,0.160607,0,0.176963,0,-0.567582,0
1,40032,0.589855,0,4.20337,0,1.37153,0
2,40032,1.43,0,-2.63849,0,-0.10356,0
3,40032,0.113213,0,4.03546,0,1.14566,0
4,40032,1.78173,0,-2.44759,0,0.167147,0
5,40032,0.195952,0,3.79989,0,1.09043,0
6,40032,2.25648,0,-2.2725,0,0.44787,0
7,40032,0.506293,0,4.46881,0,1.21796,0
8,40032,1.65034,0,-1.27616,0,0.631234,0
9,40032,0.514889,0,2.97058,0,1.04837,0
10,40032,2.25057,0,-0.841925,0,0.60156,0
1,40211,-0.399756,0,-2.51472,0,0.874022,0
2,40211,0.0570295,0,1.63616,0,0.364309,0
3,40211,0.0959284,0,-0.515066,0,0.200818,0
4,40211,0.27719,0,0.212637,0,0.0499033,0
5,40211,-0.484751,0,0.666007,0,0.0489076,0
6,40211,0.0521592,0,0.623996,0,0.181512,0
7,40211,0.368516,0,-0.707975,0,0.0961931,0
8,40211,-0.294697,0,1.51753,0,0.362838,0
9,40211,-1.09431,0,-0.100618,0,-0.125577,0
10,40211,-0.981536,0,1.78968,0,0.347728,0
1,40503,1.13814,0,1.11859,0,-0.0232951,0
2,40503,1.44347,0,-0.512446,0,-0.465232,0
3,40503,1.2856,0,1.33941,0,-0.0262365,0
4,40503,1.01715,0,-0.455997,0,-0.525434,0
5,40503,1.99035,0,1.00994,0,0.178978,0
6,40503,0.44377,0,-0.0877076,0,-0.466442,0
7,40503,1.24236,0,0.647875,0,-0.201005,0
8,40503,1.10908,0,-0.0284278,0,-0.415071,0
9,40503,1.33716,0,1.1247,0,-0.0139623,0
10,40503,0.793774,0,-0.345608,0,-0.499078,0
1,40646,2.03537,0,-3.91027,0,-1.11508,0
2,40646,1.72753,0,-3.05195,0,-0.97042,0
3,40646,1.62759,0,-3.77836,0,-1.08559,0
4,40646,1.85432,0,-3.33019,0,-1.00623,0
5,40646,1.80101,0,-3.72899,0,-0.955703,0
6,40646,1.76367,0,-3.57024,0,-1.05803,0
7,40646,1.66313,0,-4.10565,0,-1.05427,0
8,40646,1.84,0,-3.5184,0,-1.09094,0
9,40646,1.4676,0,-4.12584,0,-1.04539,0
10,40646,1.45241,0,-3.44422,0,-1.07669,0
1,10204,-0.360346,0,-1.83121,0,-0.874716,0
2,10204,-0.237834,0,-2.50709,0,-0.98348,0
3,10204,-0.887151,0,-1.91488,0,-0.867037,0
4,10204,-0.178551,0,-2.79541,0,-1.10592,0
5,10204,-0.378463,0,-1.95777,0,-0.876895,0
6,10204,-0.112419,0,-2.79791,0,-1.11538,0
7,10204,-0.95578,0,-2.27006,0,-0.986344,0
8,10204,0.10813,0,-2.96821,0,-1.11876,0
9,10204,-1.05738,0,-2.4193,0,-1.05439,0
10,10204,0.098327,0,-2.83475,0,-1.01907,0
1,10374,-1.95301,0,-1.81184,0,-0.203849,0
2,10374,-1.11225,0,-3.46784,0,-0.363038,0
3,10374,-0.806648,0,-2.50178,0,-0.380128,0
4,10374,0.140713,0,-3.78974,0,-0.423174,0
5,10374,-0.257455,0,-2.62714,0,-0.290728,0
6,10374,0.336777,0,1.32397,0,0.860191,0
7,10374,-0.777322,0,-2.50738,0,-0.135927,0
8,10374,-1.14777,0,0.574767,0,0.765458,0
9,10374,0.176004,0,-2.34163,0,-0.0618773,0
10,10374,1.51558,0,0.468984,0,1.05269,0
1,10502,-0.35361,0,-3.0382,0,-0.247831,0
2,10502,-0.663639,0,-4.05567,0,-0.234302,0
3,10502,-1.0218,0,-3.28422,0,-0.367933,0
4,10502,-0.382742,0,-3.97291,0,-0.254471,0
5,10502,-0.660444,0,-3.06215,0,-0.317818,0
6,10502,-0.785854,0,-3.86496,0,-0.199151,0
7,10502,-0.880855,0,-3.53826,0,-0.443713,0
8,10502,-0.905128,0,-3.77958,0,-0.158813,0
9,10502,-0.231194,0,-3.68919,0,-0.377447,0
10,10502,-0.645051,0,-3.82873,0,-0.133178,0
1,40067,-1.0173,0,-0.571731,0,0.322816,0
2,40067,-0.722723,0,-0.156431,0,0.347257,0
3,40067,-0.279764,0,-0.607664,0,0.242256,0
4,40067,-2.02484,0,-0.620521,0,0.155688,0
5,40067,0.320512,0,-0.313587,0,0.54944,0
6,40067,-0.306057,0,-0.914394,0,0.396964,0
7,40067,-0.0458521,0,1.22836,0,0.847524,0
8,40067,0.893736,0,-2.66036,0,0.0743345,0
9,40067,-1.28168,0,1.7044,0,0.800279,0
10,40067,0.301277,0,-1.79182,0,0.14321,0
1,40096,-0.535066,0,0.556777,0,-0.289148,0
2,40096,0.445877,0,-0.525806,0,-0.360875,0
3,40096,-1.18718,0,1.02401,0,-0.188087,0
4,40096,0.619138,0,-0.198699,0,-0.255489,0
5,40096,-0.877811,0,0.822634,0,-0.12802,0
6,40096,-0.137803,0,-0.0751173,0,-0.301857,0
7,40096,-0.68737,0,0.258389,0,-0.283582,0
8,40096,0.36944,0,-2.21039,0,-0.839192,0
9,40096,-1.1302,0,0.159806,0,-0.326497,0
10,40096,-0.977704,0,-2.07062,0,-0.855605,0
1,40134,-0.59501,0,-0.873662,0,-0.0281226,0
2,40134,-0.555862,0,-0.205893,0,0.0171777,0
3,40134,-0.191218,0,-0.765135,0,-0.052959,0
4,40134,0.16801,0,-1.04605,0,-0.0542646,0
5,40134,-1.70127,0,-0.80595,0,-0.135888,0
6,40134,-1.66531,0,-1.15399,0,-0.0494081,0
7,40134,0.12622,0,-1.17533,0,-0.138832,0
8,40134,0.127814,0,-1.44421,0,-0.0664581,0
9,40134,0.978122,0,-1.26523,0,0.104139,0
10,40134,0.333063,0,-1.61622,0,-0.0501535,0
1,40139,-1.82441,0,1.64784,0,1.22162,0
2,40139,-1.51607,0,-0.929399,0,1.05719,0
3,40139,-1.45495,0,1.71599,0,1.22446,0
4,40139,-0.969608,0,-0.957651,0,1.19606,0
5,40139,-1.62742,0,1.71182,0,1.21906,0
6,40139,-1.30828,0,-1.25688,0,1.1595,0
7,40139,-0.8359,0,1.52623,0,1.21975,0
8,40139,-0.837448,0,-1.06591,0,1.07949,0
9,40139,-1.26475,0,1.2875,0,1.25914,0
10,40139,0.042305,0,-1.06098,0,1.23052,0
1,40242,-0.770401,0,2.78494,0,0.63954,0
2,40242,0.157957,0,1.90037,0,0.589301,0
3,40242,-0.763383,0,2.13891,0,0.421637,0
4,40242,1.51449,0,1.83705,0,1.3371,0
5,40242,0.755171,0,1.14822,0,0.480647,0
6,40242,1.42629,0,0.488315,0,0.43415,0
7,40242,-1.48953,0,1.25627,0,0.140093,0
8,40242,0.582263,0,1.97615,0,0.628467,0
9,40242,0.0374238,0,0.570166,0,0.184507,0
10,40242,0.403365,0,-1.21563,0,-0.0629649,0
1,40283,1.4363,0,-3.9824,0,-0.0135624,0
2,40283,0.0023685,0,-0.519162,0,0.238664,0
3,40283,1.29452,0,-3.38771,0,0.124038,0
4,40283,0.0968473,0,-0.928371,0,0.0353011,0
5,40283,1.28032,0,-2.79028,0,0.130488,0
6,40283,-0.590679,0,-0.756274,0,0.0206268,0
7,40283,1.04635,0,-2.73532,0,0.24308,0
8,40283,-1.18001,0,-0.0360681,0,0.144652,0
9,40283,1.34735,0,-3.31777,0,0.148297,0
10,40283,-0.407786,0,0.177987,0,0.214496,0
1,40195,0.0721254,0,-2.97664,0,-0.0727969,0
2,40195,-0.721774,0,2.87381,0,0.42616,0
3,40195,-0.755578,0,-2.06526,0,0.046142,0
4,40195,0.348971,0,1.42235,0,0.130013,0
5,40195,-1.49375,0,0.843872,0,0.57875,0
6,40195,-0.48965,0,2.00967,0,0.248206,0
7,40195,-0.550966,0,0.404515,0,0.630744,0
8,40195,-1.6267,0,2.0617,0,0.23698,0
9,40195,-1.02372,0,0.409717,0,0.870059,0
10,40195,0.559549,0,1.87131,0,0.263448,0
1,40435,-1.8285,0,-0.860488,0,0.0642693,0
2,40435,-1.07004,0,-1.23619,0,0.429583,0
3,40435,-0.803204,0,-0.451226,0,0.0962593,0
4,40435,0.333652,0,-1.08334,0,0.362174,0
5,40435,1.13503,0,-0.548268,0,-0.0532968,0
6,40435,0.258094,0,-1.01207,0,0.151466,0
7,40435,-0.496108,0,-1.42392,0,0.0259465,0
8,40435,1.62114,0,-1.72827,0,0.552673,0
9,40435,-0.873789,0,-1.41761,0,0.128991,0
10,40435,-0.225004,0,-1.36438,0,0.463121,0
1,40492,0.833571,0,-0.517893,0,0.441398,0
2,40492,-2.04791,0,-2.25502,0,-0.371406,0
3,40492,-0.589944,0,1.18042,0,-0.00603663,0
4,40492,-2.09512,0,-2.13348,0,-0.627586,0
5,40492,0.533015,0,-2.29984,0,-0.191022,0
6,40492,0.431598,0,-1.49645,0,-0.228859,0
7,40492,-0.444291,0,-2.47577,0,-0.725815,0
8,40492,0.690702,0,0.475823,0,0.0217267,0
9,40492,1.4066,0,-2.48242,0,-0.529216,0
10,40492,-0.208698,0,-0.634355,0,-0.427623,0
1,40528,-0.728246,0,1.82064,0,0.286904,0
2,40528,-0.194109,0,1.41699,0,0.736033,0
3,40528,-1.16807,0,2.92839,0,0.603035,0
4,40528,-0.401425,0,0.964242,0,0.284116,0
5,40528,-0.0859129,0,2.82538,0,0.87935,0
6,40528,-2.05075,0,-1.53532,0,0.276735,0
7,40528,-1.94055,0,2.89107,0,0.695018,0
8,40528,-0.589462,0,-2.72278,0,0.498523,0
9,40528,-0.806064,0,1.72177,0,0.395187,0
10,40528,-1.01823,0,-1.22272,0,0.585247,0
1,40640,-1.36599,0,4.46255,0,1.14497,0
2,40640,-0.538401,0,-0.588344,0,0.443392,0
3,40640,0.0526172,0,1.66713,0,0.448556,0
4,40640,-0.681489,0,-1.1312,0,0.322998,0
5,40640,-0.707243,0,2.15069,0,0.367974,0
6,40640,-0.989059,0,-1.52637,0,0.368345,0
7,40640,-0.386384,0,1.04214,0,0.0969019,0
8,40640,-0.94599,0,-1.7613,0,0.498441,0
9,40640,-0.0797134,0,0.257237,0,0.121313,0
10,40640,-0.451626,0,-1.37126,0,0.491858,0
1,40652,0.0228015,0,-1.10601,0,0.302996,0
2,40652,0.0829567,0,-2.39431,0,-0.0784289,0
3,40652,-0.286874,0,-1.8771,0,0.295422,0
4,40652,0.97387,0,-1.81515,0,0.226091,0
5,40652,1.12337,0,-1.56402,0,0.276694,0
6,40652,-0.184796,0,-1.69761,0,0.285322,0
7,40652,1.45913,0,-1.10199,0,0.276377,0
8,40652,1.7901,0,-3.00549,0,0.145189,0
9,40652,-0.132031,0,-1.08951,0,0.0736515,0
10,40652,0.875376,0,-3.37715,0,0.0405034,0
1,40700,-0.455012,0,0.694532,0,0.606514,0
2,40700,-1.59434,0,-1.27243,0,0.0764554,0
3,40700,-1.08628,0,-1.37228,0,-0.414469,0
4,40700,-1.73887,0,-1.51611,0,-0.228289,0
5,40700,-0.502098,0,-3.55721,0,-0.395404,0
6,40700,-0.759229,0,-0.410203,0,0.814364,0
7,40700,0.120446,0,-4.30522,0,-0.463582,0
8,40700,-0.198507,0,1.04636,0,0.78629,0
9,40700,-0.96742,0,-2.45758,0,-0.36789,0
10,40700,-0.339091,0,1.30861,0,0.916641,0
1,41002,-0.699711,0,-0.615675,0,-0.403487,0
2,41002,0.342692,0,-4.24392,0,0.0273636,0
3,41002,-0.829336,0,-0.747204,0,-0.731197,0
4,41002,-1.02066,0,-4.21109,0,0.0365997,0
5,41002,0.390781,0,-0.876861,0,-0.557729,0
6,41002,-1.38868,0,-3.77146,0,-0.124206,0
7,41002,0.239932,0,-0.930465,0,-0.296108,0
8,41002,-0.669274,0,-3.67199,0,-0.13589,0
9,41002,-0.0795317,0,-4.67102,0,-0.161309,0
10,41002,-0.0408367,0,-3.51461,0,0.174518,0
1,40436,-0.238011,0,1.01095,0,-0.068171,0
2,40436,-0.213801,0,0.392709,0,-0.167275,0
3,40436,-0.149752,0,0.79965,0,-0.0502662,0
4,40436,0.400742,0,-0.26617,0,-0.274187,0
5,40436,-0.508065,0,0.37511,0,-0.0705639,0
6,40436,0.255547,0,-0.123291,0,-0.307146,0
7,40436,0.0390368,0,0.35628,0,0.00804935,0
8,40436,0.351742,0,-0.280953,0,-0.184318,0
9,40436,-0.30444,0,0.261323,0,-0.0788816,0
10,40436,0.34327,0,-0.406261,0,-0.131658,0
1,40491,-1.18796,0,-2.7004,0,-1.1304,0
2,40491,0.0404167,0,-0.485212,0,-0.107432,0
3,40491,-1.37398,0,-3.14854,0,-1.24186,0
4,40491,0.335988,0,-1.65085,0,-0.20502,0
5,40491,-1.59171,0,-2.78207,0,-1.13816,0
6,40491,1.07864,0,-1.45637,0,-0.0482957,0
7,40491,-3.02653,0,-2.32439,0,-1.09219,0
8,40491,1.68556,0,-1.4922,0,0.109077,0
9,40491,-3.14319,0,-2.41796,0,-1.21819,0
10,40491,1.28419,0,-1.23279,0,0.254593,0
1,40737,-2.01866,0,0.371261,0,0.565176,0
2,40737,0.0697272,0,-1.55121,0,-0.0547054,0
3,40737,-1.82453,0,2.66654,0,0.787417,0
4,40737,0.210047,0,0.92569,0,0.245468,0
5,40737,-0.551715,0,-1.84282,0,0.0991562,0
6,40737,-0.31779,0,0.726928,0,0.191642,0
7,40737,-0.3212,0,-2.15092,0,-0.0661322,0
8,40737,-0.0155851,0,1.05268,0,0.333557,0
9,40737,0.152242,0,2.13405,0,0.858096,0
10,40737,-2.12743,0,1.5429,0,0.343168,0
