initT_abscissa,initT_cdf,dS_abscissa,dS_cdf,lBt0_abscissa,lBt0_cdf,lw_abscissa,lw_cdf,lI50_abscissa,lI50_cdf,split
-3.02382,0,0.0216925,0,-5.42134,0,-0.131283,0,-1.55545,0,All
-2.8919,0.00196078,0.0279684,0.00196078,-5.08997,0.00196078,0.186698,0.00196078,-1.28541,0.00196078,All
-2.77697,0.00392157,0.0309,0.00392157,-5.03629,0.00392157,0.246891,0.00392157,-1.27685,0.00392157,All
-2.75637,0.00588235,0.0309908,0.00588235,-5.02326,0.00588235,0.255451,0.00588235,-1.27017,0.00588235,All
-2.74204,0.00784314,0.0315062,0.00784314,-5.00468,0.00784314,0.283345,0.00784314,-1.26992,0.00784314,All
-2.64671,0.00980392,0.0329401,0.00980392,-4.9897,0.00980392,0.345943,0.00980392,-1.26954,0.00980392,All
-2.64578,0.0117647,0.0339524,0.0117647,-4.97093,0.0117647,0.35138,0.0117647,-1.26657,0.0117647,All
-2.62717,0.0137255,0.0342053,0.0137255,-4.9616,0.0137255,0.380042,0.0137255,-1.26358,0.0137255,All
-2.62268,0.0156863,0.0344774,0.0156863,-4.9555,0.0156863,0.391287,0.0156863,-1.26303,0.0156863,All
-2.59279,0.0176471,0.0347402,0.0176471,-4.94646,0.0176471,0.405046,0.0176471,-1.26163,0.0176471,All
-2.58927,0.0196078,0.0356959,0.0196078,-4.92424,0.0196078,0.410738,0.0196078,-1.25625,0.0196078,All
-2.5837,0.0215686,0.0370545,0.0215686,-4.90124,0.0215686,0.414748,0.0215686,-1.25605,0.0215686,All
-2.58187,0.0235294,0.0379893,0.0235294,-4.87941,0.0235294,0.418639,0.0235294,-1.25565,0.0235294,All
-2.57582,0.0254902,0.0384435,0.0254902,-4.87368,0.0254902,0.418686,0.0254902,-1.25495,0.0254902,All
-2.56679,0.027451,0.0394657,0.027451,-4.87095,0.027451,0.420372,0.027451,-1.25388,0.027451,All
-2.55872,0.0294118,0.0400452,0.0294118,-4.8542,0.0294118,0.428156,0.0294118,-1.25367,0.0294118,All
-2.53031,0.0313725,0.0407832,0.0313725,-4.84877,0.0313725,0.432746,0.0313725,-1.25359,0.0313725,All
-2.52682,0.0333333,0.040907,0.0333333,-4.84089,0.0333333,0.434161,0.0333333,-1.25358,0.0333333,All
-2.52602,0.0352941,0.041639,0.0352941,-4.83628,0.0352941,0.434393,0.0352941,-1.25346,0.0352941,All
-2.49134,0.0372549,0.0417178,0.0372549,-4.83487,0.0372549,0.43593,0.0372549,-1.25096,0.0372549,All
-2.47727,0.0392157,0.0418118,0.0392157,-4.82098,0.0392157,0.440321,0.0392157,-1.25078,0.0392157,All
-2.47245,0.0411765,0.0418395,0.0411765,-4.8154,0.0411765,0.446349,0.0411765,-1.25069,0.0411765,All
-2.46963,0.0431373,0.0418541,0.0431373,-4.81117,0.0431373,0.453489,0.0431373,-1.25045,0.0431373,All
-2.46708,0.045098,0.0424064,0.045098,-4.80916,0.045098,0.45421,0.045098,-1.24976,0.045098,All
-2.46682,0.0470588,0.0424965,0.0470588,-4.80772,0.0470588,0.454777,0.0470588,-1.24971,0.0470588,All
-2.46672,0.0490196,0.0426688,0.0490196,-4.804,0.0490196,0.456539,0.0490196,-1.24853,0.0490196,All
-2.4626,0.0509804,0.0428529,0.0509804,-4.80204,0.0509804,0.45808,0.0509804,-1.24817,0.0509804,All
-2.45848,0.0529412,0.0429521,0.0529412,-4.80004,0.0529412,0.459457,0.0529412,-1.24795,0.0529412,All
-2.45606,0.054902,0.0430072,0.054902,-4.79783,0.054902,0.461742,0.054902,-1.24747,0.054902,All
-2.45423,0.0568627,0.0431413,0.0568627,-4.79763,0.0568627,0.469303,0.0568627,-1.24723,0.0568627,All
-2.45354,0.0588235,0.0432054,0.0588235,-4.79384,0.0588235,0.469567,0.0588235,-1.24673,0.0588235,All
-2.45218,0.0607843,0.043237,0.0607843,-4.79321,0.0607843,0.469658,0.0607843,-1.24607,0.0607843,All
-2.45217,0.0627451,0.0434384,0.0627451,-4.79292,0.0627451,0.469925,0.0627451,-1.24538,0.0627451,All
-2.45205,0.0647059,0.0434418,0.0647059,-4.79098,0.0647059,0.470405,0.0647059,-1.24533,0.0647059,All
-2.44775,0.0666667,0.0435769,0.0666667,-4.79044,0.0666667,0.471322,0.0666667,-1.24524,0.0666667,All
-2.4475,0.0686275,0.0435895,0.0686275,-4.78737,0.0686275,0.474471,0.0686275,-1.24451,0.0686275,All
-2.4459,0.0705882,0.0436353,0.0705882,-4.78724,0.0705882,0.474535,0.0705882,-1.24438,0.0705882,All
-2.43636,0.072549,0.0436967,0.072549,-4.78714,0.072549,0.474732,0.072549,-1.2441,0.072549,All
-2.42962,0.0745098,0.0437198,0.0745098,-4.78455,0.0745098,0.47793,0.0745098,-1.24234,0.0745098,All
-2.42671,0.0764706,0.0438988,0.0764706,-4.78419,0.0764706,0.481725,0.0764706,-1.24187,0.0764706,All
-2.42506,0.0784314,0.0442073,0.0784314,-4.78408,0.0784314,0.484921,0.0784314,-1.24079,0.0784314,All
-2.42277,0.0803922,0.0444365,0.0803922,-4.7809,0.0803922,0.485485,0.0803922,-1.24039,0.0803922,All
-2.42251,0.0823529,0.0444872,0.0823529,-4.78026,0.0823529,0.486339,0.0823529,-1.23936,0.0823529,All
-2.41827,0.0843137,0.0446015,0.0843137,-4.77805,0.0843137,0.487193,0.0843137,-1.23901,0.0843137,All
-2.41769,0.0862745,0.0447308,0.0862745,-4.77767,0.0862745,0.490191,0.0862745,-1.23865,0.0862745,All
-2.41404,0.0882353,0.044732,0.0882353,-4.77735,0.0882353,0.490706,0.0882353,-1.2383,0.0882353,All
-2.41237,0.0901961,0.0447367,0.0901961,-4.77483,0.0901961,0.497808,0.0901961,-1.2382,0.0901961,All
-2.41198,0.0921569,0.0449561,0.0921569,-4.77363,0.0921569,0.499446,0.0921569,-1.23786,0.0921569,All
-2.41088,0.0941176,0.0449961,0.0941176,-4.77347,0.0941176,0.501521,0.0941176,-1.23695,0.0941176,All
-2.41018,0.0960784,0.0450732,0.0960784,-4.77023,0.0960784,0.507041,0.0960784,-1.23657,0.0960784,All
-2.40427,0.0980392,0.0451292,0.0980392,-4.76965,0.0980392,0.508667,0.0980392,-1.23637,0.0980392,All
-2.40392,0.1,0.0451489,0.1,-4.76497,0.1,0.508986,0.1,-1.2359,0.1,All
-2.40363,0.101961,0.045307,0.101961,-4.76151,0.101961,0.509034,0.101961,-1.23524,0.101961,All
-2.40312,0.103922,0.0454339,0.103922,-4.76062,0.103922,0.511331,0.103922,-1.23469,0.103922,All
-2.40088,0.105882,0.0455115,0.105882,-4.75625,0.105882,0.516038,0.105882,-1.23464,0.105882,All
-2.39947,0.107843,0.0455398,0.107843,-4.75457,0.107843,0.516097,0.107843,-1.23351,0.107843,All
-2.39853,0.109804,0.0455987,0.109804,-4.754,0.109804,0.51857,0.109804,-1.23284,0.109804,All
-2.39767,0.111765,0.0457551,0.111765,-4.75223,0.111765,0.519059,0.111765,-1.23272,0.111765,All
-2.3961,0.113725,0.0460817,0.113725,-4.75025,0.113725,0.519266,0.113725,-1.23253,0.113725,All
-2.39394,0.115686,0.046139,0.115686,-4.74982,0.115686,0.520117,0.115686,-1.23247,0.115686,All
-2.39378,0.117647,0.0462225,0.117647,-4.74929,0.117647,0.52054,0.117647,-1.2324,0.117647,All
-2.39166,0.119608,0.0462886,0.119608,-4.749,0.119608,0.524036,0.119608,-1.23236,0.119608,All
-2.38716,0.121569,0.0464503,0.121569,-4.7489,0.121569,0.526174,0.121569,-1.2317,0.121569,All
-2.38646,0.123529,0.0466151,0.123529,-4.74682,0.123529,0.527301,0.123529,-1.23147,0.123529,All
-2.38557,0.12549,0.0466153,0.12549,-4.74672,0.12549,0.527581,0.12549,-1.23139,0.12549,All
-2.38467,0.127451,0.0467055,0.127451,-4.74646,0.127451,0.532547,0.127451,-1.23122,0.127451,All
-2.38387,0.129412,0.0468095,0.129412,-4.74064,0.129412,0.532814,0.129412,-1.23073,0.129412,All
-2.38089,0.131373,0.0469673,0.131373,-4.74036,0.131373,0.532912,0.131373,-1.23061,0.131373,All
-2.3792,0.133333,0.0471444,0.133333,-4.73919,0.133333,0.533993,0.133333,-1.23059,0.133333,All
-2.37742,0.135294,0.0472876,0.135294,-4.73865,0.135294,0.534074,0.135294,-1.23054,0.135294,All
-2.3774,0.137255,0.0474559,0.137255,-4.73783,0.137255,0.535815,0.137255,-1.23053,0.137255,All
-2.37598,0.139216,0.0476708,0.139216,-4.73759,0.139216,0.537574,0.139216,-1.2298,0.139216,All
-2.37588,0.141176,0.047688,0.141176,-4.73724,0.141176,0.53868,0.141176,-1.22974,0.141176,All
-2.37447,0.143137,0.047842,0.143137,-4.73524,0.143137,0.539286,0.143137,-1.22963,0.143137,All
-2.36851,0.145098,0.0480161,0.145098,-4.73477,0.145098,0.539505,0.145098,-1.22888,0.145098,All
-2.36545,0.147059,0.0480678,0.147059,-4.73381,0.147059,0.540942,0.147059,-1.22882,0.147059,All
-2.36104,0.14902,0.0480993,0.14902,-4.73237,0.14902,0.541778,0.14902,-1.2286,0.14902,All
-2.35727,0.15098,0.0481329,0.15098,-4.73225,0.15098,0.543213,0.15098,-1.22821,0.15098,All
-2.35396,0.152941,0.0481416,0.152941,-4.73204,0.152941,0.543949,0.152941,-1.22806,0.152941,All
-2.34977,0.154902,0.0481591,0.154902,-4.731,0.154902,0.543991,0.154902,-1.22795,0.154902,All
-2.34817,0.156863,0.0484026,0.156863,-4.73016,0.156863,0.544261,0.156863,-1.2269,0.156863,All
-2.34478,0.158824,0.0485449,0.158824,-4.72643,0.158824,0.546231,0.158824,-1.22668,0.158824,All
-2.34399,0.160784,0.0485539,0.160784,-4.72303,0.160784,0.546433,0.160784,-1.22668,0.160784,All
-2.34385,0.162745,0.0485645,0.162745,-4.72299,0.162745,0.546533,0.162745,-1.22587,0.162745,All
-2.33972,0.164706,0.0486313,0.164706,-4.72124,0.164706,0.546724,0.164706,-1.2258,0.164706,All
-2.3395,0.166667,0.0486534,0.166667,-4.71755,0.166667,0.547798,0.166667,-1.22573,0.166667,All
-2.33875,0.168627,0.0489711,0.168627,-4.7175,0.168627,0.548797,0.168627,-1.22566,0.168627,All
-2.33311,0.170588,0.0491647,0.170588,-4.71652,0.170588,0.549073,0.170588,-1.22556,0.170588,All
-2.3308,0.172549,0.0491705,0.172549,-4.71638,0.172549,0.549266,0.172549,-1.22525,0.172549,All
-2.32944,0.17451,0.0491967,0.17451,-4.71541,0.17451,0.549864,0.17451,-1.22523,0.17451,All
-2.32806,0.176471,0.0493708,0.176471,-4.70812,0.176471,0.55121,0.176471,-1.22477,0.176471,All
-2.32676,0.178431,0.0493743,0.178431,-4.70764,0.178431,0.551535,0.178431,-1.22453,0.178431,All
-2.32668,0.180392,0.0495229,0.180392,-4.70582,0.180392,0.554424,0.180392,-1.22375,0.180392,All
-2.32529,0.182353,0.0496622,0.182353,-4.70498,0.182353,0.554507,0.182353,-1.22373,0.182353,All
-2.32438,0.184314,0.0496761,0.184314,-4.70327,0.184314,0.556638,0.184314,-1.22357,0.184314,All
-2.31959,0.186275,0.0498424,0.186275,-4.69906,0.186275,0.556743,0.186275,-1.22312,0.186275,All
-2.3181,0.188235,0.0499409,0.188235,-4.69897,0.188235,0.556855,0.188235,-1.22232,0.188235,All
-2.31652,0.190196,0.0500297,0.190196,-4.69858,0.190196,0.557139,0.190196,-1.22223,0.190196,All
-2.31583,0.192157,0.0501414,0.192157,-4.6965,0.192157,0.557624,0.192157,-1.22178,0.192157,All
-2.31544,0.194118,0.0503217,0.194118,-4.69632,0.194118,0.55815,0.194118,-1.22173,0.194118,All
-2.31151,0.196078,0.0504107,0.196078,-4.69571,0.196078,0.558508,0.196078,-1.22171,0.196078,All
-2.31117,0.198039,0.0504705,0.198039,-4.69162,0.198039,0.558685,0.198039,-1.22166,0.198039,All
-2.30796,0.2,0.0505095,0.2,-4.69023,0.2,0.560373,0.2,-1.22137,0.2,All
-2.30666,0.201961,0.0509698,0.201961,-4.68802,0.201961,0.563095,0.201961,-1.22074,0.201961,All
-2.30606,0.203922,0.0510606,0.203922,-4.68417,0.203922,0.563844,0.203922,-1.22052,0.203922,All
-2.30547,0.205882,0.0510693,0.205882,-4.68399,0.205882,0.563845,0.205882,-1.22028,0.205882,All
-2.30444,0.207843,0.0511895,0.207843,-4.68253,0.207843,0.564961,0.207843,-1.21993,0.207843,All
-2.30177,0.209804,0.0512341,0.209804,-4.6814,0.209804,0.565174,0.209804,-1.21954,0.209804,All
-2.30139,0.211765,0.0512802,0.211765,-4.68,0.211765,0.56531,0.211765,-1.21933,0.211765,All
-2.30133,0.213725,0.0512819,0.213725,-4.679,0.213725,0.565938,0.213725,-1.21913,0.213725,All
-2.30009,0.215686,0.0514447,0.215686,-4.67894,0.215686,0.567068,0.215686,-1.21882,0.215686,All
-2.29883,0.217647,0.0515186,0.217647,-4.67891,0.217647,0.570014,0.217647,-1.21875,0.217647,All
-2.29572,0.219608,0.0515533,0.219608,-4.67743,0.219608,0.570696,0.219608,-1.21837,0.219608,All
-2.29433,0.221569,0.0516787,0.221569,-4.67739,0.221569,0.571412,0.221569,-1.21818,0.221569,All
-2.29377,0.223529,0.0517859,0.223529,-4.67669,0.223529,0.572016,0.223529,-1.21785,0.223529,All
-2.29352,0.22549,0.0518459,0.22549,-4.67446,0.22549,0.5725,0.22549,-1.21777,0.22549,All
-2.29265,0.227451,0.0520136,0.227451,-4.67273,0.227451,0.573036,0.227451,-1.21729,0.227451,All
-2.29112,0.229412,0.052071,0.229412,-4.67156,0.229412,0.573802,0.229412,-1.21727,0.229412,All
-2.29084,0.231373,0.0520985,0.231373,-4.67089,0.231373,0.573915,0.231373,-1.21673,0.231373,All
-2.29034,0.233333,0.0523523,0.233333,-4.67055,0.233333,0.574401,0.233333,-1.21643,0.233333,All
-2.28866,0.235294,0.0525111,0.235294,-4.67004,0.235294,0.575931,0.235294,-1.21628,0.235294,All
-2.28809,0.237255,0.0525116,0.237255,-4.66895,0.237255,0.576117,0.237255,-1.21543,0.237255,All
-2.28781,0.239216,0.052562,0.239216,-4.66773,0.239216,0.576117,0.239216,-1.21538,0.239216,All
-2.28724,0.241176,0.0525972,0.241176,-4.66641,0.241176,0.578094,0.241176,-1.21522,0.241176,All
-2.28479,0.243137,0.0527293,0.243137,-4.66541,0.243137,0.579718,0.243137,-1.21496,0.243137,All
-2.28131,0.245098,0.052844,0.245098,-4.66502,0.245098,0.580606,0.245098,-1.21484,0.245098,All
-2.28121,0.247059,0.0528504,0.247059,-4.66231,0.247059,0.580901,0.247059,-1.2147,0.247059,All
-2.27828,0.24902,0.0531366,0.24902,-4.66133,0.24902,0.58101,0.24902,-1.21392,0.24902,All
-2.2781,0.25098,0.0531408,0.25098,-4.6601,0.25098,0.583533,0.25098,-1.21368,0.25098,All
-2.27729,0.252941,0.0533609,0.252941,-4.66006,0.252941,0.584431,0.252941,-1.2135,0.252941,All
-2.27719,0.254902,0.0533909,0.254902,-4.6596,0.254902,0.584484,0.254902,-1.21335,0.254902,All
-2.27646,0.256863,0.0534083,0.256863,-4.65898,0.256863,0.584756,0.256863,-1.21292,0.256863,All
-2.27537,0.258824,0.0534691,0.258824,-4.65869,0.258824,0.585608,0.258824,-1.21275,0.258824,All
-2.27528,0.260784,0.0535515,0.260784,-4.65834,0.260784,0.585893,0.260784,-1.21261,0.260784,All
-2.27491,0.262745,0.0535542,0.262745,-4.65798,0.262745,0.585995,0.262745,-1.21253,0.262745,All
-2.27406,0.264706,0.0536461,0.264706,-4.65774,0.264706,0.587332,0.264706,-1.2124,0.264706,All
-2.27012,0.266667,0.0536501,0.266667,-4.6562,0.266667,0.587849,0.266667,-1.21226,0.266667,All
-2.26974,0.268627,0.0537407,0.268627,-4.65415,0.268627,0.588266,0.268627,-1.21185,0.268627,All
-2.26712,0.270588,0.0539292,0.270588,-4.65355,0.270588,0.588944,0.270588,-1.21157,0.270588,All
-2.26287,0.272549,0.054041,0.272549,-4.65277,0.272549,0.588954,0.272549,-1.21153,0.272549,All
-2.25741,0.27451,0.0541768,0.27451,-4.65234,0.27451,0.589533,0.27451,-1.21116,0.27451,All
-2.25195,0.276471,0.0541843,0.276471,-4.65215,0.276471,0.590388,0.276471,-1.21102,0.276471,All
-2.25065,0.278431,0.0542426,0.278431,-4.65163,0.278431,0.591698,0.278431,-1.21096,0.278431,All
-2.24978,0.280392,0.0543804,0.280392,-4.65146,0.280392,0.593122,0.280392,-1.21075,0.280392,All
-2.24842,0.282353,0.0544025,0.282353,-4.64999,0.282353,0.593988,0.282353,-1.21069,0.282353,All
-2.24829,0.284314,0.0544452,0.284314,-4.64956,0.284314,0.595228,0.284314,-1.21047,0.284314,All
-2.24728,0.286275,0.0545268,0.286275,-4.64893,0.286275,0.595883,0.286275,-1.21043,0.286275,All
-2.24565,0.288235,0.0546707,0.288235,-4.64875,0.288235,0.596895,0.288235,-1.21021,0.288235,All
-2.24547,0.290196,0.0546797,0.290196,-4.64634,0.290196,0.597624,0.290196,-1.20995,0.290196,All
-2.24528,0.292157,0.0547198,0.292157,-4.64544,0.292157,0.600574,0.292157,-1.20987,0.292157,All
-2.24446,0.294118,0.0548278,0.294118,-4.64505,0.294118,0.600614,0.294118,-1.20973,0.294118,All
-2.24289,0.296078,0.0548439,0.296078,-4.64228,0.296078,0.601941,0.296078,-1.20921,0.296078,All
-2.24197,0.298039,0.054866,0.298039,-4.64143,0.298039,0.6029,0.298039,-1.20911,0.298039,All
-2.23557,0.3,0.0548819,0.3,-4.64124,0.3,0.603883,0.3,-1.20887,0.3,All
-2.23539,0.301961,0.0548991,0.301961,-4.64118,0.301961,0.603991,0.301961,-1.20866,0.301961,All
-2.23495,0.303922,0.0549462,0.303922,-4.6403,0.303922,0.604413,0.303922,-1.20812,0.303922,All
-2.23445,0.305882,0.0549592,0.305882,-4.63905,0.305882,0.604531,0.305882,-1.20808,0.305882,All
-2.23192,0.307843,0.0549601,0.307843,-4.63893,0.307843,0.605213,0.307843,-1.20788,0.307843,All
-2.23033,0.309804,0.0550043,0.309804,-4.6388,0.309804,0.605643,0.309804,-1.20781,0.309804,All
-2.23014,0.311765,0.0550063,0.311765,-4.63736,0.311765,0.605958,0.311765,-1.20756,0.311765,All
-2.22813,0.313725,0.0550155,0.313725,-4.63587,0.313725,0.606481,0.313725,-1.20737,0.313725,All
-2.2238,0.315686,0.0550311,0.315686,-4.63378,0.315686,0.607172,0.315686,-1.20715,0.315686,All
-2.22042,0.317647,0.0551232,0.317647,-4.63228,0.317647,0.608621,0.317647,-1.20678,0.317647,All
-2.21869,0.319608,0.0552323,0.319608,-4.63154,0.319608,0.60911,0.319608,-1.20674,0.319608,All
-2.21749,0.321569,0.0552647,0.321569,-4.6308,0.321569,0.610186,0.321569,-1.20671,0.321569,All
-2.21603,0.323529,0.0552721,0.323529,-4.63075,0.323529,0.612202,0.323529,-1.20668,0.323529,All
-2.21475,0.32549,0.0554102,0.32549,-4.63025,0.32549,0.612403,0.32549,-1.20631,0.32549,All
-2.21345,0.327451,0.0554634,0.327451,-4.63008,0.327451,0.61439,0.327451,-1.206,0.327451,All
-2.21256,0.329412,0.0554997,0.329412,-4.6291,0.329412,0.614798,0.329412,-1.20562,0.329412,All
-2.21114,0.331373,0.0556932,0.331373,-4.62866,0.331373,0.614986,0.331373,-1.20555,0.331373,All
-2.21096,0.333333,0.0557494,0.333333,-4.6271,0.333333,0.615012,0.333333,-1.20535,0.333333,All
-2.21005,0.335294,0.055794,0.335294,-4.62607,0.335294,0.616447,0.335294,-1.20531,0.335294,All
-2.20935,0.337255,0.0558194,0.337255,-4.62576,0.337255,0.616637,0.337255,-1.2053,0.337255,All
-2.20839,0.339216,0.0558942,0.339216,-4.62433,0.339216,0.616735,0.339216,-1.20523,0.339216,All
-2.20622,0.341176,0.0559603,0.341176,-4.62364,0.341176,0.617574,0.341176,-1.2052,0.341176,All
-2.20621,0.343137,0.055964,0.343137,-4.62211,0.343137,0.618447,0.343137,-1.20518,0.343137,All
-2.20539,0.345098,0.0560883,0.345098,-4.62149,0.345098,0.61865,0.345098,-1.205,0.345098,All
-2.20169,0.347059,0.0560909,0.347059,-4.62087,0.347059,0.61874,0.347059,-1.20467,0.347059,All
-2.20075,0.34902,0.0561652,0.34902,-4.62033,0.34902,0.61894,0.34902,-1.20459,0.34902,All
-2.20062,0.35098,0.0562423,0.35098,-4.61981,0.35098,0.620013,0.35098,-1.20439,0.35098,All
-2.19968,0.352941,0.0563522,0.352941,-4.61964,0.352941,0.620164,0.352941,-1.20429,0.352941,All
-2.19807,0.354902,0.0563621,0.354902,-4.61934,0.354902,0.620843,0.354902,-1.20415,0.354902,All
-2.19693,0.356863,0.0563755,0.356863,-4.6188,0.356863,0.623525,0.356863,-1.2041,0.356863,All
-2.19622,0.358824,0.0564911,0.358824,-4.61676,0.358824,0.623639,0.358824,-1.20409,0.358824,All
-2.19573,0.360784,0.0564959,0.360784,-4.61605,0.360784,0.623666,0.360784,-1.20396,0.360784,All
-2.19433,0.362745,0.0565795,0.362745,-4.61457,0.362745,0.624632,0.362745,-1.20395,0.362745,All
-2.19432,0.364706,0.0566108,0.364706,-4.61381,0.364706,0.624858,0.364706,-1.20383,0.364706,All
-2.19416,0.366667,0.0566602,0.366667,-4.61378,0.366667,0.627082,0.366667,-1.20375,0.366667,All
-2.19142,0.368627,0.0568817,0.368627,-4.61376,0.368627,0.627589,0.368627,-1.20374,0.368627,All
-2.19095,0.370588,0.0569113,0.370588,-4.61174,0.370588,0.630516,0.370588,-1.20373,0.370588,All
-2.19013,0.372549,0.0569422,0.372549,-4.61161,0.372549,0.631711,0.372549,-1.20316,0.372549,All
-2.18952,0.37451,0.0570623,0.37451,-4.61082,0.37451,0.631917,0.37451,-1.20312,0.37451,All
-2.18952,0.376471,0.0571571,0.376471,-4.60872,0.376471,0.63394,0.376471,-1.20298,0.376471,All
-2.18619,0.378431,0.0572886,0.378431,-4.60836,0.378431,0.633975,0.378431,-1.20282,0.378431,All
-2.18603,0.380392,0.0574099,0.380392,-4.60827,0.380392,0.634206,0.380392,-1.20274,0.380392,All
-2.1857,0.382353,0.0574278,0.382353,-4.6065,0.382353,0.634328,0.382353,-1.20259,0.382353,All
-2.18557,0.384314,0.0575446,0.384314,-4.60632,0.384314,0.637201,0.384314,-1.20249,0.384314,All
-2.18544,0.386275,0.0576161,0.386275,-4.60531,0.386275,0.637572,0.386275,-1.20238,0.386275,All
-2.1812,0.388235,0.0577162,0.388235,-4.60519,0.388235,0.638253,0.388235,-1.20224,0.388235,All
-2.17852,0.390196,0.0577746,0.390196,-4.60352,0.390196,0.638389,0.390196,-1.20138,0.390196,All
-2.17828,0.392157,0.0577966,0.392157,-4.60224,0.392157,0.638806,0.392157,-1.20128,0.392157,All
-2.1779,0.394118,0.0578427,0.394118,-4.59923,0.394118,0.639097,0.394118,-1.20095,0.394118,All
-2.17663,0.396078,0.057876,0.396078,-4.59848,0.396078,0.639102,0.396078,-1.20085,0.396078,All
-2.17552,0.398039,0.0580598,0.398039,-4.59718,0.398039,0.639727,0.398039,-1.20082,0.398039,All
-2.17445,0.4,0.0581505,0.4,-4.59686,0.4,0.639807,0.4,-1.20075,0.4,All
-2.17393,0.401961,0.0581872,0.401961,-4.5962,0.401961,0.64039,0.401961,-1.20042,0.401961,All
-2.17359,0.403922,0.0582437,0.403922,-4.5955,0.403922,0.640937,0.403922,-1.20026,0.403922,All
-2.17247,0.405882,0.0582878,0.405882,-4.59545,0.405882,0.64243,0.405882,-1.20016,0.405882,All
-2.17211,0.407843,0.0583656,0.407843,-4.59411,0.407843,0.64264,0.407843,-1.19981,0.407843,All
-2.17133,0.409804,0.0584803,0.409804,-4.5938,0.409804,0.64293,0.409804,-1.19975,0.409804,All
-2.17094,0.411765,0.0586686,0.411765,-4.59339,0.411765,0.643492,0.411765,-1.19953,0.411765,All
-2.16875,0.413725,0.0587084,0.413725,-4.59307,0.413725,0.643684,0.413725,-1.19947,0.413725,All
-2.16824,0.415686,0.0587986,0.415686,-4.59299,0.415686,0.644663,0.415686,-1.19941,0.415686,All
-2.16753,0.417647,0.058813,0.417647,-4.5928,0.417647,0.645309,0.417647,-1.19922,0.417647,All
-2.16742,0.419608,0.0588825,0.419608,-4.58984,0.419608,0.645583,0.419608,-1.1992,0.419608,All
-2.16698,0.421569,0.0589077,0.421569,-4.58807,0.421569,0.646166,0.421569,-1.19905,0.421569,All
-2.16684,0.423529,0.0589089,0.423529,-4.58738,0.423529,0.646534,0.423529,-1.19902,0.423529,All
-2.16679,0.42549,0.0589098,0.42549,-4.58708,0.42549,0.646947,0.42549,-1.199,0.42549,All
-2.16667,0.427451,0.0589127,0.427451,-4.58636,0.427451,0.647442,0.427451,-1.19884,0.427451,All
-2.16657,0.429412,0.0589408,0.429412,-4.58393,0.429412,0.648195,0.429412,-1.198,0.429412,All
-2.16642,0.431373,0.0590852,0.431373,-4.58359,0.431373,0.648239,0.431373,-1.19797,0.431373,All
-2.16506,0.433333,0.0593491,0.433333,-4.58351,0.433333,0.649644,0.433333,-1.19791,0.433333,All
-2.16386,0.435294,0.0593795,0.435294,-4.58199,0.435294,0.650216,0.435294,-1.1978,0.435294,All
-2.16294,0.437255,0.0596399,0.437255,-4.58153,0.437255,0.650835,0.437255,-1.19772,0.437255,All
-2.16208,0.439216,0.0596452,0.439216,-4.58048,0.439216,0.653913,0.439216,-1.19763,0.439216,All
-2.1596,0.441176,0.0597523,0.441176,-4.57974,0.441176,0.655097,0.441176,-1.19759,0.441176,All
-2.15874,0.443137,0.0598319,0.443137,-4.57957,0.443137,0.655826,0.443137,-1.19752,0.443137,All
-2.15653,0.445098,0.0601404,0.445098,-4.57928,0.445098,0.65682,0.445098,-1.19734,0.445098,All
-2.15565,0.447059,0.0602387,0.447059,-4.57681,0.447059,0.656916,0.447059,-1.19705,0.447059,All
-2.15512,0.44902,0.060265,0.44902,-4.57549,0.44902,0.659904,0.44902,-1.19688,0.44902,All
-2.15476,0.45098,0.0602796,0.45098,-4.57475,0.45098,0.660305,0.45098,-1.19632,0.45098,All
-2.15311,0.452941,0.0603073,0.452941,-4.57465,0.452941,0.661229,0.452941,-1.19599,0.452941,All
-2.14924,0.454902,0.0603617,0.454902,-4.57458,0.454902,0.661575,0.454902,-1.19549,0.454902,All
-2.14832,0.456863,0.0603624,0.456863,-4.57287,0.456863,0.6628,0.456863,-1.19539,0.456863,All
-2.14832,0.458824,0.0604064,0.458824,-4.57103,0.458824,0.662896,0.458824,-1.19517,0.458824,All
-2.14791,0.460784,0.0604291,0.460784,-4.57079,0.460784,0.66341,0.460784,-1.19485,0.460784,All
-2.14632,0.462745,0.060478,0.462745,-4.5681,0.462745,0.664617,0.462745,-1.19454,0.462745,All
-2.14472,0.464706,0.0606747,0.464706,-4.5672,0.464706,0.666983,0.464706,-1.19424,0.464706,All
-2.14432,0.466667,0.0606858,0.466667,-4.56685,0.466667,0.667202,0.466667,-1.19396,0.466667,All
-2.14397,0.468627,0.0607243,0.468627,-4.56623,0.468627,0.667419,0.468627,-1.19389,0.468627,All
-2.14267,0.470588,0.0608506,0.470588,-4.56597,0.470588,0.667547,0.470588,-1.19378,0.470588,All
-2.14223,0.472549,0.0608584,0.472549,-4.56544,0.472549,0.66834,0.472549,-1.19283,0.472549,All
-2.14127,0.47451,0.0609022,0.47451,-4.56506,0.47451,0.669634,0.47451,-1.1925,0.47451,All
-2.13723,0.476471,0.0609117,0.476471,-4.56499,0.476471,0.670747,0.476471,-1.1924,0.476471,All
-2.13647,0.478431,0.0609247,0.478431,-4.56294,0.478431,0.67117,0.478431,-1.19207,0.478431,All
-2.13568,0.480392,0.0609454,0.480392,-4.56225,0.480392,0.671194,0.480392,-1.19175,0.480392,All
-2.13529,0.482353,0.0611898,0.482353,-4.56072,0.482353,0.671445,0.482353,-1.19172,0.482353,All
-2.134,0.484314,0.0612854,0.484314,-4.56028,0.484314,0.672452,0.484314,-1.1913,0.484314,All
-2.13355,0.486275,0.0614907,0.486275,-4.55767,0.486275,0.673704,0.486275,-1.19102,0.486275,All
-2.13271,0.488235,0.0615535,0.488235,-4.55744,0.488235,0.675076,0.488235,-1.191,0.488235,All
-2.13077,0.490196,0.0615548,0.490196,-4.55714,0.490196,0.675327,0.490196,-1.19074,0.490196,All
-2.13064,0.492157,0.0615898,0.492157,-4.55706,0.492157,0.676793,0.492157,-1.19054,0.492157,All
-2.13039,0.494118,0.0617348,0.494118,-4.55704,0.494118,0.67828,0.494118,-1.19046,0.494118,All
-2.1301,0.496078,0.0619014,0.496078,-4.55598,0.496078,0.680014,0.496078,-1.19025,0.496078,All
-2.12994,0.498039,0.0619167,0.498039,-4.55492,0.498039,0.680796,0.498039,-1.1902,0.498039,All
-2.12886,0.5,0.061995,0.5,-4.55475,0.5,0.681896,0.5,-1.18989,0.5,All
-2.12751,0.501961,0.062124,0.501961,-4.55438,0.501961,0.684178,0.501961,-1.1897,0.501961,All
-2.12603,0.503922,0.0622979,0.503922,-4.55357,0.503922,0.686064,0.503922,-1.1895,0.503922,All
-2.12529,0.505882,0.0623102,0.505882,-4.55216,0.505882,0.686774,0.505882,-1.18885,0.505882,All
-2.12463,0.507843,0.0623687,0.507843,-4.55048,0.507843,0.687479,0.507843,-1.18885,0.507843,All
-2.12364,0.509804,0.0623985,0.509804,-4.5497,0.509804,0.687743,0.509804,-1.18875,0.509804,All
-2.12275,0.511765,0.0625859,0.511765,-4.54922,0.511765,0.687805,0.511765,-1.18834,0.511765,All
-2.12225,0.513725,0.0627659,0.513725,-4.54857,0.513725,0.68873,0.513725,-1.18827,0.513725,All
-2.12152,0.515686,0.0627743,0.515686,-4.54679,0.515686,0.688833,0.515686,-1.18826,0.515686,All
-2.12141,0.517647,0.0627804,0.517647,-4.54465,0.517647,0.688951,0.517647,-1.18813,0.517647,All
-2.11987,0.519608,0.0627834,0.519608,-4.54446,0.519608,0.690652,0.519608,-1.18749,0.519608,All
-2.11824,0.521569,0.0628753,0.521569,-4.54346,0.521569,0.692107,0.521569,-1.18744,0.521569,All
-2.11689,0.523529,0.063021,0.523529,-4.54328,0.523529,0.692154,0.523529,-1.1874,0.523529,All
-2.11495,0.52549,0.0631952,0.52549,-4.54224,0.52549,0.692292,0.52549,-1.1873,0.52549,All
-2.11454,0.527451,0.0632562,0.527451,-4.54203,0.527451,0.692907,0.527451,-1.1872,0.527451,All
-2.1134,0.529412,0.0632961,0.529412,-4.54134,0.529412,0.693902,0.529412,-1.18701,0.529412,All
-2.11286,0.531373,0.0633095,0.531373,-4.54124,0.531373,0.694364,0.531373,-1.18663,0.531373,All
-2.11268,0.533333,0.0633754,0.533333,-4.54005,0.533333,0.69439,0.533333,-1.18657,0.533333,All
-2.11231,0.535294,0.0635435,0.535294,-4.53909,0.535294,0.694777,0.535294,-1.18655,0.535294,All
-2.11121,0.537255,0.063789,0.537255,-4.53872,0.537255,0.695948,0.537255,-1.18641,0.537255,All
-2.11113,0.539216,0.063854,0.539216,-4.53784,0.539216,0.696297,0.539216,-1.1862,0.539216,All
-2.11107,0.541176,0.0638717,0.541176,-4.53748,0.541176,0.697358,0.541176,-1.18609,0.541176,All
-2.11045,0.543137,0.0640821,0.543137,-4.53692,0.543137,0.697733,0.543137,-1.18596,0.543137,All
-2.11021,0.545098,0.0640957,0.545098,-4.53665,0.545098,0.698647,0.545098,-1.18573,0.545098,All
-2.10976,0.547059,0.0641056,0.547059,-4.53599,0.547059,0.698983,0.547059,-1.18562,0.547059,All
-2.10941,0.54902,0.0641358,0.54902,-4.53585,0.54902,0.70011,0.54902,-1.18549,0.54902,All
-2.10925,0.55098,0.0641856,0.55098,-4.53553,0.55098,0.700503,0.55098,-1.18525,0.55098,All
-2.10846,0.552941,0.0642946,0.552941,-4.53464,0.552941,0.701225,0.552941,-1.18516,0.552941,All
-2.10827,0.554902,0.0644808,0.554902,-4.53434,0.554902,0.701929,0.554902,-1.185,0.554902,All
-2.10768,0.556863,0.0645075,0.556863,-4.53331,0.556863,0.702587,0.556863,-1.1846,0.556863,All
-2.10584,0.558824,0.0646052,0.558824,-4.53243,0.558824,0.704267,0.558824,-1.1845,0.558824,All
-2.10563,0.560784,0.0647299,0.560784,-4.53225,0.560784,0.706099,0.560784,-1.18442,0.560784,All
-2.10556,0.562745,0.0647567,0.562745,-4.5321,0.562745,0.706122,0.562745,-1.18416,0.562745,All
-2.1043,0.564706,0.0649279,0.564706,-4.53046,0.564706,0.7066,0.564706,-1.18406,0.564706,All
-2.1031,0.566667,0.0649842,0.566667,-4.52913,0.566667,0.70804,0.566667,-1.18395,0.566667,All
-2.10246,0.568627,0.0651492,0.568627,-4.52649,0.568627,0.709129,0.568627,-1.18346,0.568627,All
-2.10238,0.570588,0.0651821,0.570588,-4.52523,0.570588,0.709499,0.570588,-1.1833,0.570588,All
-2.10122,0.572549,0.0652728,0.572549,-4.52517,0.572549,0.709749,0.572549,-1.18299,0.572549,All
-2.10099,0.57451,0.0652739,0.57451,-4.52478,0.57451,0.711522,0.57451,-1.18298,0.57451,All
-2.10038,0.576471,0.0654223,0.576471,-4.52399,0.576471,0.712401,0.576471,-1.18297,0.576471,All
-2.10005,0.578431,0.0654798,0.578431,-4.52219,0.578431,0.714546,0.578431,-1.18256,0.578431,All
-2.10003,0.580392,0.0655144,0.580392,-4.521,0.580392,0.716469,0.580392,-1.18229,0.580392,All
-2.09953,0.582353,0.0656172,0.582353,-4.51989,0.582353,0.718619,0.582353,-1.18224,0.582353,All
-2.09856,0.584314,0.0656456,0.584314,-4.51795,0.584314,0.719556,0.584314,-1.18209,0.584314,All
-2.09834,0.586275,0.0657819,0.586275,-4.51778,0.586275,0.719659,0.586275,-1.1815,0.586275,All
-2.09739,0.588235,0.0658023,0.588235,-4.51642,0.588235,0.720383,0.588235,-1.18131,0.588235,All
-2.09696,0.590196,0.0658416,0.590196,-4.51619,0.590196,0.722913,0.590196,-1.18116,0.590196,All
-2.09592,0.592157,0.0658879,0.592157,-4.51278,0.592157,0.722991,0.592157,-1.18114,0.592157,All
-2.0947,0.594118,0.0659216,0.594118,-4.51141,0.594118,0.723701,0.594118,-1.18089,0.594118,All
-2.09462,0.596078,0.0660717,0.596078,-4.51137,0.596078,0.725831,0.596078,-1.18034,0.596078,All
-2.0929,0.598039,0.066135,0.598039,-4.51081,0.598039,0.725837,0.598039,-1.17995,0.598039,All
-2.0905,0.6,0.066214,0.6,-4.51064,0.6,0.728688,0.6,-1.17944,0.6,All
-2.08762,0.601961,0.0662709,0.601961,-4.51044,0.601961,0.728869,0.601961,-1.17938,0.601961,All
-2.08658,0.603922,0.0664134,0.603922,-4.5083,0.603922,0.730804,0.603922,-1.1793,0.603922,All
-2.08537,0.605882,0.0666692,0.605882,-4.50816,0.605882,0.730818,0.605882,-1.17918,0.605882,All
-2.08492,0.607843,0.0666888,0.607843,-4.50652,0.607843,0.730963,0.607843,-1.17914,0.607843,All
-2.08402,0.609804,0.0667032,0.609804,-4.50632,0.609804,0.73165,0.609804,-1.1791,0.609804,All
-2.08401,0.611765,0.0668074,0.611765,-4.50169,0.611765,0.732319,0.611765,-1.17896,0.611765,All
-2.08347,0.613725,0.066855,0.613725,-4.50139,0.613725,0.735379,0.613725,-1.17887,0.613725,All
-2.0819,0.615686,0.0668874,0.615686,-4.50128,0.615686,0.736132,0.615686,-1.17879,0.615686,All
-2.08188,0.617647,0.0669096,0.617647,-4.50124,0.617647,0.738362,0.617647,-1.17876,0.617647,All
-2.08162,0.619608,0.067108,0.619608,-4.50079,0.619608,0.738438,0.619608,-1.17868,0.619608,All
-2.08072,0.621569,0.0671339,0.621569,-4.50054,0.621569,0.740759,0.621569,-1.17839,0.621569,All
-2.08046,0.623529,0.0672436,0.623529,-4.5,0.623529,0.742085,0.623529,-1.17815,0.623529,All
-2.08029,0.62549,0.0673068,0.62549,-4.49926,0.62549,0.742451,0.62549,-1.17795,0.62549,All
-2.07881,0.627451,0.0676453,0.627451,-4.49622,0.627451,0.745152,0.627451,-1.17774,0.627451,All
-2.07808,0.629412,0.0676661,0.629412,-4.49611,0.629412,0.747187,0.629412,-1.17757,0.629412,All
-2.07703,0.631373,0.0677635,0.631373,-4.49603,0.631373,0.748068,0.631373,-1.17718,0.631373,All
-2.07513,0.633333,0.0677873,0.633333,-4.49472,0.633333,0.74879,0.633333,-1.17644,0.633333,All
-2.07497,0.635294,0.0682467,0.635294,-4.49439,0.635294,0.75013,0.635294,-1.17626,0.635294,All
-2.07435,0.637255,0.068301,0.637255,-4.49422,0.637255,0.752739,0.637255,-1.17587,0.637255,All
-2.07395,0.639216,0.0686931,0.639216,-4.49355,0.639216,0.75288,0.639216,-1.17552,0.639216,All
-2.07305,0.641176,0.0687642,0.641176,-4.49289,0.641176,0.75298,0.641176,-1.17529,0.641176,All
-2.0717,0.643137,0.0689828,0.643137,-4.49021,0.643137,0.753874,0.643137,-1.17528,0.643137,All
-2.0714,0.645098,0.0690221,0.645098,-4.48994,0.645098,0.755091,0.645098,-1.17519,0.645098,All
-2.06902,0.647059,0.0690585,0.647059,-4.48696,0.647059,0.758255,0.647059,-1.17501,0.647059,All
-2.06878,0.64902,0.0694043,0.64902,-4.48481,0.64902,0.758907,0.64902,-1.17488,0.64902,All
-2.06857,0.65098,0.0698788,0.65098,-4.47717,0.65098,0.758937,0.65098,-1.17475,0.65098,All
-2.06806,0.652941,0.0699898,0.652941,-4.4765,0.652941,0.75911,0.652941,-1.1747,0.652941,All
-2.06543,0.654902,0.0704795,0.654902,-4.47491,0.654902,0.760507,0.654902,-1.17467,0.654902,All
-2.06388,0.656863,0.0709306,0.656863,-4.47367,0.656863,0.761882,0.656863,-1.17465,0.656863,All
-2.06332,0.658824,0.0709681,0.658824,-4.46522,0.658824,0.764276,0.658824,-1.17442,0.658824,All
-2.06041,0.660784,0.0716384,0.660784,-4.46326,0.660784,0.766869,0.660784,-1.17418,0.660784,All
-2.06008,0.662745,0.0716756,0.662745,-4.46265,0.662745,0.766914,0.662745,-1.17412,0.662745,All
-2.05585,0.664706,0.0719382,0.664706,-4.45775,0.664706,0.770165,0.664706,-1.17411,0.664706,All
-2.05581,0.666667,0.0723845,0.666667,-4.4564,0.666667,0.773374,0.666667,-1.17409,0.666667,All
-2.05487,0.668627,0.072507,0.668627,-4.45627,0.668627,0.774065,0.668627,-1.174,0.668627,All
-2.05424,0.670588,0.0725119,0.670588,-4.45536,0.670588,0.774696,0.670588,-1.17388,0.670588,All
-2.05274,0.672549,0.0726013,0.672549,-4.45519,0.672549,0.774747,0.672549,-1.17365,0.672549,All
-2.05209,0.67451,0.0726247,0.67451,-4.45368,0.67451,0.774951,0.67451,-1.17338,0.67451,All
-2.05165,0.676471,0.072662,0.676471,-4.45234,0.676471,0.77701,0.676471,-1.17333,0.676471,All
-2.05155,0.678431,0.0727438,0.678431,-4.4479,0.678431,0.780805,0.678431,-1.17311,0.678431,All
-2.05103,0.680392,0.0729789,0.680392,-4.44749,0.680392,0.78164,0.680392,-1.17238,0.680392,All
-2.04976,0.682353,0.0730764,0.682353,-4.44676,0.682353,0.781945,0.682353,-1.17236,0.682353,All
-2.04774,0.684314,0.073276,0.684314,-4.4451,0.684314,0.782411,0.684314,-1.1717,0.684314,All
-2.04613,0.686275,0.0733102,0.686275,-4.44312,0.686275,0.783741,0.686275,-1.17134,0.686275,All
-2.04323,0.688235,0.0733455,0.688235,-4.44022,0.688235,0.783823,0.688235,-1.17112,0.688235,All
-2.04279,0.690196,0.0733982,0.690196,-4.43914,0.690196,0.784458,0.690196,-1.1708,0.690196,All
-2.04251,0.692157,0.0734167,0.692157,-4.43793,0.692157,0.787159,0.692157,-1.17076,0.692157,All
-2.04056,0.694118,0.0735397,0.694118,-4.4377,0.694118,0.787431,0.694118,-1.17066,0.694118,All
-2.04033,0.696078,0.0737485,0.696078,-4.43719,0.696078,0.790251,0.696078,-1.1706,0.696078,All
-2.04022,0.698039,0.0739654,0.698039,-4.43713,0.698039,0.792711,0.698039,-1.17034,0.698039,All
-2.03993,0.7,0.0742462,0.7,-4.43626,0.7,0.794223,0.7,-1.17026,0.7,All
-2.03832,0.701961,0.0743717,0.701961,-4.43454,0.701961,0.797016,0.701961,-1.17014,0.701961,All
-2.03683,0.703922,0.0744971,0.703922,-4.43452,0.703922,0.79776,0.703922,-1.16984,0.703922,All
-2.03517,0.705882,0.0745599,0.705882,-4.43435,0.705882,0.798655,0.705882,-1.1698,0.705882,All
-2.0338,0.707843,0.0745661,0.707843,-4.43434,0.707843,0.799271,0.707843,-1.16971,0.707843,All
-2.03363,0.709804,0.0746052,0.709804,-4.43259,0.709804,0.799277,0.709804,-1.16959,0.709804,All
-2.03279,0.711765,0.0747515,0.711765,-4.43214,0.711765,0.800218,0.711765,-1.16891,0.711765,All
-2.03192,0.713725,0.0752117,0.713725,-4.42941,0.713725,0.802465,0.713725,-1.1689,0.713725,All
-2.03176,0.715686,0.075229,0.715686,-4.42817,0.715686,0.805169,0.715686,-1.16885,0.715686,All
-2.03161,0.717647,0.0752531,0.717647,-4.42601,0.717647,0.808046,0.717647,-1.16883,0.717647,All
-2.02956,0.719608,0.0756436,0.719608,-4.42421,0.719608,0.811744,0.719608,-1.16853,0.719608,All
-2.02684,0.721569,0.0756935,0.721569,-4.42314,0.721569,0.812947,0.721569,-1.16851,0.721569,All
-2.02642,0.723529,0.0758946,0.723529,-4.42106,0.723529,0.813332,0.723529,-1.16845,0.723529,All
-2.02449,0.72549,0.0760495,0.72549,-4.42067,0.72549,0.813866,0.72549,-1.16837,0.72549,All
-2.02348,0.727451,0.0761066,0.727451,-4.42057,0.727451,0.814139,0.727451,-1.16828,0.727451,All
-2.02311,0.729412,0.0762656,0.729412,-4.41485,0.729412,0.816657,0.729412,-1.16796,0.729412,All
-2.01947,0.731373,0.0762814,0.731373,-4.41383,0.731373,0.816761,0.731373,-1.16784,0.731373,All
-2.01743,0.733333,0.0763692,0.733333,-4.41333,0.733333,0.817609,0.733333,-1.16771,0.733333,All
-2.01236,0.735294,0.0765147,0.735294,-4.41174,0.735294,0.817833,0.735294,-1.16747,0.735294,All
-2.00906,0.737255,0.0772344,0.737255,-4.40943,0.737255,0.818419,0.737255,-1.16739,0.737255,All
-2.0086,0.739216,0.0773585,0.739216,-4.40901,0.739216,0.818872,0.739216,-1.16712,0.739216,All
-2.00836,0.741176,0.077444,0.741176,-4.40835,0.741176,0.822658,0.741176,-1.16697,0.741176,All
-2.00601,0.743137,0.0775402,0.743137,-4.40726,0.743137,0.823441,0.743137,-1.16676,0.743137,All
-2.00595,0.745098,0.0776359,0.745098,-4.40683,0.745098,0.823792,0.745098,-1.16659,0.745098,All
-2.00568,0.747059,0.0778057,0.747059,-4.40584,0.747059,0.82488,0.747059,-1.16636,0.747059,All
-2.00416,0.74902,0.0778793,0.74902,-4.4055,0.74902,0.82637,0.74902,-1.16613,0.74902,All
-2.00032,0.75098,0.0781799,0.75098,-4.40532,0.75098,0.826896,0.75098,-1.16592,0.75098,All
-1.99802,0.752941,0.078249,0.752941,-4.40207,0.752941,0.827736,0.752941,-1.16583,0.752941,All
-1.99482,0.754902,0.0783506,0.754902,-4.3985,0.754902,0.8281,0.754902,-1.16551,0.754902,All
-1.99269,0.756863,0.0783956,0.756863,-4.39731,0.756863,0.828568,0.756863,-1.16527,0.756863,All
-1.99212,0.758824,0.0785542,0.758824,-4.39698,0.758824,0.828659,0.758824,-1.16519,0.758824,All
-1.99009,0.760784,0.0786499,0.760784,-4.39685,0.760784,0.82924,0.760784,-1.16507,0.760784,All
-1.98974,0.762745,0.078831,0.762745,-4.39146,0.762745,0.830683,0.762745,-1.16506,0.762745,All
-1.98938,0.764706,0.0788441,0.764706,-4.38927,0.764706,0.831283,0.764706,-1.16481,0.764706,All
-1.98597,0.766667,0.079306,0.766667,-4.38803,0.766667,0.832169,0.766667,-1.16463,0.766667,All
-1.98473,0.768627,0.0794012,0.768627,-4.38725,0.768627,0.832577,0.768627,-1.16449,0.768627,All
-1.98223,0.770588,0.0797144,0.770588,-4.38597,0.770588,0.835789,0.770588,-1.16403,0.770588,All
-1.98082,0.772549,0.0797585,0.772549,-4.38584,0.772549,0.835797,0.772549,-1.16344,0.772549,All
-1.98065,0.77451,0.0799719,0.77451,-4.38193,0.77451,0.836469,0.77451,-1.1632,0.77451,All
-1.9791,0.776471,0.0802104,0.776471,-4.38152,0.776471,0.837426,0.776471,-1.16317,0.776471,All
-1.9778,0.778431,0.0805809,0.778431,-4.38086,0.778431,0.8387,0.778431,-1.16309,0.778431,All
-1.97723,0.780392,0.0805917,0.780392,-4.38006,0.780392,0.838724,0.780392,-1.16288,0.780392,All
-1.977,0.782353,0.0810677,0.782353,-4.37965,0.782353,0.840664,0.782353,-1.16288,0.782353,All
-1.97692,0.784314,0.0811699,0.784314,-4.37672,0.784314,0.841135,0.784314,-1.16276,0.784314,All
-1.97327,0.786275,0.0811938,0.786275,-4.37665,0.786275,0.841287,0.786275,-1.16263,0.786275,All
-1.96942,0.788235,0.0812949,0.788235,-4.37393,0.788235,0.84204,0.788235,-1.16259,0.788235,All
-1.96707,0.790196,0.0813652,0.790196,-4.37336,0.790196,0.842915,0.790196,-1.16254,0.790196,All
-1.96597,0.792157,0.0813661,0.792157,-4.37197,0.792157,0.84345,0.792157,-1.16216,0.792157,All
-1.96461,0.794118,0.0814326,0.794118,-4.3705,0.794118,0.844973,0.794118,-1.16127,0.794118,All
-1.96375,0.796078,0.0817176,0.796078,-4.37035,0.796078,0.845187,0.796078,-1.16123,0.796078,All
-1.96232,0.798039,0.0819194,0.798039,-4.36909,0.798039,0.846995,0.798039,-1.16116,0.798039,All
-1.96227,0.8,0.0824893,0.8,-4.36819,0.8,0.847871,0.8,-1.1599,0.8,All
-1.96019,0.801961,0.0826932,0.801961,-4.3664,0.801961,0.859029,0.801961,-1.15925,0.801961,All
-1.95826,0.803922,0.0830488,0.803922,-4.3652,0.803922,0.859142,0.803922,-1.15909,0.803922,All
-1.95815,0.805882,0.0831638,0.805882,-4.36305,0.805882,0.86218,0.805882,-1.15899,0.805882,All
-1.9577,0.807843,0.0832791,0.807843,-4.36256,0.807843,0.863082,0.807843,-1.1588,0.807843,All
-1.95726,0.809804,0.0834112,0.809804,-4.36177,0.809804,0.863853,0.809804,-1.15862,0.809804,All
-1.95637,0.811765,0.0835857,0.811765,-4.35599,0.811765,0.864417,0.811765,-1.15812,0.811765,All
-1.95634,0.813725,0.083841,0.813725,-4.354,0.813725,0.864591,0.813725,-1.15807,0.813725,All
-1.95326,0.815686,0.0839694,0.815686,-4.35079,0.815686,0.865307,0.815686,-1.15759,0.815686,All
-1.94871,0.817647,0.0842285,0.817647,-4.34811,0.817647,0.865418,0.817647,-1.15748,0.817647,All
-1.94846,0.819608,0.0844193,0.819608,-4.34494,0.819608,0.868223,0.819608,-1.15746,0.819608,All
-1.94794,0.821569,0.0845531,0.821569,-4.34393,0.821569,0.868255,0.821569,-1.15737,0.821569,All
-1.9465,0.823529,0.0846435,0.823529,-4.34343,0.823529,0.869016,0.823529,-1.15719,0.823529,All
-1.94648,0.82549,0.0846525,0.82549,-4.34191,0.82549,0.86924,0.82549,-1.15685,0.82549,All
-1.9436,0.827451,0.0851005,0.827451,-4.34158,0.827451,0.870981,0.827451,-1.15684,0.827451,All
-1.94229,0.829412,0.0851445,0.829412,-4.34125,0.829412,0.872229,0.829412,-1.15663,0.829412,All
-1.94103,0.831373,0.0852155,0.831373,-4.34114,0.831373,0.874788,0.831373,-1.15651,0.831373,All
-1.94009,0.833333,0.0853278,0.833333,-4.34007,0.833333,0.875252,0.833333,-1.15643,0.833333,All
-1.93999,0.835294,0.0857457,0.835294,-4.33706,0.835294,0.877283,0.835294,-1.15634,0.835294,All
-1.93948,0.837255,0.0862383,0.837255,-4.33481,0.837255,0.877974,0.837255,-1.15629,0.837255,All
-1.93916,0.839216,0.0864582,0.839216,-4.33469,0.839216,0.880802,0.839216,-1.15624,0.839216,All
-1.93916,0.841176,0.086651,0.841176,-4.33377,0.841176,0.884026,0.841176,-1.15615,0.841176,All
-1.93721,0.843137,0.0874131,0.843137,-4.33177,0.843137,0.884435,0.843137,-1.15541,0.843137,All
-1.93518,0.845098,0.0878246,0.845098,-4.31866,0.845098,0.889129,0.845098,-1.15534,0.845098,All
-1.9341,0.847059,0.0885395,0.847059,-4.31678,0.847059,0.891449,0.847059,-1.1553,0.847059,All
-1.93332,0.84902,0.089453,0.84902,-4.31557,0.84902,0.893442,0.84902,-1.1548,0.84902,All
-1.93293,0.85098,0.0894543,0.85098,-4.30656,0.85098,0.893532,0.85098,-1.15478,0.85098,All
-1.93217,0.852941,0.090017,0.852941,-4.2977,0.852941,0.894899,0.852941,-1.15437,0.852941,All
-1.93018,0.854902,0.0901769,0.854902,-4.29595,0.854902,0.896467,0.854902,-1.15423,0.854902,All
-1.92937,0.856863,0.0904902,0.856863,-4.29471,0.856863,0.896941,0.856863,-1.15362,0.856863,All
-1.92865,0.858824,0.090866,0.858824,-4.29088,0.858824,0.899959,0.858824,-1.15351,0.858824,All
-1.92824,0.860784,0.091565,0.860784,-4.29035,0.860784,0.902402,0.860784,-1.15313,0.860784,All
-1.92716,0.862745,0.0918194,0.862745,-4.28885,0.862745,0.9092,0.862745,-1.15292,0.862745,All
-1.92463,0.864706,0.0923024,0.864706,-4.28696,0.864706,0.910765,0.864706,-1.15281,0.864706,All
-1.92232,0.866667,0.0929481,0.866667,-4.28659,0.866667,0.911025,0.866667,-1.15231,0.866667,All
-1.92003,0.868627,0.0938821,0.868627,-4.2844,0.868627,0.9133,0.868627,-1.15209,0.868627,All
-1.91885,0.870588,0.0945051,0.870588,-4.28336,0.870588,0.914011,0.870588,-1.15197,0.870588,All
-1.91619,0.872549,0.0945691,0.872549,-4.28067,0.872549,0.919555,0.872549,-1.15141,0.872549,All
-1.9148,0.87451,0.0946732,0.87451,-4.2764,0.87451,0.920198,0.87451,-1.15133,0.87451,All
-1.91443,0.876471,0.0954742,0.876471,-4.2695,0.876471,0.922026,0.876471,-1.14967,0.876471,All
-1.91366,0.878431,0.095517,0.878431,-4.26836,0.878431,0.925021,0.878431,-1.14946,0.878431,All
-1.91013,0.880392,0.0957023,0.880392,-4.26194,0.880392,0.925171,0.880392,-1.14865,0.880392,All
-1.90958,0.882353,0.0961018,0.882353,-4.25815,0.882353,0.929314,0.882353,-1.14859,0.882353,All
-1.90634,0.884314,0.0966523,0.884314,-4.24741,0.884314,0.930187,0.884314,-1.14836,0.884314,All
-1.90372,0.886275,0.0979108,0.886275,-4.24515,0.886275,0.933288,0.886275,-1.14806,0.886275,All
-1.90055,0.888235,0.0982398,0.888235,-4.2448,0.888235,0.934967,0.888235,-1.14802,0.888235,All
-1.89509,0.890196,0.0983131,0.890196,-4.24381,0.890196,0.941734,0.890196,-1.14776,0.890196,All
-1.89162,0.892157,0.0986284,0.892157,-4.24269,0.892157,0.945735,0.892157,-1.14751,0.892157,All
-1.89044,0.894118,0.0995718,0.894118,-4.23858,0.894118,0.948796,0.894118,-1.1475,0.894118,All
-1.88978,0.896078,0.0999207,0.896078,-4.23316,0.896078,0.949471,0.896078,-1.14736,0.896078,All
-1.88896,0.898039,0.100093,0.898039,-4.23242,0.898039,0.950036,0.898039,-1.14719,0.898039,All
-1.88817,0.9,0.100842,0.9,-4.2311,0.9,0.952358,0.9,-1.14645,0.9,All
-1.8876,0.901961,0.100844,0.901961,-4.23015,0.901961,0.953464,0.901961,-1.14606,0.901961,All
-1.88681,0.903922,0.100854,0.903922,-4.22552,0.903922,0.956501,0.903922,-1.14591,0.903922,All
-1.88478,0.905882,0.101184,0.905882,-4.22379,0.905882,0.959076,0.905882,-1.14575,0.905882,All
-1.88382,0.907843,0.101702,0.907843,-4.22309,0.907843,0.966826,0.907843,-1.14515,0.907843,All
-1.88243,0.909804,0.102103,0.909804,-4.22247,0.909804,0.977269,0.909804,-1.14429,0.909804,All
-1.87848,0.911765,0.102118,0.911765,-4.21977,0.911765,0.981808,0.911765,-1.14391,0.911765,All
-1.87782,0.913725,0.102513,0.913725,-4.21955,0.913725,0.982667,0.913725,-1.14288,0.913725,All
-1.87778,0.915686,0.103384,0.915686,-4.21576,0.915686,0.986921,0.915686,-1.14285,0.915686,All
-1.87581,0.917647,0.103512,0.917647,-4.21542,0.917647,0.98987,0.917647,-1.14257,0.917647,All
-1.86576,0.919608,0.105141,0.919608,-4.21085,0.919608,1.00045,0.919608,-1.1425,0.919608,All
-1.86353,0.921569,0.105444,0.921569,-4.20526,0.921569,1.00798,0.921569,-1.14076,0.921569,All
-1.86275,0.923529,0.105885,0.923529,-4.20404,0.923529,1.00806,0.923529,-1.14034,0.923529,All
-1.85834,0.92549,0.106143,0.92549,-4.19621,0.92549,1.00991,0.92549,-1.13997,0.92549,All
-1.85587,0.927451,0.106453,0.927451,-4.19422,0.927451,1.01021,0.927451,-1.13983,0.927451,All
-1.85346,0.929412,0.107039,0.929412,-4.18823,0.929412,1.01992,0.929412,-1.13979,0.929412,All
-1.85259,0.931373,0.107097,0.931373,-4.18033,0.931373,1.02143,0.931373,-1.13977,0.931373,All
-1.84984,0.933333,0.108093,0.933333,-4.17969,0.933333,1.02439,0.933333,-1.13948,0.933333,All
-1.84824,0.935294,0.110178,0.935294,-4.17864,0.935294,1.04622,0.935294,-1.13924,0.935294,All
-1.84614,0.937255,0.111896,0.937255,-4.1697,0.937255,1.05006,0.937255,-1.13908,0.937255,All
-1.84185,0.939216,0.112377,0.939216,-4.15012,0.939216,1.06063,0.939216,-1.13856,0.939216,All
-1.84025,0.941176,0.112648,0.941176,-4.14945,0.941176,1.0725,0.941176,-1.13854,0.941176,All
-1.83617,0.943137,0.11353,0.943137,-4.14195,0.943137,1.08134,0.943137,-1.13852,0.943137,All
-1.83472,0.945098,0.115917,0.945098,-4.13954,0.945098,1.08714,0.945098,-1.13811,0.945098,All
-1.83286,0.947059,0.116209,0.947059,-4.12305,0.947059,1.08794,0.947059,-1.13803,0.947059,All
-1.8327,0.94902,0.116817,0.94902,-4.12011,0.94902,1.08932,0.94902,-1.13799,0.94902,All
-1.82919,0.95098,0.119934,0.95098,-4.11669,0.95098,1.0902,0.95098,-1.13732,0.95098,All
-1.82462,0.952941,0.120237,0.952941,-4.11237,0.952941,1.0921,0.952941,-1.13727,0.952941,All
-1.82324,0.954902,0.121091,0.954902,-4.10552,0.954902,1.09319,0.954902,-1.13708,0.954902,All
-1.81367,0.956863,0.12116,0.956863,-4.10535,0.956863,1.09479,0.956863,-1.13682,0.956863,All
-1.81004,0.958824,0.122884,0.958824,-4.10167,0.958824,1.10252,0.958824,-1.13581,0.958824,All
-1.80768,0.960784,0.123954,0.960784,-4.10159,0.960784,1.1216,0.960784,-1.1354,0.960784,All
-1.80192,0.962745,0.12418,0.962745,-4.08922,0.962745,1.12327,0.962745,-1.13525,0.962745,All
-1.79562,0.964706,0.124239,0.964706,-4.08172,0.964706,1.13585,0.964706,-1.13194,0.964706,All
-1.79524,0.966667,0.124785,0.966667,-4.07965,0.966667,1.13639,0.966667,-1.1315,0.966667,All
-1.79433,0.968627,0.126082,0.968627,-4.06691,0.968627,1.13814,0.968627,-1.13072,0.968627,All
-1.78766,0.970588,0.12705,0.970588,-4.06609,0.970588,1.14701,0.970588,-1.12746,0.970588,All
-1.77678,0.972549,0.128937,0.972549,-4.06481,0.972549,1.15166,0.972549,-1.12675,0.972549,All
-1.77646,0.97451,0.132244,0.97451,-4.0518,0.97451,1.16343,0.97451,-1.12655,0.97451,All
-1.77595,0.976471,0.132745,0.976471,-4.04844,0.976471,1.1762,0.976471,-1.12553,0.976471,All
-1.77443,0.978431,0.134769,0.978431,-4.04103,0.978431,1.18649,0.978431,-1.12375,0.978431,All
-1.77275,0.980392,0.136919,0.980392,-4.01204,0.980392,1.19247,0.980392,-1.12316,0.980392,All
-1.75593,0.982353,0.141184,0.982353,-4.00802,0.982353,1.20669,0.982353,-1.12249,0.982353,All
-1.74069,0.984314,0.145775,0.984314,-3.96173,0.984314,1.21445,0.984314,-1.11953,0.984314,All
-1.72116,0.986275,0.147037,0.986275,-3.95671,0.986275,1.22804,0.986275,-1.11835,0.986275,All
-1.70994,0.988235,0.154343,0.988235,-3.93431,0.988235,1.2413,0.988235,-1.11513,0.988235,All
-1.70097,0.990196,0.155539,0.990196,-3.92099,0.990196,1.26853,0.990196,-1.10954,0.990196,All
-1.69446,0.992157,0.162054,0.992157,-3.91469,0.992157,1.27253,0.992157,-1.10439,0.992157,All
-1.64407,0.994118,0.170348,0.994118,-3.88117,0.994118,1.29433,0.994118,-1.10393,0.994118,All
-1.56752,0.996078,0.174791,0.996078,-3.85216,0.996078,1.35654,0.996078,-1.09967,0.996078,All
-1.5589,0.998039,0.177633,0.998039,-3.83887,0.998039,1.37246,0.998039,-1.08444,0.998039,All
-1.54046,1,0.179172,1,-3.83648,1,1.49433,1,-1.07383,1,All
-1.27077,1,0.18389,1,-3.66577,1,1.55145,1,-0.827054,1,All
