id_var,eta_initT_mean,eta_initT_mode,eta_dS_mean,eta_dS_mode,eta_lBt0_mean,eta_lBt0_mode,eta_lw_mean,eta_lw_mode,eta_lI50_mean,eta_lI50_mode,split,color,filter
35,-0.606286,-0.60678,0,0,-0.0320172,-0.0474418,0,0,0.0511985,0.0457813,All,#4682B4,0
36,0.279105,0.267907,0,0,0.0550449,0.0630507,0,0,-0.057986,-0.0544324,All,#4682B4,0
37,0.0470878,0.153017,0,0,-0.0172837,-0.00595649,0,0,-0.0036582,0.00633217,All,#4682B4,0
38,-0.327298,-0.419394,0,0,-0.00710504,-0.00455981,0,0,0.013971,0.0103449,All,#4682B4,0
39,-0.163456,-0.274712,0,0,0.0915406,0.0769194,0,0,-0.0535896,-0.0617081,All,#4682B4,0
40,-0.651763,-0.647902,0,0,-0.0312153,-0.00930308,0,0,0.0115778,0.0224847,All,#4682B4,0
41,0.0763326,0.0647556,0,0,-0.0142466,0.0044217,0,0,-0.00368522,0.00160294,All,#4682B4,0
42,-0.224957,-0.154705,0,0,0.0217405,0.010635,0,0,-0.00813374,-0.0101782,All,#4682B4,0
43,-0.0224267,-0.0543391,0,0,0.0260357,0.0441024,0,0,-0.0306483,-0.0280179,All,#4682B4,0
44,0.437808,0.359304,0,0,-0.0738504,-0.0618557,0,0,0.0483983,0.0489479,All,#4682B4,0
45,0.0604011,0.0689748,0,0,0.0173547,0.0496434,0,0,-0.0534941,-0.0409399,All,#4682B4,0
46,0.0200559,0.0623081,0,0,-0.0668181,-0.0511545,0,0,0.0343382,0.0435788,All,#4682B4,0
47,0.105338,0.120244,0,0,0.0571527,0.0160666,0,0,-0.00145712,-0.0134088,All,#4682B4,0
48,0.0635453,0.0152439,0,0,0.0342629,0.044201,0,0,-0.0394663,-0.0382166,All,#4682B4,0
49,0.386942,0.389531,0,0,0.084252,0.0885556,0,0,-0.0880018,-0.0769812,All,#4682B4,0
50,0.0871058,0.135165,0,0,0.0612534,0.0503526,0,0,-0.0189076,-0.026013,All,#4682B4,0
51,-0.396993,-0.390832,0,0,0.026341,0.0343052,0,0,-0.0200111,-0.0216869,All,#4682B4,0
1,-0.203364,-0.206215,0,0,0.00628567,0.00985727,0,0,-0.00774414,-0.0058164,All,#4682B4,0
2,0.0632008,-0.0357215,0,0,0.0128126,0.0140478,0,0,-0.0130151,-0.00894997,All,#4682B4,0
3,-0.0496033,0.0325298,0,0,-0.00549865,0.011011,0,0,-0.0253739,-0.0142559,All,#4682B4,0
4,0.366403,0.437177,0,0,0.0142085,-0.00458609,0,0,0.0193306,0.00831574,All,#4682B4,0
5,-0.22062,-0.187506,0,0,-0.0476511,-0.0320006,0,0,0.011502,0.0175593,All,#4682B4,0
6,0.553325,0.542682,0,0,-0.0618298,-0.0438015,0,0,0.084111,0.0942173,All,#4682B4,0
7,-0.0667629,-0.0271646,0,0,0.0299433,0.0299731,0,0,-0.0249639,-0.026261,All,#4682B4,0
8,0.276913,0.11564,0,0,-0.0479744,-0.0138041,0,0,-0.00276029,0.00636916,All,#4682B4,0
9,-0.117659,-0.113296,0,0,-0.0465022,-0.0321441,0,0,0.0250235,0.0275749,All,#4682B4,0
10,-0.324048,-0.355386,0,0,-0.00533572,-0.017438,0,0,0.028789,0.0147767,All,#4682B4,0
11,0.0270889,0.0824781,0,0,-0.00556854,0.0133962,0,0,-0.0425179,-0.0343865,All,#4682B4,0
12,0.493893,0.434267,0,0,-0.0240121,-0.00472913,0,0,0.00685785,0.00838259,All,#4682B4,0
13,0.0199342,-0.0968253,0,0,0.0264383,0.0463813,0,0,-0.043908,-0.0400637,All,#4682B4,0
14,0.296961,0.159626,0,0,0.0101175,0.0229028,0,0,-0.0220452,-0.0191045,All,#4682B4,0
15,-0.197507,-0.200186,0,0,-0.00602601,-0.0138196,0,0,-0.0248607,-0.0316828,All,#4682B4,0
16,-0.00456063,0.123708,0,0,0.0610769,0.032804,0,0,-0.0293627,-0.0405619,All,#4682B4,0
17,0.431803,0.347294,0,0,0.0150617,0.0297859,0,0,-0.0286064,-0.0262664,All,#4682B4,0
18,0.399085,0.378716,0,0,0.136674,0.121154,0,0,-0.101221,-0.106062,All,#4682B4,0
19,0.348274,0.248535,0,0,-0.0133491,-0.0246857,0,0,0.0650198,0.0487377,All,#4682B4,0
20,-0.061747,0.0182652,0,0,0.000775138,0.00070413,0,0,-0.00871987,-0.00499591,All,#4682B4,0
21,-0.088019,-0.1074,0,0,-0.0111447,-0.0229956,0,0,0.0601614,0.0564748,All,#4682B4,0
22,-0.245977,-0.347263,0,0,-0.092179,-0.0933422,0,0,0.107042,0.0909619,All,#4682B4,0
23,0.432965,0.347678,0,0,0.00423286,0.00504269,0,0,0.0111504,0.00166851,All,#4682B4,0
24,0.311855,0.239138,0,0,0.0103171,0.0027534,0,0,-0.0162237,-0.0238855,All,#4682B4,0
25,-0.11907,-0.127775,0,0,-0.0170826,-0.0193944,0,0,0.0238263,0.0172504,All,#4682B4,0
26,-0.0901306,-0.0707516,0,0,-0.0434379,-0.0581194,0,0,0.0539704,0.0484736,All,#4682B4,0
27,-0.314484,-0.410586,0,0,-0.0104472,-0.00385225,0,0,0.0102915,0.0079863,All,#4682B4,0
28,0.0129026,-0.0481378,0,0,0.000559641,0.0110128,0,0,-0.029859,-0.026467,All,#4682B4,0
29,-0.0372884,0.0219596,0,0,-0.0535106,-0.0525745,0,0,0.0719728,0.0755316,All,#4682B4,0
30,0.00529405,0.0232496,0,0,0.0403026,0.049692,0,0,-0.0334047,-0.0298616,All,#4682B4,0
31,-0.113312,-0.155418,0,0,0.00679691,0.00680441,0,0,-0.00944534,-0.0132582,All,#4682B4,0
32,-0.477813,-0.401378,0,0,-0.0997628,-0.110029,0,0,0.097824,0.100711,All,#4682B4,0
33,0.132045,0.00299651,0,0,0.00110798,0.00230736,0,0,0.00406655,0.000214955,All,#4682B4,0
34,0.104966,0.068631,0,0,-0.00554009,-0.00380882,0,0,0.00440134,0.00358583,All,#4682B4,0
