rep,id,initT,aS,dS,tau,Bt0,p,g,dI,n,V0,eta_initT,eta_aS,eta_dS,eta_tau,eta_Bt0,eta_p,eta_g,eta_dI,eta_n,eta_V0
1,1,1.80351335753606,1.54624968620877,-5.91814767977067,0,-12.1887484727921,9.05968828709515,3.13549421592915,-0.22314355131421,-1.66332506733985,-13.8155105579643,0.386401065694337,0.899080333372888,0.377490579643261,0,-0.383304718311503,0.0782952030630213,0,0,0.268645476418921,0
2,1,1.55526890588627,-0.287192511938228,-5.93576068464429,0,-11.9263293568315,10.5502248902438,3.13549421592915,-0.22314355131421,-1.62808219927489,-13.8155105579643,0.138156614044552,-0.934361864774111,0.359877574769648,0,-0.120885602350876,1.56883180621167,0,0,0.303888344483874,0
3,1,1.47543083459675,1.7998296190594,-6.34470320521916,0,-12.6377171126192,8.79797742605346,3.13549421592915,-0.22314355131421,-1.65306734287413,-13.8155105579643,0.0583185427550272,1.15266026622351,-0.0490649458052221,0,-0.832273358138583,-0.183415657978667,0,0,0.278903200884637,0
1,2,-0.95513891355408,1.55872022064294,-6.02957003777596,0,-12.351127139441,8.9823733005172,3.13549421592915,-0.22314355131421,-1.47400904079316,-13.8155105579643,-2.3722512053958,0.911550867807052,0.266068221637976,0,-0.545683384960387,0.000980216485070073,0,0,0.457961502965611,0
2,2,-1.4969294352057,0.723860553312249,-7.06214406549324,0,-13.0251668824889,9.42386581071169,3.13549421592915,-0.22314355131421,-1.76609566161199,-13.8155105579643,-2.91404172704742,0.0766912004763657,-0.766505806079306,0,-1.21972312800831,0.442472726679561,0,0,0.165874882146779,0
3,2,-2.48010847151561,-0.0578547206235399,-6.43031222906816,0,-12.2182718297354,9.85565429324281,3.13549421592915,-0.22314355131421,-1.34832442004304,-13.8155105579643,-3.89722076335733,-0.705024073459423,-0.134673969654229,0,-0.412828075254854,0.874261209210681,0,0,0.583646123715724,0
1,3,0.607377730622117,1.131938479961,-7.03495267870524,0,-12.2349074383266,8.31314719228977,3.13549421592915,-0.22314355131421,-2.23019114116352,-13.8155105579643,-0.809734561219604,0.484769127125115,-0.739314419291304,0,-0.429463683845983,-0.668245891742353,0,0,-0.298220597404753,0
2,3,0.884323863900977,1.54334717204876,-6.30530146352955,0,-12.2615476913719,8.66934485855719,3.13549421592915,-0.22314355131421,-2.40995165570344,-13.8155105579643,-0.532788427940744,0.896177819212875,-0.00966320411561838,0,-0.456103936891273,-0.312048225474937,0,0,-0.477981111944671,0
3,3,0.422077251014043,0.682208807907808,-7.29998896219681,0,-11.7324487570248,7.95553839993432,3.13549421592915,-0.22314355131421,-2.17588508925344,-13.8155105579643,-0.995035040827678,0.0350394550719243,-1.00435070278287,0,0.0729949974557496,-1.02585468409781,0,0,-0.243914545494669,0
1,4,1.68827094406342,-0.982955503605837,-7.3112184436201,0,-11.8257070683747,9.61518391989915,3.13549421592915,-0.22314355131421,-1.65127972702797,-13.8155105579643,0.271158652221702,-1.63012485644172,-1.01558018420616,0,-0.0202633138940627,0.633790835867023,0,0,0.280690816730798,0
2,4,0.548885447912542,1.3440008238702,-6.32775035574113,0,-12.4247689332644,8.79288126186087,3.13549421592915,-0.22314355131421,-1.94547673948463,-13.8155105579643,-0.868226843929179,0.696831471034313,-0.0321120963271975,0,-0.619325178783761,-0.188511822171259,0,0,-0.0135061957258598,0
3,4,1.14793911369073,-0.279884142264265,-6.62893949615056,0,-11.3723340580563,9.1332642203248,3.13549421592915,-0.22314355131421,-1.59302186320683,-13.8155105579643,-0.269173178150996,-0.927053495100148,-0.33330123673663,0,0.433109696424326,0.151871136292675,0,0,0.338948680551943,0
1,5,2.70234484502769,0.206297908021346,-6.33805106017078,0,-10.8462984645104,8.50341444975559,3.13549421592915,-0.22314355131421,-1.8716429516724,-13.8155105579643,1.28523255318597,-0.440871444814537,-0.042412800756841,0,0.959145289970211,-0.477978634276537,0,0,0.0603275920863713,0
2,5,2.76353076142219,0.257459199722329,-6.33611290935629,0,-10.9919080625243,8.67899947163879,3.13549421592915,-0.22314355131421,-1.8972812467593,-13.8155105579643,1.34641846958047,-0.389710153113555,-0.0404746499423538,0,0.813535691956334,-0.302393612393336,0,0,0.0346892969994717,0
3,5,2.11966795411729,1.06934281578776,-5.45631352381528,0,-11.1338150258087,8.85367959041907,3.13549421592915,-0.22314355131421,-2.24343737774095,-13.8155105579643,0.702555662275564,0.422173462951877,0.839324735598658,0,0.671628728671852,-0.12771349361306,0,0,-0.311466833982176,0
1,6,-3.19079758777413,1.82205957655599,-3.80093710723829,0,-11.0072615307526,9.2586270274369,3.13549421592915,-0.22314355131421,-2.06527903789961,-13.8155105579643,-4.60790987961585,1.1748902237201,2.49470115217565,0,0.798182223727951,0.277233943404779,0,0,-0.133308494140846,0
2,6,-3.63075238991221,1.30436646107067,-4.19947409320373,0,-11.3680117449725,9.71083470939726,3.13549421592915,-0.22314355131421,-1.90576205382211,-13.8155105579643,-5.04786468175394,0.657197108234787,2.09616416621021,0,0.437432009508068,0.729441625365135,0,0,0.0262084899366626,0
3,6,-4.87195582567603,0.718961264039781,-3.71284925353045,0,-11.0697000457983,10.428937250533,3.13549421592915,-0.22314355131421,-2.41249662973536,-13.8155105579643,-6.28906811751776,0.0717919112038976,2.58278900588349,0,0.735743708682328,1.4475441665009,0,0,-0.480526085976594,0
1,7,2.25912348833768,0.380209243310061,-7.44574566893699,0,-11.9857525723951,8.35131030697317,3.13549421592915,-0.22314355131421,-1.93159246982681,-13.8155105579643,0.84201119649596,-0.266960109525823,-1.15010740952305,0,-0.180308817914499,-0.630082777058957,0,0,0.000378073931954992,0
2,7,1.61798389987722,0.811444431076118,-7.08460609908332,0,-12.062695332804,8.28891098230484,3.13549421592915,-0.22314355131421,-2.0680223210122,-13.8155105579643,0.200871608035496,0.164275078240235,-0.788967839669384,0,-0.257251578323428,-0.692482101727288,0,0,-0.136051777253435,0
3,7,0.767537446298287,-0.487484208909772,-6.63094056735189,0,-12.1300025916039,10.0259551256274,3.13549421592915,-0.22314355131421,-2.03821550733792,-13.8155105579643,-0.649574845543434,-1.13465356174566,-0.335302307937955,0,-0.324558837123311,1.04456204159526,0,0,-0.10624496357915,0
1,8,-2.68287302264974,0.160844215018426,-5.85449819970664,0,-13.0206027373447,10.8128647329245,3.13549421592915,-0.22314355131421,-1.91750521476746,-13.8155105579643,-4.09998531449146,-0.486325137817457,0.441140059707294,0,-1.21515898286409,1.83147164889234,0,0,0.0144653289913137,0
2,8,-0.36339903290816,1.29547629102553,-6.82746147585753,0,-13.1159203028261,8.9696288457758,3.13549421592915,-0.22314355131421,-1.9488271392746,-13.8155105579643,-1.78051132474988,0.648306938189646,-0.531823216443595,0,-1.31047654834552,-0.0117642382563226,0,0,-0.0168565955158355,0
3,8,-2.19213797429286,1.20879841759161,-6.88446359953458,0,-13.1962939020005,8.98011360032201,3.13549421592915,-0.22314355131421,-1.88872418185944,-13.8155105579643,-3.60925026613458,0.561629064755724,-0.588825340120648,0,-1.39085014751991,-0.00127948371011399,0,0,0.0432463618993291,0
1,9,5.83667992894775,-0.0420841556374058,-9.30504502169995,0,-13.1064990974251,8.03390044405075,3.13549421592915,-0.22314355131421,-2.01576162178771,-13.8155105579643,4.41956763710602,-0.689253508473289,-3.00940676228602,0,-1.30105534294449,-0.947492639981371,0,0,-0.0837910780289413,0
2,9,5.98941989285301,0.411944037347035,-6.73333085104063,0,-12.3874406995784,9.31110475433966,3.13549421592915,-0.22314355131421,-1.80611983758479,-13.8155105579643,4.57230760101129,-0.235225315488848,-0.437692591626701,0,-0.581996945097794,0.329711670307532,0,0,0.125850706173982,0
3,9,5.58535140381248,1.21026873325803,-6.45986141427503,0,-12.0229680696564,8.5042722056844,3.13549421592915,-0.22314355131421,-1.86604105309818,-13.8155105579643,4.16823911197076,0.563099380422148,-0.164223154861101,0,-0.217524315175854,-0.477120878347725,0,0,0.0659294906605938,0
1,10,0.163106017613687,1.55417565722485,-6.05356644465131,0,-13.0924506563673,9.34792147080045,3.13549421592915,-0.22314355131421,-2.08782803017347,-13.8155105579643,-1.25400627422803,0.907006304388963,0.242071814762627,0,-1.28700690188673,0.366528386768328,0,0,-0.155857486414704,0
2,10,0.280460276905187,0.904532778720535,-6.31240140128721,0,-12.5140538734862,9.20350608728065,3.13549421592915,-0.22314355131421,-1.70946359122855,-13.8155105579643,-1.13665201493653,0.257363425884651,-0.0167631418732732,0,-0.708610119005639,0.222113003248522,0,0,0.222506952530219,0
3,10,2.4337246365023,1.60369430586157,-6.63309989858251,0,-12.8528668664251,8.75406283346927,3.13549421592915,-0.22314355131421,-1.88750136734707,-13.8155105579643,1.01661234466058,0.956524953025689,-0.337461639168581,0,-1.04742311194451,-0.227330250562852,0,0,0.0444691764116993,0
1,11,6.56291343476617,0.0561205525044749,-5.58288399741354,0,-10.0362202998373,8.62133225972235,3.13549421592915,-0.22314355131421,-1.90420088234309,-13.8155105579643,5.14580114292445,-0.591048800331408,0.712754262000392,0,1.76922345464329,-0.360060824309775,0,0,0.0277696614156802,0
2,11,4.95620375016307,0.825828141691667,-5.75095950112524,0,-10.522543045621,8.01314299866431,3.13549421592915,-0.22314355131421,-2.03306018020131,-13.8155105579643,3.53909145832135,0.178658788855784,0.544678758288692,0,1.28290070885959,-0.968250085367821,0,0,-0.10108963644254,0
3,11,6.87928502357969,1.12605690127236,-6.4069719952024,0,-11.1905302746748,7.9292801043073,3.13549421592915,-0.22314355131421,-1.99480554526242,-13.8155105579643,5.46217273173797,0.47888754843648,-0.111333735788469,0,0.614913479805782,-1.05211297972482,0,0,-0.0628350015036541,0
1,12,-1.7115306831794,2.50587599229218,-5.70046198726792,0,-12.3778501146846,8.41982515183688,3.13549421592915,-0.22314355131421,-2.05900194482602,-13.8155105579643,-3.12864297502112,1.8587066394563,0.595176272146009,0,-0.572406360204051,-0.561567932195249,0,0,-0.127031401067248,0
2,12,-2.58580335787189,0.121920474041522,-5.21670143877801,0,-11.9428424186123,10.696642709744,3.13549421592915,-0.22314355131421,-1.98129784519968,-13.8155105579643,-4.00291564971361,-0.525248878794362,1.07893682063592,0,-0.137398664131689,1.71524962571187,0,0,-0.0493273014409148,0
3,12,-1.76026787236345,1.81146438649456,-5.94424902510164,0,-12.5448943271933,9.0120607564895,3.13549421592915,-0.22314355131421,-2.06456268511208,-13.8155105579643,-3.17738016420517,1.16429503365868,0.351389234312293,0,-0.739450572712666,0.0306676724573727,0,0,-0.132592141353312,0
1,13,-2.5128710088157,0.662955926745966,-7.09755796272748,0,-11.1511121351174,7.34584918409969,3.13549421592915,-0.22314355131421,-2.62158968674203,-13.8155105579643,-3.92998330065742,0.0157865739100831,-0.801919703313548,0,0.654331619363212,-1.63554389993243,0,0,-0.689619142983261,0
2,13,-1.1546588974943,0.0143586778989462,-7.88722595616175,0,-11.5093256779604,7.66973132917582,3.13549421592915,-0.22314355131421,-2.54289562574977,-13.8155105579643,-2.57177118933602,-0.632810674936937,-1.59158769674781,0,0.2961180765202,-1.3116617548563,0,0,-0.610925081990997,0
3,13,-0.259486245475887,-0.0609479615476674,-7.47719344591926,0,-11.6704620892229,8.35645568132476,3.13549421592915,-0.22314355131421,-2.52531933503665,-13.8155105579643,-1.67659853731761,-0.708117314383551,-1.18155518650533,0,0.134981665257682,-0.624937402707369,0,0,-0.593348791277883,0
1,14,1.13091827594578,1.41277891123065,-6.48988460784263,0,-12.9711724348158,9.22568120248981,3.13549421592915,-0.22314355131421,-1.94083691119142,-13.8155105579643,-0.28619401589594,0.765609558394762,-0.194246348428696,0,-1.1657286803352,0.244288118457684,0,0,-0.00886636743265279,0
2,14,-1.38967447178,-0.402998321401614,-6.48628736378319,0,-12.6394388242774,10.4734866978594,3.13549421592915,-0.22314355131421,-1.7032437022094,-13.8155105579643,-2.80678676362172,-1.0501676742375,-0.19064910436926,0,-0.83399506979679,1.49209361382729,0,0,0.228726841549369,0
3,14,0.278411528555716,1.06205177942011,-6.07865764905097,0,-12.9243078547118,9.86812155377999,3.13549421592915,-0.22314355131421,-1.98119097123413,-13.8155105579643,-1.13870076328601,0.414882426584229,0.21698061036296,0,-1.11886410023117,0.88672846974786,0,0,-0.0492204274753596,0
1,15,3.93984572062963,0.43727783403434,-6.49546988396015,0,-11.2613159819379,8.43174690535489,3.13549421592915,-0.22314355131421,-2.21911223986959,-13.8155105579643,2.52273342878791,-0.209891518801543,-0.199831624546217,0,0.54412777254271,-0.549646178677234,0,0,-0.287141696110819,0
2,15,4.70928589470201,0.484110809438888,-6.29891215586464,0,-11.6652390262585,9.05884040228677,3.13549421592915,-0.22314355131421,-2.19452803620486,-13.8155105579643,3.29217360286029,-0.163058543396996,-0.00327389645070486,0,0.140204728222063,0.0774473182546433,0,0,-0.26255749244609,0
3,15,5.21879130636963,1.28769483235559,-6.61616081028366,0,-11.8322393956048,8.19490852486404,3.13549421592915,-0.22314355131421,-2.20833758538313,-13.8155105579643,3.80167901452791,0.640525479519706,-0.320522550869728,0,-0.0267956411242132,-0.786484559168088,0,0,-0.276367041624356,0
1,16,1.50706922684723,0.0423820915365354,-6.70275728665887,0,-12.4106459863607,9.79410588198738,3.13549421592915,-0.22314355131421,-1.66121310476949,-13.8155105579643,0.0899569350055109,-0.604787261299348,-0.407119027244939,0,-0.60520223188014,0.812712797955257,0,0,0.270757438989277,0
2,16,3.11118677472373,0.358895748165983,-5.78627529607011,0,-11.9321393969864,10.1009660049929,3.13549421592915,-0.22314355131421,-1.58469241900981,-13.8155105579643,1.69407448288201,-0.2882736046699,0.509362963343822,0,-0.126695642505798,1.11957292096077,0,0,0.347278124748956,0
3,16,4.12865001095475,0.822966627144243,-6.72725483100037,0,-12.3769181529964,9.25905245712903,3.13549421592915,-0.22314355131421,-1.51223483301079,-13.8155105579643,2.71153771911303,0.17579727430836,-0.431616571586436,0,-0.571474398515768,0.277659373096904,0,0,0.419735710747977,0
1,17,9.10979319298295,-0.269913053890945,-6.96145305196095,0,-9.87884834622647,7.57048780414877,3.13549421592915,-0.22314355131421,-1.90768809452801,-13.8155105579643,7.69268090114123,-0.917082406726828,-0.665814792547017,0,1.92659540825412,-1.41090527988336,0,0,0.0242824492307592,0
2,17,8.85381076218036,-0.191199044176616,-6.82631127794796,0,-8.891574510995,6.56171190310449,3.13549421592915,-0.22314355131421,-1.69217458781839,-13.8155105579643,7.43669847033864,-0.838368397012499,-0.530673018534024,0,2.91386924348559,-2.41968118092763,0,0,0.239795955940382,0
3,17,7.05286976375481,0.859147770546524,-6.39786251258706,0,-9.10945870986441,5.95173619489135,3.13549421592915,-0.22314355131421,-2.12679125489918,-13.8155105579643,5.63575747191308,0.211978417710641,-0.102224253173128,0,2.69598504461618,-3.02965688914078,0,0,-0.194820711140411,0
