id,initT_SAEM,aS_SAEM,dS_SAEM,tau_SAEM,lBt0_SAEM,lp_SAEM,dI_SAEM,lk_SAEM,lae_SAEM,f_SAEM,dp_SAEM,lw_SAEM,dE_SAEM,lI50_SAEM,initT_mean,aS_mean,dS_mean,tau_mean,lBt0_mean,lp_mean,dI_mean,lk_mean,lae_mean,f_mean,dp_mean,lw_mean,dE_mean,lI50_mean,initT_mode,aS_mode,dS_mode,tau_mode,lBt0_mode,lp_mode,dI_mode,lk_mode,lae_mode,f_mode,dp_mode,lw_mode,dE_mode,lI50_mode,initT_sd,aS_sd,dS_sd,tau_sd,lBt0_sd,lp_sd,dI_sd,lk_sd,lae_sd,f_sd,dp_sd,lw_sd,dE_sd,lI50_sd,data
35,-10.797,16.239,0.00904139,0.05,-4.9074,4.6,0.9,-3.9578,0.147556,0.9,0.001,-1.62867,0.999983,1.50502e+49,-10.9411,16.1869,0.0090302,0.05,-4.90744,4.6,0.9,-3.97372,0.169347,0.9,0.001,-1.6663,0.999792,2.20437e+47,-10.5632,16.2295,0.00902358,0.05,-4.90545,4.6,0.9,-3.95837,0.346392,0.9,0.001,-1.35591,1,1.77015,1.64108,0.68357,0.000408485,0,0.011842,0,0,0.464744,0.509284,0,0,0.336941,0.00590855,9.87754e+48,thai
36,-2.87548,16.2094,0.00910744,0.05,-4.90509,4.6,0.9,-3.98198,0.270296,0.9,0.001,0.33022,1,8.48748e+32,-2.78999,16.2175,0.00905782,0.05,-4.90713,4.6,0.9,-3.96139,0.187927,0.9,0.001,0.356304,0.999972,5.36513e+41,-2.72143,16.1264,0.00907385,0.05,-4.90711,4.6,0.9,-3.97449,0.18629,0.9,0.001,0.433188,1,1.35729e-06,0.995684,0.73016,0.000438076,0,0.0116588,0,0,0.461444,0.560343,0,0,0.177656,0.000966104,2.40414e+43,thai
37,-7.90516,16.2147,0.00904744,0.05,-4.90682,4.6,0.9,-3.95663,0.204413,0.9,0.001,-1.75052,0.999994,1.08628e+45,-8.06572,16.2049,0.00907372,0.05,-4.90677,4.6,0.9,-4.00412,0.22297,0.9,0.001,-1.72589,0.999816,1.22385e+47,-8.293,16.1065,0.00910152,0.05,-4.90785,4.6,0.9,-4.05406,0.314306,0.9,0.001,-1.6604,1,2.32384,1.5831,0.714112,0.000420707,0,0.0123723,0,0,0.465299,0.540955,0,0,0.318172,0.00818875,5.48326e+48,thai
38,-8.68989,16.1711,0.00905258,0.05,-4.90564,4.6,0.9,-3.83973,0.343178,0.9,0.001,-0.324256,0.99855,1.2677e+22,-8.61989,16.1721,0.0090486,0.05,-4.90599,4.6,0.9,-3.90095,0.31235,0.9,0.001,-0.419657,0.996872,8.01056e+38,-8.68951,16.0856,0.00909817,0.05,-4.90743,4.6,0.9,-3.82656,0.431211,0.9,0.001,-0.00744665,1,1.435e-06,1.36903,0.714678,0.00040406,0,0.0120467,0,0,0.482124,0.575298,0,0,0.572139,0.0520681,3.41574e+40,thai
39,-7.2989,15.4099,0.00957032,0.05,-4.91258,4.6,0.9,-3.67048,0.86977,0.9,0.001,-0.42884,1,8.41905e+26,-7.23157,15.4819,0.00955457,0.05,-4.91415,4.6,0.9,-3.58997,0.653418,0.9,0.001,-0.497022,0.999788,1.89117e+38,-6.91535,15.4645,0.00951717,0.05,-4.91337,4.6,0.9,-3.61969,0.785522,0.9,0.001,-0.342769,1,1.10712e-07,1.46347,0.675098,0.000458479,0,0.0122359,0,0,0.476068,0.523905,0,0,0.284101,0.00894084,8.43832e+39,thai
40,-10.2779,16.0662,0.00913228,0.05,-4.90954,4.6,0.9,-3.87451,0.471311,0.9,0.001,-1.99487,1,5.09723e+37,-10.0327,16.1296,0.00908716,0.05,-4.90978,4.6,0.9,-3.81755,0.471094,0.9,0.001,-2.04778,0.999901,5.62875e+47,-9.87055,16.0662,0.0090858,0.05,-4.90929,4.6,0.9,-3.86802,0.390499,0.9,0.001,-2.01533,1,4.5021,1.36312,0.651757,0.000401435,0,0.0118234,0,0,0.431269,0.475871,0,0,0.328849,0.00422262,2.52167e+49,thai
41,-5.01447,16.6705,0.00885902,0.05,-4.90244,4.6,0.9,-3.78303,0.176026,0.9,0.001,-0.272435,1,5.701e+26,-5.40908,16.4641,0.00885932,0.05,-4.90374,4.6,0.9,-3.82813,0.384924,0.9,0.001,-0.184179,0.999774,1.51262e+50,-4.99618,16.5951,0.00878666,0.05,-4.90276,4.6,0.9,-3.80465,0.468022,0.9,0.001,0.0226344,1,1.49353e-06,1.15738,0.785671,0.000430019,0,0.0117892,0,0,0.430927,0.499611,0,0,0.395397,0.0093205,6.74831e+51,thai
42,-6.47794,16.265,0.00904052,0.05,-4.90554,4.6,0.9,-3.98938,0.255141,0.9,0.001,-0.968584,0.99725,3.14254e+46,-6.58714,16.2217,0.00902905,0.05,-4.90587,4.6,0.9,-3.72771,0.414315,0.9,0.001,-0.729753,0.999442,1.74516e+40,-6.21493,16.3176,0.00896189,0.05,-4.90528,4.6,0.9,-3.57278,0.584958,0.9,0.001,-0.27591,1,5.6487e-05,1.26424,0.723298,0.000436345,0,0.0120504,0,0,0.525908,0.636001,0,0,0.497734,0.0117465,7.79446e+41,thai
43,-6.05344,16.1491,0.00908203,0.05,-4.90733,4.6,0.9,-3.79281,0.434577,0.9,0.001,-1.94759,1,1.63572e+35,-5.94286,16.1992,0.00905947,0.05,-4.9079,4.6,0.9,-3.78659,0.375198,0.9,0.001,-1.89465,0.999825,3.75394e+42,-5.78294,16.0041,0.00897415,0.05,-4.90683,4.6,0.9,-3.99104,0.490839,0.9,0.001,-1.91947,1,5.12135,1.38649,0.728612,0.000428436,0,0.0118576,0,0,0.464359,0.503805,0,0,0.341276,0.00783115,1.66216e+44,thai
44,-11.1111,16.3742,0.00893677,0.05,-4.90501,4.6,0.9,-3.80066,0.468679,0.9,0.001,-0.199975,1,5.46437e+24,-10.9984,16.4738,0.00890584,0.05,-4.90448,4.6,0.9,-3.78125,0.486561,0.9,0.001,-0.253442,0.996515,7.26196e+39,-10.9187,16.444,0.00887965,0.05,-4.90409,4.6,0.9,-3.74555,0.630981,0.9,0.001,-0.102926,1,4.34953e-06,2.01568,0.738524,0.000405791,0,0.0120203,0,0,0.459386,0.523629,0,0,0.229198,0.0460205,3.25397e+41,thai
45,-4.52121,16.014,0.00920772,0.05,-4.90897,4.6,0.9,-3.89772,0.260808,0.9,0.001,0.169547,0.99936,0.00984286,-4.49833,15.9734,0.00920219,0.05,-4.90851,4.6,0.9,-3.88776,0.266156,0.9,0.001,0.157724,0.999171,0.00467751,-4.46632,15.9066,0.00921285,0.05,-4.90912,4.6,0.9,-3.90109,0.303744,0.9,0.001,0.176975,1,1.44851e-06,1.07334,0.695528,0.000432469,0,0.0115832,0,0,0.413789,0.454487,0,0,0.137989,0.0207926,0.029981,thai
46,-10.2712,16.0861,0.00902064,0.05,-4.9096,4.6,0.9,-3.91944,0.432277,0.9,0.001,-0.953039,0.999997,3.57273e+41,-10.1609,16.1965,0.00904976,0.05,-4.90682,4.6,0.9,-3.84775,0.406994,0.9,0.001,-0.937947,0.99997,1.31714e+42,-9.77166,16.2206,0.00901608,0.05,-4.90619,4.6,0.9,-3.93339,0.73408,0.9,0.001,-0.68027,1,0.511352,1.77026,0.733397,0.000421601,0,0.0115568,0,0,0.510146,0.685273,0,0,0.468989,0.000904138,5.86109e+43,thai
47,-5.38955,16.1238,0.00909725,0.05,-4.90749,4.6,0.9,-3.81994,0.218564,0.9,0.001,-0.472389,0.999916,9.78183e+31,-5.4965,16.1215,0.00912125,0.05,-4.90633,4.6,0.9,-3.91177,0.344973,0.9,0.001,-0.442937,0.999951,1.21029e+40,-4.98465,16.3045,0.00896405,0.05,-4.90532,4.6,0.9,-3.69214,0.651281,0.9,0.001,-0.173743,1,7.16393e-05,1.26526,0.730567,0.000455329,0,0.0115082,0,0,0.474929,0.668019,0,0,0.330522,0.00135441,5.20792e+41,thai
48,-6.52491,15.9824,0.00922559,0.05,-4.90695,4.6,0.9,-3.66851,0.685026,0.9,0.001,-0.688593,0.999997,2.95173e+21,-6.51069,16.0155,0.00922686,0.05,-4.90863,4.6,0.9,-3.64715,0.639831,0.9,0.001,-0.742591,0.999464,7.2398e+38,-6.27181,16.0207,0.00914673,0.05,-4.90793,4.6,0.9,-3.66884,0.830206,0.9,0.001,-0.463041,1,2.70273e-08,1.45761,0.676686,0.000431763,0,0.0116239,0,0,0.521997,0.569738,0,0,0.445836,0.0108878,3.24417e+40,thai
49,-2.56449,15.2896,0.00955822,0.05,-4.91373,4.6,0.9,-4.31333,-0.464596,0.9,0.001,0.677812,0.999649,1.21401e+10,-2.69769,15.3581,0.0096329,0.05,-4.91372,4.6,0.9,-4.33399,-0.394809,0.9,0.001,0.663245,0.999831,3.30979e+22,-2.49706,15.3542,0.00958899,0.05,-4.91425,4.6,0.9,-4.37371,-0.490951,0.9,0.001,0.685133,1,1.35204e-06,0.958457,0.629785,0.000404612,0,0.0116989,0,0,0.473134,0.545815,0,0,0.106521,0.00521839,1.48314e+24,thai
50,-3.97505,16.4612,0.0089103,0.05,-4.90464,4.6,0.9,-4.02617,0.0287611,0.9,0.001,-1.10098,0.999999,9.1693e+36,-3.96083,16.499,0.00888423,0.05,-4.90475,4.6,0.9,-3.99592,0.0526314,0.9,0.001,-1.11727,0.999611,2.93165e+41,-3.81279,16.4479,0.00886469,0.05,-4.90373,4.6,0.9,-3.99655,0.0783888,0.9,0.001,-0.985749,1,2.08866,1.01725,0.729452,0.000424583,0,0.0113115,0,0,0.482346,0.576476,0,0,0.297545,0.0166415,1.18723e+43,thai
51,-8.87389,15.8305,0.00930832,0.05,-4.90942,4.6,0.9,-3.72471,0.548779,0.9,0.001,-0.240285,0.999984,0.00470238,-8.83858,15.8238,0.0092866,0.05,-4.90982,4.6,0.9,-3.71046,0.55171,0.9,0.001,-0.28104,0.999788,2.19082e+23,-8.84311,15.7415,0.00932331,0.05,-4.91075,4.6,0.9,-3.75621,0.546137,0.9,0.001,-0.153537,1,1.39699e-06,1.46591,0.704786,0.000436139,0,0.0118865,0,0,0.415127,0.441089,0,0,0.255969,0.00948139,9.17159e+24,thai
1,-8.2922,16.0811,0.00915864,0.05,-4.90763,4.6,0.9,-3.67864,0.523648,0.9,0.001,-0.666497,1,5.28267e+25,-8.28042,16.0984,0.00915896,0.05,-4.90789,4.6,0.9,-3.71883,0.546553,0.9,0.001,-0.738979,0.999982,1.81256e+34,-7.87253,16.1449,0.00906116,0.05,-4.90688,4.6,0.9,-3.74378,0.745606,0.9,0.001,-0.287087,1,4.21687e-10,1.56623,0.683786,0.000426071,0,0.0114588,0,0,0.469195,0.597198,0,0,0.653256,0.000533205,8.1222e+35,africa
2,-5.56815,16.2875,0.00900697,0.05,-4.90639,4.6,0.9,-3.73243,0.541387,0.9,0.001,-0.27593,0.998387,1.04322e+28,-5.42705,16.3215,0.00898908,0.05,-4.9052,4.6,0.9,-3.75445,0.569661,0.9,0.001,-0.281123,0.999592,4.07946e+36,-5.18969,16.3427,0.00893802,0.05,-4.90507,4.6,0.9,-3.72552,0.595365,0.9,0.001,-0.13939,1,1.41386e-06,1.12082,0.725081,0.000397368,0,0.0117354,0,0,0.453871,0.501237,0,0,0.283359,0.0182727,1.82803e+38,africa
3,-7.37297,16.3429,0.00907338,0.05,-4.90826,4.6,0.9,-3.81826,0.781825,0.9,0.001,-1.01482,0.999918,7.01621e+50,-7.51614,15.9956,0.009112,0.05,-4.90729,4.6,0.9,-4.03121,0.137934,0.9,0.001,-1.62809,0.999018,6.72197e+41,-7.26034,16.0922,0.00910501,0.05,-4.9073,4.6,0.9,-4.06834,0.14726,0.9,0.001,-1.84412,1,2.68556,1.51716,0.664385,0.000432085,0,0.0112043,0,0,0.464529,0.59702,0,0,0.537758,0.021789,3.01054e+43,africa
4,-7.80729,16.031,0.00914448,0.05,-4.90819,4.6,0.9,-4.24045,-0.0153856,0.9,0.001,0.426458,0.998506,0.00408066,-7.75295,16.0194,0.00917574,0.05,-4.90773,4.6,0.9,-4.19894,-0.0795989,0.9,0.001,0.436045,0.999998,0.00690835,-7.54458,15.9519,0.00918478,0.05,-4.9086,4.6,0.9,-4.15967,-0.109664,0.9,0.001,0.443398,1,1.44656e-06,1.77219,0.705396,0.000416396,0,0.0114562,0,0,0.416527,0.472109,0,0,0.125959,0.000105533,0.0364819,africa
5,-9.32953,16.3156,0.0089719,0.05,-4.9052,4.6,0.9,-3.59144,0.593587,0.9,0.001,-0.532037,0.997657,1.40001e+34,-9.37708,16.2673,0.00899821,0.05,-4.90588,4.6,0.9,-3.75843,0.525859,0.9,0.001,-0.607201,0.998541,4.21036e+43,-9.06648,16.3317,0.00895088,0.05,-4.90514,4.6,0.9,-3.6029,0.654947,0.9,0.001,-0.269366,1,1.22293e-07,1.65944,0.719178,0.000442543,0,0.0119377,0,0,0.481912,0.613034,0,0,0.414653,0.0294077,1.88669e+45,africa
6,-10.0123,16.2381,0.00905576,0.05,-4.90533,4.6,0.9,-3.98455,0.188277,0.9,0.001,-0.464305,0.999663,9.80441e+35,-9.96126,16.2792,0.00902565,0.05,-4.90613,4.6,0.9,-4.02259,0.176665,0.9,0.001,-0.455463,0.999997,5.33098e+44,-9.38933,16.2298,0.00901191,0.05,-4.90585,4.6,0.9,-4.01144,0.289626,0.9,0.001,-0.361167,1,1.28545,2.09091,0.72849,0.000433825,0,0.0121525,0,0,0.501135,0.650835,0,0,0.213187,9.47486e-05,2.38737e+46,africa
7,-5.83946,15.6382,0.00938027,0.05,-4.91065,4.6,0.9,-4.11395,0.037858,0.9,0.001,1.32813,1,1.95947e+32,-5.92727,15.6957,0.00936724,0.05,-4.91099,4.6,0.9,-4.05699,0.0340017,0.9,0.001,1.32529,0.999857,5.42586e+45,-5.52343,15.7411,0.00932774,0.05,-4.91071,4.6,0.9,-3.98239,0.0352314,0.9,0.001,1.35765,1,1.00801e-06,1.67198,0.748156,0.000454577,0,0.012111,0,0,0.468887,0.52942,0,0,0.132506,0.00468252,2.43127e+47,africa
8,-9.019,16.0532,0.00913689,0.05,-4.90845,4.6,0.9,-4.1596,-0.188463,0.9,0.001,-2.00098,1,6.91332e+39,-9.44982,15.9419,0.00917985,0.05,-4.9087,4.6,0.9,-3.85816,0.378325,0.9,0.001,-1.24198,1,1.19867e+37,-9.4731,15.9547,0.00918087,0.05,-4.9097,4.6,0.9,-3.62017,0.455415,0.9,0.001,-0.622416,1,2.78933e-08,1.75237,0.659805,0.000407161,0,0.0119648,0,0,0.476505,0.661157,0,0,0.679079,4.75139e-06,5.37116e+38,africa
9,-8.47221,15.9468,0.00926311,0.05,-4.90927,4.6,0.9,-4.40557,-0.317308,0.9,0.001,0.653158,0.999959,0.00141482,-8.57307,15.8703,0.0092451,0.05,-4.90944,4.6,0.9,-4.34788,-0.426142,0.9,0.001,0.659376,1,3.19935e+09,-8.63976,15.7463,0.00930548,0.05,-4.91046,4.6,0.9,-4.43437,-0.598881,0.9,0.001,0.679082,1,6.36514e-07,1.50909,0.691436,0.000447228,0,0.0118756,0,0,0.432522,0.498753,0,0,0.113065,4.8347e-06,1.39261e+11,africa
10,-9.99103,16.1221,0.00910922,0.05,-4.90532,4.6,0.9,-3.80543,0.267258,0.9,0.001,-0.213664,0.999999,0.00419734,-10.0203,16.1731,0.00912529,0.05,-4.9073,4.6,0.9,-3.87122,0.257899,0.9,0.001,-0.205441,0.999008,5.81419e+27,-9.67464,16.125,0.00904691,0.05,-4.90684,4.6,0.9,-4.01043,0.327056,0.9,0.001,-0.0824439,1,9.76094e-07,1.56015,0.673173,0.000427729,0,0.0111591,0,0,0.442377,0.526611,0,0,0.42411,0.0235644,2.60536e+29,africa
11,-5.08911,16.4304,0.00897441,0.05,-4.90421,4.6,0.9,-3.8793,0.684533,0.9,0.001,-0.301622,0.999998,0.00406399,-5.43841,16.336,0.00903593,0.05,-4.90677,4.6,0.9,-3.88667,0.534589,0.9,0.001,-0.217982,0.999896,0.0289292,-5.1765,16.2932,0.00900217,0.05,-4.9064,4.6,0.9,-3.86325,0.370248,0.9,0.001,-0.0612665,1,1.46693e-06,1.23558,0.676798,0.000405679,0,0.0118744,0,0,0.395641,0.458957,0,0,0.304185,0.0036974,0.129422,africa
12,-7.28019,16.1267,0.00910493,0.05,-4.9072,4.6,0.9,-4.33444,0.0443252,0.9,0.001,0.448745,0.999915,0.00555384,-7.91618,16.0121,0.00917277,0.05,-4.90814,4.6,0.9,-4.15652,-0.155685,0.9,0.001,0.442168,0.999858,0.0049194,-7.5248,15.9649,0.0091763,0.05,-4.90849,4.6,0.9,-4.16987,-0.135385,0.9,0.001,0.456308,1,1.39989e-06,1.85081,0.718071,0.000429499,0,0.0119243,0,0,0.435152,0.456074,0,0,0.119742,0.00460576,0.0300047,africa
13,-7.38828,15.8806,0.00924541,0.05,-4.90924,4.6,0.9,-3.89099,0.463875,0.9,0.001,0.147429,1,2.01375e+33,-7.22151,15.9017,0.00925244,0.05,-4.91043,4.6,0.9,-3.84856,0.377564,0.9,0.001,0.165607,0.999008,2.47492e+40,-6.86729,15.8942,0.00922549,0.05,-4.90922,4.6,0.9,-3.73421,0.554666,0.9,0.001,0.171308,1,0.202983,1.57968,0.76068,0.000442418,0,0.0120745,0,0,0.451393,0.549269,0,0,0.197846,0.0251775,9.32936e+41,africa
14,-4.90552,16.032,0.00924671,0.05,-4.90879,4.6,0.9,-4.1737,-0.0365333,0.9,0.001,0.592499,1,0.00383221,-5.2051,15.8652,0.00925281,0.05,-4.90963,4.6,0.9,-4.1527,-0.0468774,0.9,0.001,0.544889,0.999974,5.62101e+35,-4.97942,15.8889,0.00922896,0.05,-4.9093,4.6,0.9,-4.16016,-0.0630524,0.9,0.001,0.574306,1,1.65376e-06,1.2832,0.718391,0.000433558,0,0.0118612,0,0,0.447706,0.524539,0,0,0.160688,0.000756225,1.79107e+37,africa
15,-7.9519,16.0608,0.00920926,0.05,-4.90845,4.6,0.9,-3.9765,0.134848,0.9,0.001,-1.44382,0.99046,6.06594e+31,-7.67921,16.2566,0.00909994,0.05,-4.90655,4.6,0.9,-3.70475,0.542424,0.9,0.001,-1.31571,0.999821,8.6823e+52,-7.10062,16.4744,0.00891789,0.05,-4.9047,4.6,0.9,-3.35834,0.853085,0.9,0.001,-0.749262,1,0.000466713,1.44238,0.735406,0.000422061,0,0.0122045,0,0,0.581529,0.755437,0,0,0.511251,0.00534983,3.80175e+54,africa
16,-6.63106,15.8775,0.00923131,0.05,-4.90926,4.6,0.9,-4.01873,0.25048,0.9,0.001,-1.53666,0.999564,1.32343e+44,-6.35519,16.0139,0.00920328,0.05,-4.90823,4.6,0.9,-3.81093,0.397046,0.9,0.001,-1.20497,0.999808,1.80092e+41,-5.86573,16.1873,0.00907389,0.05,-4.90741,4.6,0.9,-3.55424,0.694197,0.9,0.001,-0.535677,1,0.000792444,1.4652,0.739287,0.000434194,0,0.0115624,0,0,0.490426,0.67268,0,0,0.671945,0.00435295,6.89821e+42,africa
17,-8.28681,15.9203,0.00917463,0.05,-4.90999,4.6,0.9,-3.94308,0.190627,0.9,0.001,-0.938831,0.98184,8.17239e+30,-8.41734,15.9792,0.00918418,0.05,-4.9088,4.6,0.9,-3.94083,0.235257,0.9,0.001,-0.868447,0.993177,2.07983e+42,-8.21474,16.0086,0.00914259,0.05,-4.90861,4.6,0.9,-3.78926,0.274422,0.9,0.001,-0.0228216,1,4.01451e-07,1.81465,0.728853,0.000420769,0,0.0119073,0,0,0.506662,0.629045,0,0,0.715541,0.0800475,9.31888e+43,africa
18,-1.4401,15.2684,0.00975658,0.05,-4.91659,4.6,0.9,-4.31855,-0.269651,0.9,0.001,0.696166,1,3.48563e+21,-1.62088,15.1478,0.0097336,0.05,-4.91657,4.6,0.9,-4.28144,-0.249313,0.9,0.001,0.6837,0.999005,9.98713e+37,-1.30813,15.1667,0.00972819,0.05,-4.91621,4.6,0.9,-4.45396,-0.390677,0.9,0.001,0.701096,1,2.44003e-05,1.17152,0.631646,0.00044724,0,0.0115973,0,0,0.471502,0.583747,0,0,0.145094,0.023905,4.47527e+39,africa
19,-10.6817,16.0431,0.00901723,0.05,-4.90824,4.6,0.9,-4.2434,-0.277166,0.9,0.001,-1.27528,0.999994,4.4523e+44,-10.4981,16.1794,0.00903685,0.05,-4.90741,4.6,0.9,-4.21345,-0.21057,0.9,0.001,-1.31483,0.999998,1.00822e+47,-10.5243,16.2399,0.00896587,0.05,-4.91125,4.6,0.9,-3.85687,-0.376143,0.9,0.001,-1.05867,1,1.82453,1.75306,0.694819,0.000419397,0,0.0118457,0,0,0.466713,0.526998,0,0,0.297289,6.48358e-05,4.51725e+48,africa
20,-6.64254,16.1262,0.0090505,0.05,-4.90627,4.6,0.9,-3.97758,0.0735257,0.9,0.001,-1.03844,0.997998,1.71433e+23,-6.8178,16.0962,0.00908341,0.05,-4.90789,4.6,0.9,-4.07399,0.0577722,0.9,0.001,-0.996367,0.988491,4.90333e+35,-6.66922,16.1014,0.00908855,0.05,-4.90742,4.6,0.9,-3.96943,0.0822178,0.9,0.001,-0.554706,1,1.77038e-06,1.31294,0.688575,0.000416186,0,0.0114337,0,0,0.488898,0.631016,0,0,0.734644,0.105388,2.19084e+37,africa
21,-9.08388,16.486,0.00902272,0.05,-4.9078,4.6,0.9,-3.72885,0.746331,0.9,0.001,-2.05482,1,1.04807e+38,-9.25351,16.338,0.00901855,0.05,-4.90754,4.6,0.9,-3.72216,0.657352,0.9,0.001,-2.00021,0.999953,1.36734e+52,-8.90947,16.3661,0.00898629,0.05,-4.90722,4.6,0.9,-3.74771,0.556991,0.9,0.001,-1.94357,1,4.84836,1.48581,0.719742,0.000420922,0,0.0117949,0,0,0.443396,0.476191,0,0,0.295887,0.00160435,6.12716e+53,africa
22,-12.1305,16.5073,0.00888778,0.05,-4.90346,4.6,0.9,-4.01961,0.379062,0.9,0.001,0.217313,1,1.45924e+23,-11.986,16.4642,0.00885105,0.05,-4.90456,4.6,0.9,-3.88558,0.166089,0.9,0.001,0.206103,0.999547,3.31323e+28,-11.749,16.4076,0.00889398,0.05,-4.90454,4.6,0.9,-3.89833,0.221273,0.9,0.001,0.235566,1,3.11318e-06,1.77103,0.727246,0.000423213,0,0.0118533,0,0,0.423113,0.465045,0,0,0.190085,0.0159588,1.37081e+30,africa
23,-9.88474,15.9276,0.00919183,0.05,-4.90901,4.6,0.9,-3.76545,0.282023,0.9,0.001,-0.721692,0.999136,1.06612e+26,-10.1131,16.0217,0.00928844,0.05,-4.90895,4.6,0.9,-3.78847,0.545093,0.9,0.001,-0.845825,0.999804,1.87543e+48,-9.78962,15.9053,0.00918962,0.05,-4.90899,4.6,0.9,-3.79325,0.578198,0.9,0.001,-0.620986,1,9.29213e-12,1.91299,0.68426,0.000432075,0,0.0114336,0,0,0.45168,0.657595,0,0,0.577184,0.00618288,8.40393e+49,africa
24,-8.38427,16.1043,0.00910203,0.05,-4.90613,4.6,0.9,-3.63175,0.85622,0.9,0.001,-0.91443,0.99995,2.17328e+18,-8.25263,16.2676,0.00908947,0.05,-4.90841,4.6,0.9,-3.60547,0.762437,0.9,0.001,-0.871215,0.999909,2.73755e+39,-8.1566,16.1732,0.00903014,0.05,-4.90797,4.6,0.9,-3.59109,0.817611,0.9,0.001,-0.632641,1,5.0849e-08,1.701,0.667986,0.000382279,0,0.0116084,0,0,0.493066,0.523454,0,0,0.475956,0.00407258,1.22672e+41,africa
25,-8.08973,15.8192,0.00927295,0.05,-4.91194,4.6,0.9,-4.2404,-0.138635,0.9,0.001,0.670836,1,2.75291e+20,-8.06129,15.8124,0.00931182,0.05,-4.90929,4.6,0.9,-4.18383,-0.185488,0.9,0.001,0.671128,0.99999,6.48328e+29,-7.74549,15.853,0.00925133,0.05,-4.90968,4.6,0.9,-4.22488,-0.226919,0.9,0.001,0.699637,1,1.43617e-06,1.53308,0.69595,0.000431938,0,0.0114929,0,0,0.459111,0.502872,0,0,0.118157,0.000338624,2.90519e+31,africa
26,-8.41328,16.4147,0.00869761,0.05,-4.90141,4.6,0.9,-4.56358,-1.40169,0.9,0.001,0.794799,1,0.000603564,-8.36429,16.6869,0.00878286,0.05,-4.90056,4.6,0.9,-4.88426,-0.968696,0.9,0.001,0.772737,0.999685,0.00286182,-8.14753,16.61,0.00865855,0.05,-4.90064,4.6,0.9,-4.74258,-1.10213,0.9,0.001,0.78512,1,1.36953e-06,1.45841,0.72861,0.000419209,0,0.0121694,0,0,0.457486,0.550838,0,0,0.0753191,0.0106979,0.0182937,africa
27,-10.0993,15.9434,0.00927153,0.05,-4.9091,4.6,0.9,-3.8424,0.767093,0.9,0.001,-0.935032,0.999601,8.32567e+26,-10.2462,15.9137,0.0092741,0.05,-4.91027,4.6,0.9,-3.72424,0.656789,0.9,0.001,-0.865776,0.999808,1.49442e+27,-10.0615,15.8801,0.00924598,0.05,-4.90994,4.6,0.9,-3.70862,0.623203,0.9,0.001,-0.626023,1,1.52948e-06,1.49635,0.641438,0.000401773,0,0.0113097,0,0,0.480077,0.536382,0,0,0.520077,0.00784927,6.69163e+28,africa
28,-7.24865,16.1458,0.00916904,0.05,-4.90864,4.6,0.9,-3.89181,0.658813,0.9,0.001,-0.368233,0.998726,0.00907309,-7.38622,16.0766,0.00916351,0.05,-4.90938,4.6,0.9,-3.85598,0.418356,0.9,0.001,-0.651173,0.999563,1.06657e+33,-6.84032,16.131,0.00907114,0.05,-4.90841,4.6,0.9,-3.87849,0.46219,0.9,0.001,-0.119253,1,5.85162e-11,1.48015,0.660424,0.000401364,0,0.0113433,0,0,0.490384,0.598371,0,0,0.656177,0.0151565,3.42167e+34,africa
29,-10.9795,16.4557,0.00894251,0.05,-4.90552,4.6,0.9,-4.05453,0.0894022,0.9,0.001,-1.52438,0.999998,1.3333e+45,-10.9229,16.4198,0.0089217,0.05,-4.90575,4.6,0.9,-4.07619,0.0342498,0.9,0.001,-1.46012,0.99982,1.72579e+41,-10.6689,16.2952,0.00878543,0.05,-4.90695,4.6,0.9,-4.18253,0.059512,0.9,0.001,-1.29075,1,2.44248,1.70907,0.72843,0.000421287,0,0.0117459,0,0,0.447587,0.529997,0,0,0.308853,0.00390489,6.97625e+42,africa
30,-7.4643,15.8759,0.00926548,0.05,-4.90949,4.6,0.9,-3.89283,0.372793,0.9,0.001,-1.08342,1,3.36278e+43,-7.53261,15.8741,0.00927422,0.05,-4.90985,4.6,0.9,-3.88665,0.388163,0.9,0.001,-1.06068,0.999963,4.30847e+44,-7.01701,15.9267,0.00920127,0.05,-4.90901,4.6,0.9,-3.91,0.292056,0.9,0.001,-0.970662,1,3.06557,1.60624,0.686464,0.00043469,0,0.0119009,0,0,0.5109,0.645695,0,0,0.323425,0.00101374,1.90625e+46,africa
31,-7.62981,16.0773,0.00899186,0.05,-4.90539,4.6,0.9,-4.06616,-0.147599,0.9,0.001,0.0134529,0.99958,0.0133083,-7.41166,16.313,0.00901833,0.05,-4.90513,4.6,0.9,-4.21913,0.0451322,0.9,0.001,0.0364433,0.999985,0.00604676,-7.42161,16.11,0.00905438,0.05,-4.90686,4.6,0.9,-4.22013,-0.218169,0.9,0.001,0.221242,1,1.41578e-06,1.37035,0.684225,0.000435801,0,0.0114174,0,0,0.398577,0.431476,0,0,0.268707,0.00035599,0.0386348,africa
32,-11.6766,16.3683,0.00887167,0.05,-4.90535,4.6,0.9,-4.17342,-0.137638,0.9,0.001,0.699567,0.998217,7.8802e+35,-11.4923,16.4634,0.00888832,0.05,-4.90481,4.6,0.9,-4.17286,-0.120208,0.9,0.001,0.681892,0.999578,1.25162e+42,-11.396,16.458,0.00886683,0.05,-4.90411,4.6,0.9,-4.11963,-0.144025,0.9,0.001,0.716128,1,6.43471e-07,1.69114,0.740746,0.000428416,0,0.011686,0,0,0.471922,0.539454,0,0,0.145823,0.0124455,5.51383e+43,africa
33,-6.40322,16.2022,0.00898834,0.05,-4.90614,4.6,0.9,-4.09362,0.0522382,0.9,0.001,0.192524,1,0.0029329,-6.93627,16.1167,0.00913617,0.05,-4.90679,4.6,0.9,-4.08238,-0.0466182,0.9,0.001,0.241427,0.999703,2.16001e+10,-6.46521,16.1791,0.00899686,0.05,-4.90566,4.6,0.9,-4.10244,-0.06337,0.9,0.001,0.22137,1,1.28986e-06,1.45721,0.714261,0.000434158,0,0.0119294,0,0,0.431781,0.477732,0,0,0.182229,0.0107568,9.67771e+11,africa
34,-9.38814,15.3235,0.00972599,0.05,-4.91592,4.6,0.9,-3.58946,0.665285,0.9,0.001,-0.513899,0.0332405,1.20317e+37,-9.16347,15.3406,0.00967018,0.05,-4.91507,4.6,0.9,-3.50898,0.899204,0.9,0.001,-0.83156,0.0315239,6.38886e+39,-8.70888,15.3082,0.00962955,0.05,-4.91477,4.6,0.9,-3.66855,0.693506,0.9,0.001,-0.55371,0.0321804,5.91482,1.31051,0.580145,0.000389863,0,0.0121149,0,0,0.46283,0.458126,0,0,0.37058,0.00101513,1.87481e+41,africa
