rep,id,eta_initT,eta_aS,eta_dS,eta_tau,eta_lBt0,eta_lp,eta_dI,eta_lk,eta_lae,eta_f,eta_dp,eta_lw,eta_dE,eta_lI50,data
1,35,-3.221832,0.011030,-0.004496,0.000000,-0.005738,0.000000,0.000000,-0.638546,-0.395810,0.000000,0.000000,-0.843053,29.170700,19.098166,thai
1,36,7.183603,0.123439,-0.027789,0.000000,0.011366,0.000000,0.000000,0.200472,0.109588,0.000000,0.000000,0.697392,3.535451,5.140443,thai
1,37,1.935057,0.053987,-0.099410,0.000000,-0.004676,0.000000,0.000000,0.254896,-0.144400,0.000000,0.000000,-1.654335,30.777393,15.851962,thai
1,38,-0.009590,-0.016166,-0.047855,0.000000,0.009759,0.000000,0.000000,-0.264839,0.159753,0.000000,0.000000,0.161935,-2.293174,3.332794,thai
1,39,1.464287,-0.046536,-0.004575,0.000000,0.010522,0.000000,0.000000,0.825487,-0.415085,0.000000,0.000000,0.082699,21.000282,16.924544,thai
1,40,-2.748478,-0.016468,0.001089,0.000000,-0.001603,0.000000,0.000000,0.356482,-0.032139,0.000000,0.000000,-1.431791,-0.727727,9.757825,thai
1,41,3.158386,0.051791,-0.065169,0.000000,-0.005098,0.000000,0.000000,0.325150,-0.171904,0.000000,0.000000,0.636817,1.685374,-4.798255,thai
1,42,1.271873,0.017446,-0.040298,0.000000,-0.004623,0.000000,0.000000,0.776470,0.415563,0.000000,0.000000,-0.375249,10.840723,2.958844,thai
1,43,1.874337,-0.000665,-0.005303,0.000000,0.011568,0.000000,0.000000,0.001114,-0.490423,0.000000,0.000000,-0.998028,-1.111816,10.345994,thai
1,44,-4.406257,0.002958,-0.021755,0.000000,0.018102,0.000000,0.000000,0.663712,-0.202897,0.000000,0.000000,0.393553,-2.935922,-5.723062,thai
1,45,0.421298,-0.068067,0.040210,0.000000,0.000454,0.000000,0.000000,-0.223796,-0.043638,0.000000,0.000000,0.767347,-8.278796,-4.929706,thai
1,46,-7.484329,-0.012326,0.094280,0.000000,-0.001563,0.000000,0.000000,-0.316130,0.325739,0.000000,0.000000,0.332086,10.129581,-5.047799,thai
1,47,3.385471,0.014024,-0.031940,0.000000,-0.004351,0.000000,0.000000,0.229324,0.480391,0.000000,0.000000,0.189132,8.374646,-1.689946,thai
1,48,0.621886,-0.016602,-0.014242,0.000000,-0.000904,0.000000,0.000000,0.664974,0.427881,0.000000,0.000000,-0.297622,-7.029231,-3.723779,thai
1,49,4.349998,-0.149987,0.087697,0.000000,0.021978,0.000000,0.000000,-0.479298,-0.502491,0.000000,0.000000,1.149864,-2.597571,-5.286711,thai
1,50,3.571354,0.025700,-0.057383,0.000000,-0.000195,0.000000,0.000000,-0.202390,-0.103797,0.000000,0.000000,-0.471223,18.071479,9.412044,thai
1,51,-0.899431,-0.075522,-0.000735,0.000000,0.003930,0.000000,0.000000,0.272519,0.257315,0.000000,0.000000,0.106087,-4.530511,-0.134621,thai
1,1,1.414440,0.037961,-0.034016,0.000000,0.006772,0.000000,0.000000,0.310293,0.607916,0.000000,0.000000,-0.032392,6.269596,-4.828363,africa
1,2,2.776320,-0.005630,-0.056499,0.000000,0.013464,0.000000,0.000000,0.300018,0.374795,0.000000,0.000000,0.251562,33.335460,-4.786006,africa
1,3,-0.168533,-0.071282,-0.048678,0.000000,-0.003595,0.000000,0.000000,0.414596,-0.086714,0.000000,0.000000,-1.889920,-0.534765,18.912394,africa
1,4,-1.872605,-0.027109,0.024547,0.000000,-0.005383,0.000000,0.000000,-0.028432,-0.780720,0.000000,0.000000,0.858118,21.497397,-8.044414,africa
1,5,-3.615604,-0.012219,0.043644,0.000000,0.013534,0.000000,0.000000,0.171206,0.393194,0.000000,0.000000,-0.011359,-29.921262,-13.600359,africa
1,6,-1.498785,-0.010253,0.018613,0.000000,0.013284,0.000000,0.000000,0.204009,-0.248811,0.000000,0.000000,-0.096204,-2.462525,12.916518,africa
1,7,2.649124,-0.036610,-0.030602,0.000000,0.006146,0.000000,0.000000,0.372022,-0.567295,0.000000,0.000000,1.877373,2.747697,0.189528,africa
1,8,-2.299405,-0.012721,0.038579,0.000000,0.002436,0.000000,0.000000,-0.019757,0.489180,0.000000,0.000000,-0.560162,17.856798,-11.361751,africa
1,9,-2.276483,-0.082747,0.030045,0.000000,0.009301,0.000000,0.000000,-1.166018,-0.108503,0.000000,0.000000,1.247462,-1.501805,-10.082492,africa
1,10,-2.547856,0.025630,0.081139,0.000000,0.007374,0.000000,0.000000,0.355541,-0.634725,0.000000,0.000000,0.031782,5.964476,-10.846602,africa
1,11,2.081875,0.067228,0.034137,0.000000,-0.007829,0.000000,0.000000,0.112223,-0.181710,0.000000,0.000000,0.452218,-5.465243,-8.910651,africa
1,12,0.762249,0.096594,0.119098,0.000000,0.007987,0.000000,0.000000,-0.218584,-0.572726,0.000000,0.000000,0.877487,-1.407947,-1.002239,africa
1,13,-0.056260,-0.019988,-0.027763,0.000000,-0.005566,0.000000,0.000000,-0.122243,-0.108140,0.000000,0.000000,0.738831,5.338821,8.300608,africa
1,14,2.906960,-0.025083,0.017479,0.000000,0.002230,0.000000,0.000000,-0.191711,-0.410938,0.000000,0.000000,1.031712,-9.177527,-9.982093,africa
1,15,-0.510085,0.071136,0.070708,0.000000,-0.004029,0.000000,0.000000,0.764222,-0.011908,0.000000,0.000000,-0.024972,-20.426574,-2.834027,africa
1,16,2.137521,-0.003668,0.011407,0.000000,0.019849,0.000000,0.000000,-0.125575,0.198764,0.000000,0.000000,-1.765042,3.480011,7.371064,africa
1,17,-1.709154,-0.015147,-0.007923,0.000000,-0.011981,0.000000,0.000000,1.022627,-0.125752,0.000000,0.000000,-0.119178,5.412759,-1.964398,africa
1,18,5.528032,-0.101457,0.059848,0.000000,-0.001003,0.000000,0.000000,-0.183817,-0.260962,0.000000,0.000000,1.364415,-5.612108,0.201258,africa
1,19,-3.043240,0.055605,0.065244,0.000000,0.015580,0.000000,0.000000,-0.156727,-0.048365,0.000000,0.000000,-0.685849,22.099942,12.497681,africa
1,20,0.277693,0.055523,0.034356,0.000000,-0.006657,0.000000,0.000000,0.373320,0.454008,0.000000,0.000000,-0.212567,-11.915810,-10.906980,africa
1,21,0.498116,0.113011,-0.033312,0.000000,0.005777,0.000000,0.000000,-0.250924,0.401944,0.000000,0.000000,-1.303868,-15.897569,16.850159,africa
1,22,-3.015810,-0.015366,-0.068191,0.000000,-0.003240,0.000000,0.000000,-0.213357,-0.041136,0.000000,0.000000,0.914143,-12.317100,-15.328864,africa
1,23,-1.471840,0.010291,0.008941,0.000000,-0.012082,0.000000,0.000000,-0.096959,-0.066585,0.000000,0.000000,-0.099863,-27.453358,0.346358,africa
1,24,-2.019073,-0.027604,0.033416,0.000000,0.004604,0.000000,0.000000,-0.406244,0.439298,0.000000,0.000000,-1.836066,7.623931,16.447591,africa
1,25,-2.029614,-0.014208,0.043910,0.000000,0.002212,0.000000,0.000000,0.233473,0.120298,0.000000,0.000000,1.054248,15.150904,-7.856918,africa
1,26,-2.201773,-0.048474,-0.017071,0.000000,-0.003799,0.000000,0.000000,-0.245939,0.255651,0.000000,0.000000,0.470538,-39.065372,-21.421885,africa
1,27,-2.357342,-0.019267,0.041599,0.000000,0.016466,0.000000,0.000000,0.530821,-0.254344,0.000000,0.000000,-0.650177,-4.402042,-5.815090,africa
1,28,-1.696567,0.024485,0.042160,0.000000,-0.011631,0.000000,0.000000,0.701365,0.012759,0.000000,0.000000,-0.992558,8.470703,-36.504872,africa
1,29,-5.843303,-0.019373,-0.003679,0.000000,0.013256,0.000000,0.000000,-0.362530,0.137335,0.000000,0.000000,-1.126463,6.002324,6.985723,africa
1,30,-0.768329,-0.050953,0.033866,0.000000,0.010631,0.000000,0.000000,-0.799486,-0.679696,0.000000,0.000000,-0.240413,48.281645,20.000132,africa
1,31,2.083772,0.149501,0.001271,0.000000,0.022120,0.000000,0.000000,0.050657,-0.000824,0.000000,0.000000,-1.343257,3.935861,0.909223,africa
1,32,-1.970420,0.086777,-0.079682,0.000000,-0.029867,0.000000,0.000000,0.037171,-0.309027,0.000000,0.000000,1.176132,-5.091898,16.576973,africa
1,33,1.120170,-0.008311,-0.045927,0.000000,-0.004128,0.000000,0.000000,-0.494154,-0.519158,0.000000,0.000000,0.866254,-16.385722,-1.993593,africa
1,34,-0.552079,-0.053096,0.039121,0.000000,-0.011208,0.000000,0.000000,-0.287469,0.959282,0.000000,0.000000,0.299011,-39.374276,-5.240132,africa
