rep,id,initT,aS,dS,tau,lBt0,lp,dI,lk,lae,f,dp,lw,dE,lI50,data
1,35,-8.14481074660627,17.1048373141429,0.00875580979544791,0.05,-4.90340268976265,4.6,0.9,-4.14531956580307,-0.448539564882464,0.9,0.001,-1.40726542445993,1,1.53440049239777e+17,thai
2,35,-9.31009808474972,16.485258454596,0.0085670797221414,0.05,-4.9168268675054,4.6,0.9,-3.55456625062623,-0.653718761655808,0.9,0.001,-1.56483762071803,1,20.4779596636198,thai
3,35,-10.4222742523497,15.78997406737,0.00884606780595153,0.05,-4.91321663068402,4.6,0.9,-3.5502611872697,-0.673052915154357,0.9,0.001,-1.28980542888437,1,4426.4315742488,thai
4,35,-10.0845879970195,16.6583838257308,0.00880983582223438,0.05,-4.90617810794072,4.6,0.9,-3.62250245643683,-0.111091585363003,0.9,0.001,-1.80811882235251,1,1.04777591756966e+37,thai
5,35,-8.70973852762404,17.0740944826287,0.00844825480749502,0.05,-4.90790063989308,4.6,0.9,-3.9917358585957,0.0814595281840825,0.9,0.001,-1.66505723809346,1,137601.293100696,thai
6,35,-12.5392709273357,15.4932218951655,0.00891119079187569,0.05,-4.91372708643314,4.6,0.9,-4.70342630566389,1.00961922613918,0.9,0.001,-1.88596138537526,1,2.23937254979624e+44,thai
7,35,-12.7718122507601,15.5585758411158,0.00888306994533913,0.05,-4.92328220031502,4.6,0.9,-4.88563332183223,0.830735023622346,0.9,0.001,-1.74717879769118,1,2.58557437583108e+15,thai
8,35,-11.4397968952575,16.3434752178441,0.00906246910328258,0.05,-4.91854733016483,4.6,0.9,-4.55203495062807,0.667540317940729,0.9,0.001,-1.7025837796952,1,3.85240679967663,thai
9,35,-12.5337821609725,16.1495698918244,0.0091992696586294,0.05,-4.9153636084131,4.6,0.9,-3.94882050927413,0.483867445661429,0.9,0.001,-1.88859369027418,1,967.555006720579,thai
10,35,-10.0349758563287,16.6509073605013,0.00873673486087256,0.05,-4.91885444172535,4.6,0.9,-4.30363693287418,0.440241288730107,0.9,0.001,-1.5259954236283,1,21.1591275499131,thai
1,36,-3.09123210640223,16.2007484040741,0.00959476523158607,0.05,-4.90695736929754,4.6,0.9,-3.86977051947029,0.37088881924203,0.9,0.001,0.189241237002169,1,30868883.5510523,thai
2,36,-2.38027273833994,16.3573454023409,0.00907786701823115,0.05,-4.90551784598835,4.6,0.9,-3.95393422598024,0.118243414587525,0.9,0.001,0.505407178185222,1,2.59948831012719e-23,thai
3,36,-1.74342501653727,16.5925959243846,0.00902857397596266,0.05,-4.91290787134364,4.6,0.9,-3.92403521872043,-0.666371152253,0.9,0.001,0.46163696297268,1,5282.91214678439,thai
4,36,-2.02653484775162,16.6480261902504,0.00952761792614954,0.05,-4.9046535020046,4.6,0.9,-5.01063350799601,-0.351146862273152,0.9,0.001,0.310137025576201,1,5.64650820965721e+28,thai
5,36,-3.0761951336769,15.4528049186659,0.00881615826152329,0.05,-4.90387496713222,4.6,0.9,-3.99049145422175,1.06079413116138,0.9,0.001,0.0886052896497569,1,3.67223199555407e-11,thai
6,36,-2.33899070764019,16.3353487556848,0.00912269833773593,0.05,-4.90873751618229,4.6,0.9,-4.07152668061605,0.269455959425184,0.9,0.001,0.488068788247522,1,7.88573100275471e-35,thai
7,36,-1.45214502262057,17.0789466518588,0.00887190607033046,0.05,-4.8999479645844,4.6,0.9,-4.07036211658271,1.7616692495877,0.9,0.001,-0.100464659020354,1,91970228665493.4,thai
8,36,-2.73037646742016,16.0294501321493,0.00888964952523959,0.05,-4.90497332103445,4.6,0.9,-3.55507887887516,0.149675188602156,0.9,0.001,0.210032557170387,1,0.728716736980047,thai
9,36,-2.04211976002537,16.8217493510065,0.00928056908395819,0.05,-4.88658272749764,4.6,0.9,-3.34170764228003,-0.569514246173486,0.9,0.001,0.377141353278038,1,7.3528739797762e-38,thai
10,36,-1.77655508352852,17.1674991183206,0.00886186174142717,0.05,-4.91110765413684,4.6,0.9,-3.48374557052937,0.567760044189341,0.9,0.001,-0.202407429465641,1,1.493842418867e+23,thai
1,37,-6.78882038639148,15.5308820091159,0.00874021503929726,0.05,-4.89972717278152,4.6,0.9,-3.73151410901905,-0.048739999841318,0.9,0.001,-1.81414098437611,1,1199.14614657073,thai
2,37,-8.73499948216666,15.4698640834027,0.00899379401980728,0.05,-4.89725601772139,4.6,0.9,-3.62058183191704,-0.263584839118771,0.9,0.001,-1.76185504729837,1,449110.479099225,thai
3,37,-8.87090195942106,15.5117102994965,0.00877826789198859,0.05,-4.91807997381232,4.6,0.9,-3.23500864300242,0.293530821041796,0.9,0.001,-2.2570935504722,1,502569.556831569,thai
4,37,-5.37062471841759,17.9295440887165,0.00933281936704035,0.05,-4.91329980318562,4.6,0.9,-3.11468595851025,0.173336157162673,0.9,0.001,-2.10230315778826,1,5.82483489077151,thai
5,37,-6.27755725341242,17.524661304267,0.00932070718019666,0.05,-4.91363250141053,4.6,0.9,-3.19680924639981,1.04138835487589,0.9,0.001,-3.22073666034679,1,37269908305013.2,thai
6,37,-11.3075489508881,15.0786671644046,0.00913663809338729,0.05,-4.9204783511638,4.6,0.9,-2.91618681250371,-0.128069512594403,0.9,0.001,-2.11167943887954,1,3025585.38807097,thai
7,37,-12.8058962791782,15.3906203602708,0.00981510980013384,0.05,-4.91671744256556,4.6,0.9,-3.50589992479271,0.081129799170204,0.9,0.001,-1.97863085052664,1,496.118269022713,thai
8,37,-9.09670616080332,16.350694329921,0.00928438467398554,0.05,-4.91209883166373,4.6,0.9,-3.41175664850517,-0.0657639392717609,0.9,0.001,-1.71699464953756,1,5.64216399282811,thai
9,37,-11.037021023753,15.5734256872375,0.00880503891418452,0.05,-4.9306591419994,4.6,0.9,-3.42842234179425,-0.827552345837104,0.9,0.001,-1.42792982913525,1,2309.18445591696,thai
10,37,-8.9267141633407,15.2562583093142,0.00881187508800713,0.05,-4.90565676328132,4.6,0.9,-3.99615635843926,-0.504803419221347,0.9,0.001,-1.36634468358782,1,2.20436834489448e+21,thai
1,38,-11.5175876475177,16.5869156003525,0.00951368110893708,0.05,-4.91887626281793,4.6,0.9,-3.6104015142038,0.268020303429432,0.9,0.001,-0.0498493463321201,1,8.431053834094e-22,thai
2,38,-7.91723989531242,16.2221877573307,0.00891816065335034,0.05,-4.91187861358962,4.6,0.9,-3.66851273615053,0.349163952759025,0.9,0.001,-0.0491240696233883,1,8.68175266038006e-28,thai
3,38,-9.65566791939805,15.1934773494857,0.00887264263035678,0.05,-4.90139311877227,4.6,0.9,-3.66118427373176,-0.268827677354315,0.9,0.001,-0.985795809889953,1,5.68879004929409e-10,thai
4,38,-6.99850659425424,16.8301789141426,0.00891173942986921,0.05,-4.91229413502983,4.6,0.9,-3.74396133217365,0.151403011808046,0.9,0.001,0.0435805458295837,1,5.81105430641747e-26,thai
5,38,-6.56344281304978,17.3853237683727,0.00884298589660972,0.05,-4.91311254566385,4.6,0.9,-3.92489609436335,0.764665849097098,0.9,0.001,-0.170580023533104,1,4.63233154097666e-26,thai
6,38,-7.95673074278306,16.7954497372557,0.00930816560430909,0.05,-4.91184020856308,4.6,0.9,-3.51818656520517,0.552667592036103,0.9,0.001,-0.209610280880302,1,1.20553503824594e-08,thai
7,38,-7.73697556307011,16.6448735373011,0.00887543923432596,0.05,-4.90125348659338,4.6,0.9,-4.37644335165113,-0.145081029443259,0.9,0.001,-0.437877674734198,1,8.64979065539344e-14,thai
8,38,-6.63128616939342,15.8422894258285,0.00888773292729913,0.05,-4.89945418970373,4.6,0.9,-3.96101601811965,0.293756881448154,0.9,0.001,-1.11614318579114,1,7.07391179794518e-07,thai
9,38,-9.29187245267534,15.5812384632279,0.00874832686093171,0.05,-4.89864666731868,4.6,0.9,-4.16514894661927,-0.595042863318209,0.9,0.001,-0.299254627081967,1,2.23349317224264e-36,thai
10,38,-9.22505139906671,16.3033283323599,0.00924682645599205,0.05,-4.9002183634835,4.6,0.9,-3.25507907082555,0.287663078241786,0.9,0.001,-0.119935366293663,1,1.07546827579198e-25,thai
1,39,-5.70404926145804,15.3080248049146,0.0093013577903713,0.05,-4.91050616619876,4.6,0.9,-3.47681374950423,0.444081050381646,0.9,0.001,-0.785709819973757,1,27894.528169844,thai
2,39,-6.62816502799471,15.3023424560983,0.00955746057929097,0.05,-4.89959554025565,4.6,0.9,-2.85245928519125,0.0142876571832764,0.9,0.001,-0.336075124377122,1,7.32259143482747e-13,thai
3,39,-7.64321261779011,15.5775689811867,0.00949867259748618,0.05,-4.91155740578554,4.6,0.9,-3.29728606490824,0.386578103420529,0.9,0.001,-0.297941017051733,1,6.03199448978124e-05,thai
4,39,-6.12978251811305,15.2138693173633,0.009251349665772,0.05,-4.91761097698229,4.6,0.9,-3.52354651258272,0.965258154057171,0.9,0.001,-0.643486984611782,1,3.52324685263631e-16,thai
5,39,-7.13678642608003,15.2442746861183,0.00920331930861321,0.05,-4.91853438156611,4.6,0.9,-3.42808813196839,0.322563134366689,0.9,0.001,-0.171006168761676,1,4.31644980104515e-20,thai
6,39,-7.0929052762876,15.7154332058847,0.00925752027745479,0.05,-4.92974957900719,4.6,0.9,-2.98729073702889,0.0711352025921866,0.9,0.001,-0.181900561213685,1,1.62162547806575e-11,thai
7,39,-7.56128352273229,13.8439940238632,0.00868846602289149,0.05,-4.91860004920355,4.6,0.9,-3.12534062485067,0.559620788469271,0.9,0.001,-0.497505942033325,1,6.77078508927263e-14,thai
8,39,-4.19549797377196,15.0080351348275,0.00892359999740244,0.05,-4.90243423941783,4.6,0.9,-3.44302350956418,0.628516120513936,0.9,0.001,-0.568911066080598,1,1098754.02802828,thai
9,39,-7.57127837492497,15.1792654185607,0.00949234121711887,0.05,-4.917565655016,4.6,0.9,-3.62760518553674,0.733391299405768,0.9,0.001,-0.353905079571184,1,0.00115895183890891,thai
10,39,-5.81116494579274,15.3496002454081,0.00978420711923059,0.05,-4.88363619084939,4.6,0.9,-3.81842041091155,1.20341573890033,0.9,0.001,-0.450816814542084,1,1.84878543376921e-07,thai
1,40,-9.18384499249582,16.3025071957918,0.00928957061162827,0.05,-4.90012287815204,4.6,0.9,-3.25609915664457,0.451549248727687,0.9,0.001,-2.66264173358221,1,192878904927.672,thai
2,40,-9.90105427634145,16.4167944597331,0.00927926998818375,0.05,-4.9162291545377,4.6,0.9,-3.86789455956687,-0.357315767934196,0.9,0.001,-1.40358106569363,1,8.21725176466462e+26,thai
3,40,-9.53177963543255,15.762330386229,0.009158667799139,0.05,-4.90265258862037,4.6,0.9,-3.58476417395878,-0.139453315191357,0.9,0.001,-1.85425864679128,1,15791350262028.5,thai
4,40,-10.0774857262669,16.0082303612694,0.00879666522416583,0.05,-4.91171187334476,4.6,0.9,-3.70469759688855,0.508634520328533,0.9,0.001,-2.38113911069066,1,1.03343641043202e+21,thai
5,40,-8.53314341369208,16.7447334801759,0.0088824222819014,0.05,-4.89790015485824,4.6,0.9,-3.67192407897959,0.160862957053157,0.9,0.001,-1.94089208249875,1,3.94479718114365e+21,thai
6,40,-11.5771364947222,16.4749696837157,0.0095040148403232,0.05,-4.91063904243924,4.6,0.9,-3.62786424442456,0.39155590699822,0.9,0.001,-2.07849764607356,1,912.258355985148,thai
7,40,-10.214086479018,16.4550733481041,0.00903339527081226,0.05,-4.92719215913018,4.6,0.9,-4.3771751279086,0.579611659054313,0.9,0.001,-1.84262903432367,1,11.0703818980258,thai
8,40,-9.46644234018118,17.8759295435135,0.00921928939703693,0.05,-4.93423145631892,4.6,0.9,-3.45869689450879,0.173858195530909,0.9,0.001,-2.10130475151503,1,263.453047697147,thai
9,40,-10.6851517018567,15.665957388344,0.00899174350288357,0.05,-4.9172840046183,4.6,0.9,-4.11196635575622,-0.367414599959083,0.9,0.001,-1.40827159898231,1,5.31633544989249,thai
10,40,-8.67930498652486,16.2160230272174,0.00858595742232922,0.05,-4.90879089803512,4.6,0.9,-4.20807926331036,0.632618441908999,0.9,0.001,-1.70638084945063,1,15301231.9932824,thai
1,41,-6.3962721424248,17.201790421604,0.00943821139248438,0.05,-4.9101183814853,4.6,0.9,-3.67888199690768,0.136056552246897,0.9,0.001,0.0321612232721657,1,1.48804602776647e-06,thai
2,41,-4.73754777812144,15.6236057408996,0.00858402940664268,0.05,-4.90412871638339,4.6,0.9,-3.91262907578281,0.376171342856279,0.9,0.001,0.21699068689647,1,1.01540396407681e-14,thai
3,41,-6.4381871006733,15.7528926783619,0.00910392287846846,0.05,-4.90907199499584,4.6,0.9,-3.87681967661774,0.509245094479873,0.9,0.001,0.0713458416988334,1,4.88372822771523e-17,thai
4,41,-3.55115464957454,18.7471581977858,0.00882143748474361,0.05,-4.90884563038931,4.6,0.9,-3.50097710427957,0.212545272671414,0.9,0.001,0.0222044188731537,1,1.31426524134489e-17,thai
5,41,-3.22450548274385,17.123855176272,0.00867189090592759,0.05,-4.90280441927453,4.6,0.9,-3.13791020072391,-0.183286480489109,0.9,0.001,-0.274760521658893,1,0.214045532403287,thai
6,41,-6.54972042549676,15.9073211220752,0.00909208787637269,0.05,-4.90667222405626,4.6,0.9,-3.34221409950919,0.348758408788218,0.9,0.001,-0.284374653460895,1,0.120943324176839,thai
7,41,-3.61249803072715,16.6922997466579,0.00855131287423478,0.05,-4.89820615535857,4.6,0.9,-2.83243292550327,-0.694494094046902,0.9,0.001,0.20129074836473,1,4.23895322747924e-47,thai
8,41,-6.88254895243721,16.0806225686069,0.00950145367529225,0.05,-4.90204179249043,4.6,0.9,-3.31266536364176,0.0505924661465961,0.9,0.001,-0.0267634685593338,1,1.55745756684901e-30,thai
9,41,-4.86410395678969,15.371842298827,0.00804203595683801,0.05,-4.90436894231466,4.6,0.9,-3.37531114308045,0.289707870735788,0.9,0.001,-0.0134326594388197,1,5.38626024517202e-13,thai
10,41,-4.77091328479792,16.6020609585546,0.00844968623339403,0.05,-4.9154506019418,4.6,0.9,-3.830085304485,0.639474140055666,0.9,0.001,-0.0314109432871923,1,4.35873288475782e-28,thai
1,42,-5.64835628930891,17.0574705735637,0.00900563571023711,0.05,-4.90724472567715,4.6,0.9,-2.70473007590883,0.219278330907323,0.9,0.001,-0.809035937732071,1,2.79920582423258e-19,thai
2,42,-6.51882008268632,16.0149845242834,0.00880106056039717,0.05,-4.89988162097756,4.6,0.9,-2.93083440575648,0.0698504811907914,0.9,0.001,-0.327856400761449,1,1.53106650718787e-37,thai
3,42,-5.40823771336861,17.1622669872356,0.00895167620103821,0.05,-4.90384713520008,4.6,0.9,-2.98849395796309,0.252858963572968,0.9,0.001,-0.499100350302754,1,1.17183669522379e-22,thai
4,42,-7.08156305321859,16.7237256667059,0.00988510249775263,0.05,-4.89459100152211,4.6,0.9,-3.92920552658795,0.953175195957168,0.9,0.001,-0.493326841392036,1,3.74405897335496e-20,thai
5,42,-6.26992765148665,15.631548948806,0.00916235749530028,0.05,-4.89475504562641,4.6,0.9,-3.8024856420133,0.485365542593524,0.9,0.001,-0.284813994500412,1,0.0657465273927252,thai
6,42,-6.59231682123329,16.6395248099801,0.00900838444647464,0.05,-4.91315200682333,4.6,0.9,-3.25867245403649,0.228185283997531,0.9,0.001,-0.271481960421088,1,0.000985069899349409,thai
7,42,-6.64988585690388,15.8259936908577,0.00873548778257861,0.05,-4.91538685835433,4.6,0.9,-3.48262344225235,0.350391588132803,0.9,0.001,-0.16038270431806,1,2.32539597393375e-11,thai
8,42,-5.66095986949945,16.6885623630127,0.00921730439947842,0.05,-4.90040540258942,4.6,0.9,-4.19097734196665,1.11588560441786,0.9,0.001,-0.299873517576224,1,0.130848187733596,thai
9,42,-7.54125886801706,16.912583635599,0.00962655223274097,0.05,-4.91050713680392,4.6,0.9,-3.50224064191377,0.425415655181616,0.9,0.001,-0.324640472767149,1,2.57241251541738e-32,thai
10,42,-5.34909938286109,15.9244228659438,0.00870769743186552,0.05,-4.8878355752114,4.6,0.9,-3.20132075866982,0.675138855331909,0.9,0.001,-0.547081659965347,1,1.6681536352032e-32,thai
1,43,-6.37005643795378,14.7685747344714,0.00846616207775872,0.05,-4.8988749333861,4.6,0.9,-4.01500840267727,0.212490850825732,0.9,0.001,-1.8140738628844,1,3.86708688904139e+21,thai
2,43,-5.16327272452229,16.8745302058568,0.00967911626039052,0.05,-4.9017272936463,4.6,0.9,-4.02406549140892,0.287457508597657,0.9,0.001,-1.65861680457296,1,2602.81706341449,thai
3,43,-8.35805948593227,15.1545789161369,0.00916899984254876,0.05,-4.91225024951502,4.6,0.9,-3.51301035214525,-0.558665276544908,0.9,0.001,-1.59714741213252,1,2489805690.90385,thai
4,43,-7.73395313369017,15.9019588058553,0.00953535404397413,0.05,-4.91191506170585,4.6,0.9,-3.30359353290699,0.579542788549136,0.9,0.001,-2.54420949082521,1,3995227.9514386,thai
5,43,-6.93336152792592,16.2647698257274,0.00902146511209349,0.05,-4.91693104932878,4.6,0.9,-3.40339053921614,0.0537654490855803,0.9,0.001,-2.1558264736315,1,13.9013226467242,thai
6,43,-3.81726468933931,17.9292426166082,0.00867779607022708,0.05,-4.90223734521692,4.6,0.9,-4.12819796359405,0.939319071753133,0.9,0.001,-1.72095375715456,1,17637.8985890331,thai
7,43,-6.06594932007608,15.5489531749029,0.00885393665624822,0.05,-4.9144427090357,4.6,0.9,-3.95470550094715,0.63348750900017,0.9,0.001,-2.07918831819317,0.999999999944336,2.24041036723189e+17,thai
8,43,-7.35373351169249,15.7174545739271,0.00901953538054196,0.05,-4.92671036178007,4.6,0.9,-4.00574612469551,-0.16270385662358,0.9,0.001,-1.40665819968051,1,116268610766496,thai
9,43,-3.00298384483197,16.2714915142711,0.00828850361129356,0.05,-4.89127383838161,4.6,0.9,-3.56630813120141,-0.0520063618298979,0.9,0.001,-1.8052905751649,1,19690316036.598,thai
10,43,-5.99530432680995,16.5255091113395,0.00898205168090027,0.05,-4.90256871993116,4.6,0.9,-3.23931974610136,0.386415474351253,0.9,0.001,-2.05100690865227,1,34980.0422350656,thai
1,44,-7.75918596307377,18.5611321565548,0.00914687910856473,0.05,-4.91173428280853,4.6,0.9,-5.29057091838058,0.629366124724041,0.9,0.001,-0.281195392030171,1,2.08045832476569,thai
2,44,-11.6259205028504,16.4697271034249,0.0090202278093687,0.05,-4.92933894791649,4.6,0.9,-5.16963378513155,0.663394939369626,0.9,0.001,-0.323454404313637,1,657737757878.387,thai
3,44,-9.12755132538181,16.4267059046188,0.0096046630742948,0.05,-4.89693945624056,4.6,0.9,-3.54625898120539,-0.38207417301338,0.9,0.001,-0.703851193792493,1,20546.0889619228,thai
4,44,-12.1487172590236,16.8492887426627,0.00875661063538038,0.05,-4.92516561272784,4.6,0.9,-3.14287724245147,0.229349267721944,0.9,0.001,-0.228221818879041,1,1.003236847284e-28,thai
5,44,-10.3563381286522,16.888143291115,0.00808726383678463,0.05,-4.91451838522349,4.6,0.9,-3.26616740854441,0.562202959331014,0.9,0.001,-0.5097921692321,1,9.60826673756821e-22,thai
6,44,-15.0005521206707,16.3624481133253,0.0090008804776666,0.05,-4.91753432573724,4.6,0.9,-3.90604928463813,0.844303647570394,0.9,0.001,-0.250132674675987,1,4.00890985235147e-08,thai
7,44,-10.3808773092538,15.8565132239855,0.00895132019944056,0.05,-4.88140006145401,4.6,0.9,-3.30129135475192,0.587618139598056,0.9,0.001,-0.29316624265348,1,3.59334069641582e-09,thai
8,44,-11.2213813193965,16.5139282301386,0.00962196665609016,0.05,-4.8860020012993,4.6,0.9,-3.7891041793906,0.656908629061943,0.9,0.001,-0.15655480949407,1,1.50399240066718e-32,thai
9,44,-12.9532422224293,16.1140567794164,0.00851096328704951,0.05,-4.91583483493084,4.6,0.9,-3.97935576701036,1.18392753138688,0.9,0.001,-0.390865269048242,1,4.18521666843058e-16,thai
10,44,-6.50277892444973,17.365856981539,0.00793752059198017,0.05,-4.89761127389857,4.6,0.9,-4.41393048230124,1.46829561782276,0.9,0.001,-0.231052109205682,1,0.0370236957096754,thai
1,45,-5.25361044274187,14.666132520083,0.00917585464162876,0.05,-4.88001003087061,4.6,0.9,-4.46876042027586,0.601372603396903,0.9,0.001,0.128245243108385,1,1.48581663035657e-38,thai
2,45,-4.41545050640315,16.0577155209169,0.0095187308359626,0.05,-4.9180829182574,4.6,0.9,-4.13076350011434,0.657344533082807,0.9,0.001,0.188300037680259,1,9.01176064720959e-22,thai
3,45,-5.47423395744124,15.0245145152019,0.00934423935999994,0.05,-4.90418769218927,4.6,0.9,-4.28705356534231,0.553239804724386,0.9,0.001,0.253805968107964,1,3.32777735786677e-33,thai
4,45,-3.24741735755041,16.9174106755655,0.0090664764615498,0.05,-4.91337565763309,4.6,0.9,-3.90464064624001,0.626384195817407,0.9,0.001,0.0972202323829267,1,1.38477302019363e-07,thai
5,45,-2.54239063584753,15.6618938537988,0.00801029696914941,0.05,-4.90227126778047,4.6,0.9,-4.42791140232853,1.30333406761415,0.9,0.001,-0.377611683938626,1,0.00104336985464712,thai
6,45,-5.02092410716551,15.7436219366893,0.00904350918337738,0.05,-4.92161497841238,4.6,0.9,-3.95559210287444,0.296827951072009,0.9,0.001,0.156544934808943,0.999999997864496,0.00392488547019463,thai
7,45,-5.2478627817616,17.0621743168396,0.0104842121721223,0.05,-4.90282461125509,4.6,0.9,-3.88954918889555,0.189739356657565,0.9,0.001,0.225405650913835,1,3.71829014734442e-06,thai
8,45,-4.57781731381643,15.6539444421108,0.00907258576276889,0.05,-4.8956683696271,4.6,0.9,-3.5728314126353,0.445634550087733,0.9,0.001,-0.126467962415096,1,7.17209587758669e-07,thai
9,45,-3.22044867096171,16.3848709581177,0.00903999024814614,0.05,-4.90029871055943,4.6,0.9,-3.52372524699142,-0.0172393203170841,0.9,0.001,0.118986031405883,1,1.77006580597046e-25,thai
10,45,-5.04017649227266,16.4429903805297,0.00986796829952138,0.05,-4.90265006540767,4.6,0.9,-3.13744721525076,-0.402602917275955,0.9,0.001,0.110096705851793,1,0.000658287356367911,thai
1,46,-8.62442815346128,15.8929396260224,0.0088514659007405,0.05,-4.87533197755493,4.6,0.9,-3.46322179105259,-0.357377655174085,0.9,0.001,0.191035054143892,1,1.71611088549996e-34,thai
2,46,-9.21092672937862,16.2661948314909,0.00935161888686853,0.05,-4.89280005676081,4.6,0.9,-3.67712324524197,-0.0598121737031524,0.9,0.001,0.0884986545616648,1,1.35287938312949e-05,thai
3,46,-7.54511229520015,17.3378253778119,0.00916008428526636,0.05,-4.91665849487326,4.6,0.9,-3.92443332657554,0.823723350691081,0.9,0.001,-0.306753488562811,1,1.25831439675542e-10,thai
4,46,-13.2970672015553,16.1684210450112,0.00926133529052494,0.05,-4.92404613919094,4.6,0.9,-3.4781494371448,0.754020370737104,0.9,0.001,-0.510582123577975,1,2.3827097734397e-31,thai
5,46,-10.668620137638,16.5011151782172,0.00849319388196634,0.05,-4.92110959510158,4.6,0.9,-3.92695854700666,0.986319567019625,0.9,0.001,-0.290979753486616,1,1.25208160028088e-13,thai
6,46,-7.45439336189239,16.5991476118001,0.00874707706479726,0.05,-4.90591601169972,4.6,0.9,-3.26143026002354,0.286344672666456,0.9,0.001,-0.33145728452308,1,1.93117078497184e-36,thai
7,46,-7.85967626550826,16.7770197005083,0.00859847916778895,0.05,-4.90028453143763,4.6,0.9,-3.01089796797242,0.732648337033846,0.9,0.001,-0.812922695345027,1,3.01375611790277e-18,thai
8,46,-6.92048175223693,17.0359483034532,0.00830130264240146,0.05,-4.91927023172893,4.6,0.9,-3.3590201742682,0.369290367961925,0.9,0.001,-0.348799289329468,1,2.3360423759846e-15,thai
9,46,-9.3292339404889,15.1389236709587,0.00874760814135952,0.05,-4.89556462730796,4.6,0.9,-3.78455269690369,0.780808918814215,0.9,0.001,-0.245060871264678,1,1.7061449298212e-07,thai
10,46,-10.0208537963444,15.6615967664148,0.00939243024658015,0.05,-4.89915498283164,4.6,0.9,-3.9123473797153,-0.106109726254751,0.9,0.001,-1.00123480696062,1,20540479.5961445,thai
1,47,-6.25800351082485,16.3351369726486,0.00902653134721266,0.05,-4.91938323082062,4.6,0.9,-3.68075603492156,0.0376114896582854,0.9,0.001,-0.63621635062146,1,384.760186499932,thai
2,47,-4.96462107756526,15.0406525126425,0.00884296812668517,0.05,-4.90247199929731,4.6,0.9,-4.75061034001205,0.750907219095019,0.9,0.001,-0.33011853341349,1,0.833920122324545,thai
3,47,-4.96742520372975,16.3986346272206,0.00924048802008147,0.05,-4.90544570002184,4.6,0.9,-4.56504246900932,-0.0566218674344939,0.9,0.001,-0.705104686596649,1,2.00608606689455,thai
4,47,-8.17735839110489,14.5002219500418,0.00921690516434881,0.05,-4.91625387222702,4.6,0.9,-4.24849415017012,-0.0328956036008619,0.9,0.001,-0.438620371894792,1,9127.80479484292,thai
5,47,-6.71659473403089,15.9522942369513,0.00961248038612044,0.05,-4.90357597435094,4.6,0.9,-4.32257775254014,0.425129216347277,0.9,0.001,-0.429163232194026,1,10236726.8963779,thai
6,47,-8.24994953145904,14.8528400827475,0.00917536541868232,0.05,-4.91149118852418,4.6,0.9,-3.66911615314161,-0.657980602336382,0.9,0.001,-1.61967055322339,1,10119967.9785509,thai
7,47,-5.93368693190226,15.3156742426395,0.00880070955661786,0.05,-4.91315282658394,4.6,0.9,-4.2417862141357,-0.548416779301567,0.9,0.001,-0.762990400701675,1,1.57381289709522e+16,thai
8,47,-2.70687359468534,17.7311132640383,0.00878789230919454,0.05,-4.89526088429502,4.6,0.9,-4.40006457136367,-0.185906494125242,0.9,0.001,-1.67980607272422,1,143720005.200143,thai
9,47,-4.94412630310616,16.1811891831558,0.00975603744870405,0.05,-4.90056816548303,4.6,0.9,-3.96544321348401,-0.392407918810602,0.9,0.001,-0.706382671365918,1,3128437051.39054,thai
10,47,-6.2936902145955,15.4274486223656,0.00931103799327214,0.05,-4.89719844515295,4.6,0.9,-4.74198423558322,0.316548070222502,0.9,0.001,-0.581629952788943,1,2.25394969086447,thai
1,48,-3.68394951428628,16.8070240810308,0.00876749681219552,0.05,-4.89157269664158,4.6,0.9,-2.91737762852387,0.470261770170337,0.9,0.001,-0.677049721094605,1,4.24463418939769e-28,thai
2,48,-4.36606056123999,16.68629094072,0.00897078558075672,0.05,-4.89234231019128,4.6,0.9,-3.51325591610984,1.27712387009103,0.9,0.001,-0.921048367708782,1,5.75463097456793e-26,thai
3,48,-5.37795653506739,15.9378082829364,0.00849089817695752,0.05,-4.89952696453172,4.6,0.9,-3.64998818990679,1.21455180785982,0.9,0.001,-0.647571508654933,1,8.83118201985375e-10,thai
4,48,-5.27300451955278,16.0874449584135,0.00894668612610173,0.05,-4.90028726183619,4.6,0.9,-3.63480306274316,1.5033567278625,0.9,0.001,-1.11032577928446,1,8.05630499558682e-18,thai
5,48,-5.80807869135833,15.7707239665539,0.00903207503519699,0.05,-4.89395314612513,4.6,0.9,-3.75500833125316,1.19776553882763,0.9,0.001,-0.659348018652989,1,8.24332806057814e-13,thai
6,48,-6.40918113890626,15.9977802994944,0.00932589081687214,0.05,-4.90254372341128,4.6,0.9,-3.74514230699649,1.02024975556127,0.9,0.001,-0.393209263069653,1,8.00141027355225e-16,thai
7,48,-7.04385760053488,15.9804349009655,0.00947214062051885,0.05,-4.90776348052317,4.6,0.9,-3.55401601846872,0.826842763891601,0.9,0.001,-0.524463811463697,1,9.19788618520797e-18,thai
8,48,-7.29963387286308,15.3977402159204,0.00956137354916459,0.05,-4.9106861512152,4.6,0.9,-3.45510314556137,0.20832834992662,0.9,0.001,-0.277093811677756,1,0.00705882454800825,thai
9,48,-5.87988434524157,16.7738480598681,0.0091434863057889,0.05,-4.92897789492393,4.6,0.9,-3.67326725235944,1.01186689435926,0.9,0.001,-0.57700563220934,1,2.49284533938682e-06,thai
10,48,-6.29698830538263,17.5466313570986,0.00978215936400867,0.05,-4.90568014886477,4.6,0.9,-2.86132374385602,-0.0765855048640008,0.9,0.001,-0.388736188863031,1,1.43116530906628e-30,thai
1,49,-1.70703951481252,15.4343849473251,0.00918194111634648,0.05,-4.90950235085537,4.6,0.9,-4.22955706417679,-0.0720394552945464,0.9,0.001,0.554991091836098,1,2.47083799229078e-50,thai
2,49,-1.5505740669487,15.3849305605354,0.00935034329580284,0.05,-4.89368165249116,4.6,0.9,-4.98497300234909,0.932732736275337,0.9,0.001,0.405169538278451,1,0.00986103114995051,thai
3,49,-3.2576065459493,15.5193292035795,0.00960785183631342,0.05,-4.91450279829668,4.6,0.9,-4.51971992974519,-0.203765883619842,0.9,0.001,0.601152656332786,1,5.86804115459388e-05,thai
4,49,-2.36474747658428,15.5382042853827,0.00996225337467701,0.05,-4.9064544879343,4.6,0.9,-4.03002795074878,-0.0764830303363574,0.9,0.001,0.60641579424673,1,1.01507093386767e-09,thai
5,49,-2.68119903612902,16.4994829474742,0.0102238837005614,0.05,-4.9142434896854,4.6,0.9,-4.7186103344021,-0.995084249252973,0.9,0.001,0.780008445678979,1,3.10974918333662e-27,thai
6,49,-3.6295821621526,16.2481438187031,0.00969132801339492,0.05,-4.92934748975276,4.6,0.9,-3.89955585511006,0.148083714102713,0.9,0.001,0.447040292692046,1,4.24543039786274e-21,thai
7,49,-2.24157161803354,16.2465010107683,0.00988655080559278,0.05,-4.90788652356565,4.6,0.9,-4.16849789946302,-0.292135751662322,0.9,0.001,0.610247475626799,1,6.85791907404803e-17,thai
8,49,-3.1221104004731,16.1974836569144,0.0101493248201748,0.05,-4.89834037556359,4.6,0.9,-3.85903585336881,0.0607808967649826,0.9,0.001,0.325118087466052,1,9.19071721869504e-27,thai
9,49,-2.68428871924492,15.6755839934703,0.0101086933033574,0.05,-4.91764847865824,4.6,0.9,-3.65081113430594,-0.626293396322065,0.9,0.001,0.608145014440877,1,1.1885009131358e-08,thai
10,49,-0.89335099851164,16.7148079052059,0.00926907826903389,0.05,-4.92212199504814,4.6,0.9,-4.04367001552376,-0.942025773107826,0.9,0.001,0.699637925491329,1,0.000412954208462196,thai
1,50,-3.75535659763115,16.5775402945174,0.00860292615553566,0.05,-4.90741683531498,4.6,0.9,-3.89568504882431,-0.223769002861031,0.9,0.001,-1.18248396250253,1,11891117879087,thai
2,50,-3.62400074038916,16.0931730752454,0.00834975526272669,0.05,-4.89881687887313,4.6,0.9,-4.09365323291971,-0.843399264639304,0.9,0.001,-0.838681308479265,1,4.47427268134137,thai
3,50,-5.64648000926289,16.2258031044526,0.00934478400893375,0.05,-4.91532650873686,4.6,0.9,-4.07057724061296,-0.396246143780567,0.9,0.001,-1.16417643774348,1,1.50611131000621e+27,thai
4,50,-5.18190095709918,16.0783288381629,0.00940058326912462,0.05,-4.9072776987814,4.6,0.9,-4.3220947054444,1.17871805133016,0.9,0.001,-1.21003788183501,1,279543072.200855,thai
5,50,-3.11618475675667,16.8899763117669,0.00901760647682309,0.05,-4.90216564049311,4.6,0.9,-4.14741255479597,-0.601337289368732,0.9,0.001,-1.11406908225918,1,3.37988061080298,thai
6,50,-6.13160810003156,14.7188925321414,0.00952863642824923,0.05,-4.88864114617392,4.6,0.9,-3.25370045492508,-0.352214354877289,0.9,0.001,-0.764981684246866,1,7.1568459547065,thai
7,50,-3.3527199125409,15.4125595391686,0.00804763092643757,0.05,-4.90800505828683,4.6,0.9,-3.9369265625086,1.16833088691304,0.9,0.001,-1.21059539803951,1,3807775.61855592,thai
8,50,-3.39876329708894,17.0622414645774,0.00886753774116466,0.05,-4.8992876368271,4.6,0.9,-4.37412430857792,-0.173308434962504,0.9,0.001,-1.25733327525715,1,249.794842142177,thai
9,50,-2.79610415862126,17.6161439596939,0.00857265383564529,0.05,-4.91745943649143,4.6,0.9,-3.79186014898842,-0.214185077067245,0.9,0.001,-0.771418158331044,1,605.245631551923,thai
10,50,-3.78557739018748,16.9083304677519,0.00903686905120593,0.05,-4.89967158512252,4.6,0.9,-3.90677984880777,-0.536172072467517,0.9,0.001,-1.0488349845446,1,4171926470806.93,thai
1,51,-7.64411756780491,16.7278721556635,0.00931625516911394,0.05,-4.92267565371181,4.6,0.9,-3.75947489163409,0.398943747596871,0.9,0.001,-0.148983552305847,1,7.62636861224711e-14,thai
2,51,-9.56804266214546,16.1006176170754,0.00899401748304625,0.05,-4.91363308317356,4.6,0.9,-3.73489304137566,1.07110903135234,0.9,0.001,-0.526675987639891,1,3.14782896979825e-11,thai
3,51,-7.38546253578674,16.119443105495,0.00888376965259885,0.05,-4.91229637887236,4.6,0.9,-3.54003445262257,0.761546822919239,0.9,0.001,-0.331825922648084,1,7.44281996781185e-13,thai
4,51,-7.52569087514681,16.473233849945,0.00919210219142908,0.05,-4.90969146306252,4.6,0.9,-3.62056117479914,0.932006515794372,0.9,0.001,-0.428580383986946,1,4.8073775236914e-08,thai
5,51,-8.66278574140675,16.8932553378003,0.00949919729625219,0.05,-4.93447476562676,4.6,0.9,-3.05715166229667,0.434641551151288,0.9,0.001,-0.419150146011117,1,0.0306804172311462,thai
6,51,-7.72628481896598,16.8736269089444,0.00985363572334198,0.05,-4.90687287280422,4.6,0.9,-3.69277788745251,0.712987646876695,0.9,0.001,-0.316027108163579,1,1.29579050948403e-22,thai
7,51,-4.78588207376221,17.7312775276132,0.00882045475281192,0.05,-4.89210687340318,4.6,0.9,-2.63716259486757,0.451876955189805,0.9,0.001,-1.0823635413749,1,2.40253179424122e-10,thai
8,51,-7.18670779423306,16.6942271856264,0.00970350616049429,0.05,-4.89277167510132,4.6,0.9,-2.83714249447214,0.202100896354206,0.9,0.001,-0.830912551837339,1,2.29031842816673e-15,thai
9,51,-7.23634091750726,16.720240679537,0.00915110061152588,0.05,-4.90622495862982,4.6,0.9,-3.39072303371136,0.560921679841776,0.9,0.001,-0.587989311399955,1,2.47149631686891e-19,thai
10,51,-6.48620165980654,16.6945009509777,0.00865120516743283,0.05,-4.90890621128212,4.6,0.9,-3.9356830609732,1.06349739850266,0.9,0.001,-0.354780797421828,1,6.53551432350164e-29,thai
1,1,-5.72211468474281,17.2513220320151,0.0092164975568798,0.05,-4.90648526769354,4.6,0.9,-3.22950719199255,-0.0899646985943279,0.9,0.001,-0.057017894403785,1,1.18363213973424e-28,africa
2,1,-7.95984615979469,16.2789570418685,0.00951523100762873,0.05,-4.90908980500506,4.6,0.9,-2.5168060310274,-0.345811052951373,0.9,0.001,-0.308435324091294,1,4.2604678866814e-07,africa
3,1,-7.5261728037563,15.6015753140255,0.00895391277239509,0.05,-4.89993120956406,4.6,0.9,-4.32316961075501,1.47831311559046,0.9,0.001,-0.34146810204311,1,2.57035729125152e-06,africa
4,1,-7.9112869442436,15.0237478584925,0.00839694027840382,0.05,-4.92470925643759,4.6,0.9,-4.43716503004322,1.42383456684912,0.9,0.001,-0.439445171973355,1,1.61909113793195e-12,africa
5,1,-9.04415657902026,15.3243353681511,0.0090763248963334,0.05,-4.89429155880525,4.6,0.9,-3.93628142026378,1.26593475111129,0.9,0.001,-0.762613892384554,1,1.13180220700936e-10,africa
6,1,-8.7575973728798,15.3332409373865,0.00852163424151507,0.05,-4.90388276584696,4.6,0.9,-3.69708564793905,0.80933194136296,0.9,0.001,-0.339871946826208,1,8.29781612902039e-05,africa
7,1,-5.66199247220192,16.7593553492199,0.00920620125028551,0.05,-4.87849225168503,4.6,0.9,-3.08292409100934,0.822740116397497,0.9,0.001,-1.212187202581,1,8.79752094183279e-09,africa
8,1,-9.45463218484055,16.4854831413313,0.00977606840950784,0.05,-4.91140731610983,4.6,0.9,-3.31799198691796,0.692169379214308,0.9,0.001,-0.954646355505527,1,5.51532650771767e-31,africa
9,1,-9.82806541703307,15.7596950380789,0.00928882009654206,0.05,-4.92059813429613,4.6,0.9,-2.96528795391371,0.189549050002912,0.9,0.001,-0.482053774890915,1,3.68731978514686e-10,africa
10,1,-9.72403766444782,15.4481091670605,0.00967006888553688,0.05,-4.89553567977376,4.6,0.9,-3.76163291434001,1.04462905886624,0.9,0.001,-0.857765921261683,1,6.24528461486466e-21,africa
1,2,-4.02719417967775,18.1192756325861,0.00884181707875911,0.05,-4.90439586639549,4.6,0.9,-3.42154239369394,0.631187985913142,0.9,0.001,-0.968280854259354,1,0.53071836644133,africa
2,2,-6.38472240879282,16.0989467147965,0.00933567946545727,0.05,-4.90383591746245,4.6,0.9,-3.97645954528349,-0.124820440813849,0.9,0.001,-0.700061033747697,1,2.88404785667688e+19,africa
3,2,-5.14417818964055,16.4828989346345,0.00885517505442861,0.05,-4.91414113740713,4.6,0.9,-3.62505049058887,0.516267327419694,0.9,0.001,-0.171843260065143,1,1.665959294646e-06,africa
4,2,-4.57485437315474,15.9434296517813,0.00855000822207152,0.05,-4.89657197308366,4.6,0.9,-3.31412314240839,0.130815966498241,0.9,0.001,-0.115040572751902,1,1.27369047074491e-12,africa
5,2,-6.84236590820637,16.1262111946402,0.00896220806026325,0.05,-4.92074171436659,4.6,0.9,-3.33255829408654,-0.000726231463921354,0.9,0.001,-0.23969476834835,1,8.23350580242758e-20,africa
6,2,-3.98306605487396,15.9449868125472,0.00873014248547184,0.05,-4.89878159684784,4.6,0.9,-3.3383010416577,0.304296595825467,0.9,0.001,-0.147718699548657,1,4.70217081514877e-06,africa
7,2,-4.56082911521007,17.2300365364542,0.00888056406481467,0.05,-4.90660783582236,4.6,0.9,-3.61313726641471,0.612135214332533,0.9,0.001,-0.148873345489183,1,7.87658548615427e-42,africa
8,2,-3.21838695689202,17.2883198676653,0.00879262191733888,0.05,-4.91468555048136,4.6,0.9,-3.43563221473799,0.256933477067217,0.9,0.001,-0.0948989556212132,1,1.05030410504884e-10,africa
9,2,-6.22302764316309,16.8988139366642,0.00944975930028102,0.05,-4.9144194774991,4.6,0.9,-3.20462220612357,-0.0431031854450749,0.9,0.001,-0.0992273523453596,1,5.23986367056217e-18,africa
10,2,-4.56439798411974,17.1731870106139,0.0084818503769993,0.05,-4.9094495423055,4.6,0.9,-2.79356710893185,0.100371128279368,0.9,0.001,-0.518146921860459,1,2.11376569599623e-07,africa
1,3,-6.45022193908675,16.5643187169299,0.00934802423689332,0.05,-4.90060661796136,4.6,0.9,-4.55690403194467,-0.122638973756295,0.9,0.001,-1.67910312508584,1,6.42719162922012e+25,africa
2,3,-5.79130591685593,14.9845834340998,0.00829618785467265,0.05,-4.90727796530425,4.6,0.9,-4.74502914581957,0.458716047904679,0.9,0.001,-1.73639100726181,1,21294416485.8641,africa
3,3,-5.25033335417494,16.1665079990947,0.00873959209975199,0.05,-4.90977240038689,4.6,0.9,-4.10853922426936,-0.0502046618961456,0.9,0.001,-1.84187621167153,1,93906983496870,africa
4,3,-7.7484669198341,14.9337168315853,0.0089722198045685,0.05,-4.88796941446621,4.6,0.9,-4.63114726152424,0.275141674570899,0.9,0.001,-1.62734259276121,1,2.28809056458167e+18,africa
5,3,-7.18787868356697,16.9831817438826,0.00957889239887378,0.05,-4.87659070697784,4.6,0.9,-3.86691240559451,-0.304008789836158,0.9,0.001,-1.8830211655364,1,15.1601281586461,africa
6,3,-9.11923548042422,14.3696713181163,0.00851561971816345,0.05,-4.90708861307771,4.6,0.9,-4.13130129999,-0.475118597185816,0.9,0.001,-1.55385435327032,1,22532302951223.2,africa
7,3,-6.91698526621553,15.7416128456993,0.00888911988148061,0.05,-4.89808651235133,4.6,0.9,-4.01105523240317,0.331528448757749,0.9,0.001,-2.10007628172453,1,1164867632.90939,africa
8,3,-8.16266989737541,15.1815926055145,0.00884855696655443,0.05,-4.89416534528965,4.6,0.9,-4.10412094053365,0.376304618807219,0.9,0.001,-1.94633429446947,1,7.78221770002763,africa
9,3,-8.29536617944509,16.2464445360572,0.00921088041987124,0.05,-4.90977669501422,4.6,0.9,-3.94143894232411,-0.670391062639269,0.9,0.001,-1.60270122833593,1,19.1182734875141,africa
10,3,-9.17483838275123,16.716611771628,0.00979786283014308,0.05,-4.91155812508761,4.6,0.9,-4.01985632845876,0.0142904816223791,0.9,0.001,-1.86783036103294,1,256353.971680452,africa
1,4,-7.32278200976444,16.2827117254075,0.00959934867238447,0.05,-4.90144347033033,4.6,0.9,-4.53304305260703,0.529862241257932,0.9,0.001,0.315611526320023,1,0.0663957798355892,africa
2,4,-10.5175899419943,15.6885656986167,0.0095526074086077,0.05,-4.90329546662228,4.6,0.9,-4.39215184576639,-0.121800270423386,0.9,0.001,0.431007571628079,1,4.11133184047596e-21,africa
3,4,-6.66463174659874,15.5953752866773,0.00916679510801113,0.05,-4.90337012453749,4.6,0.9,-4.78235220500818,0.381754246519573,0.9,0.001,0.579784874284236,1,1.04249426154595e-07,africa
4,4,-8.98054040398892,15.7571669155305,0.00950606807481677,0.05,-4.90347936062572,4.6,0.9,-4.17543755586479,-0.609772836482811,0.9,0.001,0.573265266778615,1,3.7867157939936e-21,africa
5,4,-8.64995989519993,16.5908022381596,0.00988325559279195,0.05,-4.91023602591191,4.6,0.9,-3.57499765625053,-1.37034174277853,0.9,0.001,0.525786000572108,1,7.50077842310652e-17,africa
6,4,-3.50704671004828,18.0094267073,0.00872428606477395,0.05,-4.89555743501195,4.6,0.9,-3.46788253871452,-0.318505284616062,0.9,0.001,0.398604928029302,1,4.08460514437225e-24,africa
7,4,-4.6794750296645,15.5990139195199,0.00807370739250522,0.05,-4.89136955772454,4.6,0.9,-4.09735556391735,-0.158881879998926,0.9,0.001,0.573940439086128,1,1.98826427825092e-19,africa
8,4,-9.34245098917125,16.6586988961145,0.00992065340880948,0.05,-4.91629861374035,4.6,0.9,-3.9776036855194,0.0206172755062433,0.9,0.001,0.389281543358924,1,7.32885732276299e-15,africa
9,4,-11.6763616079712,15.5455576588272,0.00935789564958399,0.05,-4.93815668266167,4.6,0.9,-4.71793875004216,0.373199128386468,0.9,0.001,0.546030043001965,1,1.90099340052215e-31,africa
10,4,-7.39311110985965,15.8768081178788,0.00895412093667858,0.05,-4.90271300215209,4.6,0.9,-4.66132527115724,0.319378274746667,0.9,0.001,0.518601646625823,1,0.0194372919671988,africa
1,5,-12.2889951398808,16.9832179491009,0.00916992850259018,0.05,-4.92233027061588,4.6,0.9,-4.09456765067272,1.31482464576792,0.9,0.001,-0.46171772130485,1,4.43811621848324e-21,africa
2,5,-9.21295572352713,15.9834895551257,0.00903344807104483,0.05,-4.88603887498391,4.6,0.9,-4.12409346893515,1.38515962336258,0.9,0.001,-0.528990245101705,1,1.91766090985679e-08,africa
3,5,-10.4140015456691,16.215733941562,0.00911833409212181,0.05,-4.90254932479426,4.6,0.9,-4.72492611176592,2.01030252985482,0.9,0.001,-0.461057874690532,1,3.51368268912997e-16,africa
4,5,-8.67835469597517,16.2067655131824,0.00856529590236208,0.05,-4.92956462542901,4.6,0.9,-4.00900760382401,1.09013044248611,0.9,0.001,-0.356514898983336,1,5.17184985086248e-11,africa
5,5,-8.84900945596188,15.5433708910902,0.00874126428707294,0.05,-4.89555052581211,4.6,0.9,-4.41967583228705,1.59092700266492,0.9,0.001,-0.329141513337115,1,1.13956265963196e-15,africa
6,5,-12.9022078221713,15.3124496234416,0.00954828245783792,0.05,-4.91431726923399,4.6,0.9,-4.14286492427169,0.983440647681866,0.9,0.001,-0.143431727311098,1,6.26102592379425e-14,africa
7,5,-7.09794074360634,16.2834028366242,0.00868379732233008,0.05,-4.90224175574264,4.6,0.9,-3.77798590854709,0.97295339271027,0.9,0.001,-0.40866200067138,1,6.4367877789264e-17,africa
8,5,-11.0877291924412,16.0555153685467,0.00929649925967225,0.05,-4.89875279315476,4.6,0.9,-3.99964454040309,0.834175722040786,0.9,0.001,-0.675468462361059,0.403999461776426,0.233638704757652,africa
9,5,-8.16412225033256,16.2910435980253,0.00920788491935104,0.05,-4.90039522538253,4.6,0.9,-3.71421466885232,1.16955553627607,0.9,0.001,-0.498135054859254,1,1.85339165998867e-14,africa
10,5,-7.87188755327491,16.8190668392665,0.00942297173688182,0.05,-4.90273739493002,4.6,0.9,-3.88867332737666,0.543854565650538,0.9,0.001,-0.433060123448995,1,0.593010251430447,africa
1,6,-11.6069795215599,15.9622601880484,0.00897579745859503,0.05,-4.90917333863048,4.6,0.9,-3.38305586030842,0.0774485384869886,0.9,0.001,-0.531988425802721,1,33113.6123040355,africa
2,6,-12.0986425511513,15.2312881498482,0.0089122968617303,0.05,-4.91239556729354,4.6,0.9,-4.29703788532953,0.437982870376783,0.9,0.001,-0.729569866302614,1,6212.63022083932,africa
3,6,-11.2876059508999,16.344205363094,0.00907220756650977,0.05,-4.92472927198642,4.6,0.9,-4.11285442073326,0.202388157534897,0.9,0.001,-0.43237753985286,1,118.951877344754,africa
4,6,-11.9388055478912,17.1373121140002,0.0093015976404571,0.05,-4.89823366360448,4.6,0.9,-3.78294818736239,1.06540241318085,0.9,0.001,-0.494765291934769,1,0.257502067841356,africa
5,6,-8.19264186546117,16.0144631140591,0.00869179225452728,0.05,-4.9210939429214,4.6,0.9,-4.03473103350633,0.105697553139875,0.9,0.001,-0.523510497003182,1,5.45332805096509,africa
6,6,-6.61061765056797,17.5122637817662,0.00889771206540064,0.05,-4.91766390611185,4.6,0.9,-3.82738906874255,1.15710059876526,0.9,0.001,-0.686614473819385,1,64175504389.9055,africa
7,6,-10.234269081139,16.4540243807982,0.0094581491179052,0.05,-4.87742259019802,4.6,0.9,-4.75409051840372,-1.41310422413182,0.9,0.001,-0.690571553141948,1,9.10778804897341e+26,africa
8,6,-10.0508194315163,15.8726755177091,0.00925326867306777,0.05,-4.89451339425138,4.6,0.9,-3.92172083878252,-1.01558758744749,0.9,0.001,-0.466411548906432,1,8126.62764156593,africa
9,6,-8.57370407608274,18.3123698616677,0.00877991618572445,0.05,-4.9109717173077,4.6,0.9,-3.77146574798011,0.987400562632982,0.9,0.001,-0.810354283378998,1,6.21581208445202e+23,africa
10,6,-8.42792324672532,16.5112235763665,0.00852389531801053,0.05,-4.91821167893952,4.6,0.9,-4.30455106389885,-0.884997789414641,0.9,0.001,-0.473949809561725,1,142.392738394196,africa
1,7,-5.48414123838965,15.728381076991,0.00992748439518553,0.05,-4.90523830173722,4.6,0.9,-3.17494060967246,-0.457648569718113,0.9,0.001,1.410782533562,1,0.000319902738975637,africa
2,7,-5.81290088809877,16.0668661601364,0.00917813025620689,0.05,-4.92098671992375,4.6,0.9,-4.36664726951345,0.0420555562278397,0.9,0.001,1.15119254738941,1,1.20457963220785e-13,africa
3,7,-7.48449420604709,14.6608950285705,0.0092212405368483,0.05,-4.90485954004926,4.6,0.9,-2.95136932446476,-0.664020441117221,0.9,0.001,1.10351654887873,1,17052.1755369038,africa
4,7,-5.71358029031319,14.9581854600022,0.00944873887242955,0.05,-4.89656576281221,4.6,0.9,-3.58261068695826,-0.364439067467393,0.9,0.001,1.4360975286787,1,2170787274.55941,africa
5,7,-6.53916206609204,15.7440410671462,0.010112960549737,0.05,-4.90505579943457,4.6,0.9,-3.62319384719001,-0.797339054389865,0.9,0.001,1.40117507378677,1,105892469.068711,africa
6,7,-6.33076500967811,15.4221878156059,0.009201289740521,0.05,-4.91780573136189,4.6,0.9,-4.56765449645842,0.384891341313052,0.9,0.001,1.34927550209522,1,2.80679813781815e-06,africa
7,7,-5.21899266276172,16.273211824807,0.00979215576810193,0.05,-4.90815278752005,4.6,0.9,-3.30006886728908,-0.451800600515996,0.9,0.001,1.32456336262918,1,1.6061368396417e+16,africa
8,7,-4.48685902961938,16.6199348399915,0.00877425665208375,0.05,-4.89068515842645,4.6,0.9,-4.40633669501748,0.315726049737388,0.9,0.001,1.14358106197186,1,1.06544248354684e-09,africa
9,7,-6.38562688480212,15.6707393286778,0.0100699433236344,0.05,-4.89867918496492,4.6,0.9,-2.90044954780543,-0.857256240228941,0.9,0.001,1.34118421465512,1,4534118.5867144,africa
10,7,-10.6996672624053,16.2142295553452,0.00916807038816122,0.05,-4.92837941365298,4.6,0.9,-3.25420379943073,0.45593036757661,0.9,0.001,1.17595663421104,1,2433599.35941022,africa
1,8,-10.4160192504724,14.7523094396023,0.00920931157959162,0.05,-4.88897038243374,4.6,0.9,-3.91588374947305,1.34975545442332,0.9,0.001,-1.17764200862463,1,1.46055254916273e-13,africa
2,8,-9.35504941535818,16.0117867734522,0.009339943236475,0.05,-4.91561423914916,4.6,0.9,-3.64054206340977,0.407964163887348,0.9,0.001,-0.622164294722886,0.999999291748579,4.55216157361471e-06,africa
3,8,-8.60846974145933,15.662943775211,0.00929972819344904,0.05,-4.88845170711611,4.6,0.9,-3.44214507264147,0.23244910151928,0.9,0.001,-0.621981678262888,1,0.0634268742766846,africa
4,8,-8.16568854594214,15.7086509165328,0.00928707484153694,0.05,-4.89563828950672,4.6,0.9,-3.65398305914285,0.835801613271315,0.9,0.001,-0.808805808429115,1,4.24573558382672e-08,africa
5,8,-7.69418861171653,16.322782810967,0.00902075096335731,0.05,-4.90084995978318,4.6,0.9,-3.72710831333023,0.539646861738318,0.9,0.001,-0.508519524579951,1,2.80881619898519e-31,africa
6,8,-9.58539066410974,15.6517991722631,0.00904825569663696,0.05,-4.9109468005712,4.6,0.9,-4.00595590645435,0.632119076329541,0.9,0.001,-0.379873272168081,1,5.3897489690221e-30,africa
7,8,-10.3885815996219,16.1856305659372,0.00991847202568668,0.05,-4.91125468508109,4.6,0.9,-3.97471361287399,0.630175332980917,0.9,0.001,-0.663316847065518,1,3.11333087487102e-36,africa
8,8,-11.578700021835,15.1447179420907,0.00916198751301881,0.05,-4.90673537998558,4.6,0.9,-3.67819268474527,0.171113079480681,0.9,0.001,-0.449266992729675,1,6.26198304956437e-06,africa
9,8,-11.6688176623266,15.3764832371764,0.00919262544689884,0.05,-4.91539643962265,4.6,0.9,-3.44138978695549,0.186191166623408,0.9,0.001,-0.745340283865014,1,4.95832648953439e-16,africa
10,8,-8.55920809951657,16.2397189819091,0.00928602402693818,0.05,-4.91082617513458,4.6,0.9,-3.7462403094546,0.173441988093085,0.9,0.001,-0.407691292836361,1,6.58368206477361e-35,africa
1,9,-5.74061821217432,16.928787025048,0.00866166493303191,0.05,-4.92731116742212,4.6,0.9,-4.52477032206201,0.374566178523893,0.9,0.001,0.721984782379728,1,9.16480984676975e-34,africa
2,9,-7.62992658941577,15.1890351762128,0.0086209829630716,0.05,-4.89073084080387,4.6,0.9,-4.38549091859226,-0.294119751545984,0.9,0.001,0.688231237141002,1,5.14402824282852e-30,africa
3,9,-10.6715412272372,15.844053392998,0.00961000952677395,0.05,-4.91831869884922,4.6,0.9,-4.44316811791413,-0.146473231346002,0.9,0.001,0.645156956514084,1,0.000387004944534904,africa
4,9,-11.0573372606357,15.7028782049924,0.00948755604315566,0.05,-4.91951481361261,4.6,0.9,-4.56078613133418,0.202843635674038,0.9,0.001,0.462543175209978,1,2.93486660269067e-19,africa
5,9,-9.96659094892446,15.5363416598859,0.01013421722331,0.05,-4.89550479094717,4.6,0.9,-4.23241174440057,-0.29964784353404,0.9,0.001,0.725576712738017,1,1.53879573165299e-10,africa
6,9,-8.42976749632595,16.8373230484926,0.0093512474799588,0.05,-4.91683582026474,4.6,0.9,-4.27834870256761,0.312027902849973,0.9,0.001,0.551224130091056,1,2.69237922357085e-21,africa
7,9,-8.93347788348513,15.0591383648287,0.00892837082254361,0.05,-4.90711650691174,4.6,0.9,-3.82303521679955,-0.480738750658218,0.9,0.001,0.686320536340777,1,4.25851723886962e-08,africa
8,9,-8.50930269640824,15.4469776677179,0.00901634510983577,0.05,-4.90721421996406,4.6,0.9,-4.88411109574338,-0.293816023279718,0.9,0.001,0.666369821760586,1,6.85879481368591e-06,africa
9,9,-9.05209913789202,14.8481494878466,0.00918239042183245,0.05,-4.9101102533519,4.6,0.9,-4.76570922915443,0.211679767685688,0.9,0.001,0.643395896710618,1,4.76651745822708e-35,africa
10,9,-8.21861005886661,17.0670584083403,0.00953616814791936,0.05,-4.92475891144413,4.6,0.9,-3.81647344769504,-0.99020026012005,0.9,0.001,0.63694869048674,1,3.53115341024746e-21,africa
1,10,-12.8548522267154,16.0374281941671,0.010033764592498,0.05,-4.91005566042399,4.6,0.9,-3.37342143195215,-0.469942520648773,0.9,0.001,-0.11879431052442,1,1.70467921048888e-05,africa
2,10,-11.017048725126,16.6755451407105,0.00972875071789129,0.05,-4.90775622277353,4.6,0.9,-3.71550867566336,-0.0462330134488189,0.9,0.001,0.0990678325754868,0.999999999853193,4.06720712231225e-17,africa
3,10,-10.250299235118,17.1139602254139,0.0102441706886074,0.05,-4.90975285172556,4.6,0.9,-3.88258088830059,-0.412725220650191,0.9,0.001,0.167139552647075,1,8.55759736668651e-25,africa
4,10,-10.8684668166472,15.9969031507515,0.00958111519964698,0.05,-4.90055985087834,4.6,0.9,-3.44586702640855,-0.492759241301585,0.9,0.001,0.0623792580864381,1,2.87419383969242e-15,africa
5,10,-11.9040422189246,16.3955439611553,0.0103333394425041,0.05,-4.89523856725032,4.6,0.9,-3.88721885611285,-0.364024686215649,0.9,0.001,0.258984589330675,1,1.31760748914425e-19,africa
6,10,-11.4256697102683,16.8810913571732,0.0100725753361196,0.05,-4.9011252915654,4.6,0.9,-3.11125520252454,-0.302934463429583,0.9,0.001,-0.463692013446052,1,0.024898476351756,africa
7,10,-7.89404885858611,15.6239148632517,0.0090274208512162,0.05,-4.87374923188099,4.6,0.9,-4.2068575753235,0.54330144952367,0.9,0.001,-0.0653979512513828,1,4.81001652948982e-12,africa
8,10,-7.82079071655608,16.6289245759188,0.00877198419004981,0.05,-4.91862400719878,4.6,0.9,-3.99653596671233,0.594656661232986,0.9,0.001,0.0400859560523467,1,4.68013904401992e-17,africa
9,10,-9.68481302448052,15.8035612156517,0.00905426223971424,0.05,-4.91118995835746,4.6,0.9,-4.36428604203681,0.496953839800451,0.9,0.001,0.00294152365488071,1,4.39300555490321e-08,africa
10,10,-10.8585605412364,16.0549340385796,0.00956166632716681,0.05,-4.90118880281301,4.6,0.9,-3.88221495903441,-0.256315541793732,0.9,0.001,0.129758014718637,1,0.000596095051497249,africa
1,11,-7.2535273364296,17.0073628700197,0.00990839261571861,0.05,-4.92340986200494,4.6,0.9,-4.21122289128483,0.277121462476521,0.9,0.001,0.187096054996399,1,1.63484966622864e-11,africa
2,11,-4.73538542669679,17.1682836799473,0.00929574142442035,0.05,-4.91724892119634,4.6,0.9,-3.98864313468218,0.134360478219272,0.9,0.001,0.101501565962771,1,3.08450851412621e-08,africa
3,11,-5.50614092024667,16.8066628231087,0.00904376229727331,0.05,-4.91502667710628,4.6,0.9,-3.61147761022365,0.327028829441136,0.9,0.001,-0.218190685232449,1,5.5530223800424e-23,africa
4,11,-6.64441005864281,16.3928838119763,0.00954374860592229,0.05,-4.90319915410922,4.6,0.9,-3.79183527832975,0.454793277310298,0.9,0.001,-0.206033455023486,1,6.04701064041332e-10,africa
5,11,-4.30831727086021,16.7288408958772,0.00897068063628767,0.05,-4.90780758890029,4.6,0.9,-3.95916536570946,0.437931576404758,0.9,0.001,-0.0107468854987282,1,2.78944243471479e-35,africa
6,11,-3.78705208802052,16.2903366201465,0.00844291503202338,0.05,-4.90364202964219,4.6,0.9,-4.018807678052,0.859658580858283,0.9,0.001,-0.129198039917445,1,1.50244765284224e-07,africa
7,11,-3.26713075893681,18.0631106626473,0.00890493068031673,0.05,-4.90423652392294,4.6,0.9,-3.9943046663763,0.961610475921398,0.9,0.001,-0.275942249150614,1,0.000234152124176753,africa
8,11,-4.68701427064049,16.2932319873728,0.00885531644618317,0.05,-4.89324895436756,4.6,0.9,-3.82873182662167,0.761548233546172,0.9,0.001,-0.402391693654602,1,5.75876298098872e-24,africa
9,11,-3.70653583152197,17.1458230564201,0.00897661686400756,0.05,-4.90225118734493,4.6,0.9,-3.77292567752531,0.473029171388601,0.9,0.001,-0.275922676587574,1,0.116419816735091,africa
10,11,-4.99423434455677,17.0209482098962,0.00848596905177006,0.05,-4.9283637883478,4.6,0.9,-3.14208299959354,0.038321777515135,0.9,0.001,-0.398658527418617,1,1.7815217596035e-18,africa
1,12,-7.03020520056395,16.9848304188126,0.00927057417188427,0.05,-4.92869640983655,4.6,0.9,-3.76291793342167,-0.769421089023936,0.9,0.001,0.526742327377328,1,1.8304539653986e-35,africa
2,12,-5.5001270629902,15.4204963970048,0.00892222414693785,0.05,-4.88445304854758,4.6,0.9,-3.91806469509771,-0.701056453903013,0.9,0.001,0.613080730154789,1,1.22345388692859e-06,africa
3,12,-7.63368395075007,16.4356349193961,0.00975783336119236,0.05,-4.88785784874034,4.6,0.9,-4.03786655172687,-0.540879134682206,0.9,0.001,0.463716300426566,1,8.50459893656304e-07,africa
4,12,-7.1213493185565,16.5834848457712,0.00918025695559218,0.05,-4.91688999064537,4.6,0.9,-3.32109022591773,-1.13946723363635,0.9,0.001,0.462208623929065,1,4.16945569555208e-05,africa
5,12,-6.1703190146427,16.0510829560562,0.00918831685974174,0.05,-4.90477569122369,4.6,0.9,-4.13400604153701,-0.693470217557023,0.9,0.001,0.607198307547017,1,3.00471997910684e-15,africa
6,12,-7.87681458895502,15.6334862264204,0.00908475221599038,0.05,-4.91741718952589,4.6,0.9,-4.3358256480564,0.0402861019743717,0.9,0.001,0.49557959601353,1,2.14568665106834e-33,africa
7,12,-7.18144679565931,15.1091201449943,0.00841127450468387,0.05,-4.88893838644804,4.6,0.9,-4.58244617140621,0.255195922017414,0.9,0.001,0.526909356234763,1,3.17584129141594e-20,africa
8,12,-6.28354078130934,15.8579638037962,0.00865908692677673,0.05,-4.9086450523257,4.6,0.9,-5.1335244711358,0.333579773211987,0.9,0.001,0.590864228880847,1,9.39644277954994e-05,africa
9,12,-5.8148988252894,15.5970435077155,0.00873667388448821,0.05,-4.89729587429489,4.6,0.9,-4.5786528321492,0.161360191645445,0.9,0.001,0.466982963758741,1,0.0002139152311135,africa
10,12,-8.32471040585004,16.5491871364401,0.00937296870702491,0.05,-4.91148388320765,4.6,0.9,-4.29513750395109,0.278285071911441,0.9,0.001,0.344014853066871,1,5.49317897117049e-14,africa
1,13,-10.8382412820491,15.0086843606416,0.00900286221631055,0.05,-4.91538667546037,4.6,0.9,-3.74567257574507,0.904627909069526,0.9,0.001,0.0686096069354624,1,0.0150948583093516,africa
2,13,-7.04787435181518,15.6331018069204,0.00819993348769239,0.05,-4.91274643777004,4.6,0.9,-3.69583161284751,-0.407264904359244,0.9,0.001,0.213675651126239,1,5.1511715956481e+27,africa
3,13,-7.71813162248094,16.4648366007093,0.00990103740761182,0.05,-4.90355773546238,4.6,0.9,-3.82260302756445,0.253298775604463,0.9,0.001,0.396416116139919,1,380666883.79088,africa
4,13,-7.39402869731575,15.7545572015107,0.00998866913122575,0.05,-4.90809404058487,4.6,0.9,-4.32925996661179,1.54568083981761,0.9,0.001,-0.0703158476800701,1,2.01884361732199e-20,africa
5,13,-5.38799123643695,16.1792649704904,0.00998955607309067,0.05,-4.88718112940361,4.6,0.9,-2.94939928244739,-0.380445276019578,0.9,0.001,-0.0843526190983721,1,2.54191598179048e+23,africa
6,13,-7.41181477840958,15.6409773773262,0.0091795511069947,0.05,-4.92704064854593,4.6,0.9,-4.57057783784257,0.26670752504054,0.9,0.001,0.263450749061365,1,2.19844445784679e+15,africa
7,13,-6.2730812159222,16.034355810357,0.00886564449812095,0.05,-4.92546984124213,4.6,0.9,-4.32681072722992,0.363577574121801,0.9,0.001,0.277396412310641,1,171739102.14439,africa
8,13,-6.43755892539333,16.1455506676672,0.00896964184336923,0.05,-4.90018394696339,4.6,0.9,-3.25137317878561,-1.25579857126899,0.9,0.001,0.0312930325632338,1,322924.13666296,africa
9,13,-7.70901712875756,16.1029488255095,0.00925637721992828,0.05,-4.88537253465428,4.6,0.9,-3.27899188115125,1.51199499196089,0.9,0.001,-0.789767337504353,1,16.668177416537,africa
10,13,-4.68717815762559,15.986827421732,0.00884784580395808,0.05,-4.91381155293437,4.6,0.9,-3.60517181694932,-0.348017216168131,0.9,0.001,0.173846753382717,1,2.30274114538755e+16,africa
1,14,-4.65245922244925,16.9267809470325,0.00951380224407112,0.05,-4.90959656283736,4.6,0.9,-3.6292166178093,0.111749156454782,0.9,0.001,0.446598280665444,1,1.88871975763457e-14,africa
2,14,-3.00413710105635,16.7217716758606,0.00874263641929504,0.05,-4.89558803628239,4.6,0.9,-4.44617857561942,0.122475843718003,0.9,0.001,0.609145790046091,1,0.0248521997442418,africa
3,14,-4.78153885620225,16.7996356854527,0.00900461229900799,0.05,-4.92942738931876,4.6,0.9,-4.01635711322409,0.199976087361629,0.9,0.001,0.560548786410363,1,1.02845889714392e-13,africa
4,14,-6.21842956702122,15.2631384553677,0.00892066615050206,0.05,-4.91599858883159,4.6,0.9,-4.33380483823801,0.16923770067251,0.9,0.001,0.54170614646762,1,1.15630496455345e-29,africa
5,14,-4.016201666961,15.8131483872322,0.00934338355110913,0.05,-4.89858102941856,4.6,0.9,-4.49452229886578,0.317156801717132,0.9,0.001,0.741075231066059,1,1.95624058008557e-41,africa
6,14,-3.63710018897891,17.8094194806552,0.00945746716213522,0.05,-4.90840695079498,4.6,0.9,-3.07129996614489,-0.371951273977869,0.9,0.001,0.373257454683375,1,4.74061566799337e-12,africa
7,14,-4.00524727566474,16.8214374096006,0.00914828494199111,0.05,-4.92125796374373,4.6,0.9,-3.74972406104894,0.0749637987718097,0.9,0.001,0.420566178591997,0.999999986153212,7.41452862693885e-10,africa
8,14,-5.18872023137099,16.1788730845855,0.00941326060355171,0.05,-4.91838584347387,4.6,0.9,-3.34687758377077,-0.064809616557495,0.9,0.001,0.388635447405449,1,1.82549852727055e-13,africa
9,14,-4.24078489749805,15.9479505614775,0.00856507699070191,0.05,-4.91553022517583,4.6,0.9,-4.16200209056063,0.242229852429364,0.9,0.001,0.638010287870848,1,0.00252097399579935,africa
10,14,-4.12290927223975,14.3175206681643,0.00917016038083574,0.05,-4.88628465935367,4.6,0.9,-4.13038787936102,0.0203232080394481,0.9,0.001,0.741461159482434,0.999999979215993,1.27981739007189e-15,africa
1,15,-8.11775259046406,16.3633331059502,0.00896603762636388,0.05,-4.92615792453608,4.6,0.9,-4.63084961085998,0.879920360200498,0.9,0.001,-2.02738312226091,1,340430239.291679,africa
2,15,-7.36905473836311,16.4385356428959,0.00917274489134072,0.05,-4.91447113382744,4.6,0.9,-4.64235966471887,0.74797900920537,0.9,0.001,-1.9034464847154,1,6916.59294890475,africa
3,15,-7.32646888652724,15.5243131616827,0.00920205382514199,0.05,-4.87046252797293,4.6,0.9,-4.75973590405312,1.31619857130762,0.9,0.001,-2.16406752176003,1,713327076656.933,africa
4,15,-5.58612161631355,15.9905055130706,0.00864887712089657,0.05,-4.91078637840095,4.6,0.9,-5.18593494354738,1.59863333859089,0.9,0.001,-2.21862741911371,1,19053.4664312218,africa
5,15,-6.45340440819763,16.4728641461086,0.00892363066873241,0.05,-4.91937634938371,4.6,0.9,-4.34666082168231,1.21709261951386,0.9,0.001,-2.46922050839389,1,111223.361411889,africa
6,15,-9.99271710984334,15.4818129352951,0.00916177541249762,0.05,-4.89622537686839,4.6,0.9,-4.56011616526585,1.04656385978089,0.9,0.001,-2.17286286451899,1,63910.0902394597,africa
7,15,-8.50944175928968,15.4771755905683,0.00944930308383751,0.05,-4.89221840255388,4.6,0.9,-4.10665715008216,1.26508374887559,0.9,0.001,-2.59980686039608,1,9458.58002914151,africa
8,15,-9.03235686190537,15.7017703518624,0.00907522907326994,0.05,-4.90309695475005,4.6,0.9,-4.26443823640014,1.15340234069411,0.9,0.001,-2.4190052243261,1,608666897.100958,africa
9,15,-10.0576359987768,15.1070508922012,0.00917339334814393,0.05,-4.89239052210051,4.6,0.9,-4.43132710578862,0.664231189345673,0.9,0.001,-1.80326716195916,1,37675093.9775819,africa
10,15,-8.58712333909442,16.3192957865127,0.00927845694402296,0.05,-4.90572989082639,4.6,0.9,-3.90981969769524,-0.136533765316582,0.9,0.001,-1.85457151194411,1,81158.3693894483,africa
1,16,-4.6231788114365,17.1780557189441,0.00907962903355285,0.05,-4.91600296332337,4.6,0.9,-3.30900720011345,1.06463092168587,0.9,0.001,-1.10516273501781,1,1.32949948853335e-20,africa
2,16,-5.62205200761601,15.3965129419136,0.00896050523336036,0.05,-4.90312588309669,4.6,0.9,-2.97652582453461,0.485463163386483,0.9,0.001,-1.01069930951328,1,2.01781214630332e-27,africa
3,16,-6.21891241229684,16.1942915305244,0.00877260997242473,0.05,-4.92270962025522,4.6,0.9,-2.80014229623805,0.676493782162491,0.9,0.001,-1.32302836039658,1,0.000239553039444918,africa
4,16,-5.94801986221135,16.4070767313726,0.00916807161922342,0.05,-4.91431280417457,4.6,0.9,-3.12819302192659,0.836450441715673,0.9,0.001,-1.13030772711343,0.999999999999847,1.8246744837307e-12,africa
5,16,-4.36913279397617,16.2729644360164,0.00912182026685445,0.05,-4.89784418654671,4.6,0.9,-3.25091931692983,1.24412540210831,0.9,0.001,-1.48752187835599,1,3.1827715365071e-18,africa
6,16,-4.88830318050775,16.5694085562272,0.00910838490712892,0.05,-4.90098945640335,4.6,0.9,-3.0090275722683,0.902631313316605,0.9,0.001,-1.12618488481528,1,4.99733875609986e-07,africa
7,16,-6.40618078527254,16.2096478043583,0.00905919747084952,0.05,-4.91217092757469,4.6,0.9,-3.20291933709173,0.467458385446786,0.9,0.001,-0.913163969032964,1,1.94405595168175e-14,africa
8,16,-3.08319107156501,16.6290851671466,0.00839090098927584,0.05,-4.89809212366799,4.6,0.9,-3.27083166412511,0.696746642272325,0.9,0.001,-0.585555732054882,1,3.24515212647857e-12,africa
9,16,-4.24614578731096,16.1460708081927,0.0087580406448776,0.05,-4.9025634023699,4.6,0.9,-3.42954872833575,0.70638125956895,0.9,0.001,-0.536478902511344,1,6.86147743395273e-19,africa
10,16,-5.50279516563413,14.94382366452,0.0081163807144946,0.05,-4.90683876903113,4.6,0.9,-3.1832965073759,0.372422842939119,0.9,0.001,-0.400117972162057,1,0.00532398846910409,africa
1,17,-11.1150109502713,15.2909358721414,0.00956250447391861,0.05,-4.91741935501016,4.6,0.9,-3.10354971921215,0.023280818317166,0.9,0.001,-0.667404830999286,1,2.26052817471919e-10,africa
2,17,-11.7416604323538,15.3471504059359,0.00963755966460527,0.05,-4.92121642626206,4.6,0.9,-3.57499508240382,-0.936493881477322,0.9,0.001,-0.603557232011007,1,1.89364266917723e-06,africa
3,17,-6.15081461385419,16.7898598666466,0.00911982336372262,0.05,-4.91033337333544,4.6,0.9,-4.23507029495391,-0.439712843922817,0.9,0.001,-0.234671422642711,1,1.54756050215257e-25,africa
4,17,-5.05170486615903,17.0160256647608,0.00871929089261333,0.05,-4.9019092580347,4.6,0.9,-3.31176640433395,-0.385545244911812,0.9,0.001,0.145988787160999,1,0.00159568654353581,africa
5,17,-10.106388169451,15.9986258239328,0.00975124564408783,0.05,-4.89882144699988,4.6,0.9,-3.86934116920304,0.80810639086033,0.9,0.001,-0.628749016903087,1,1.40026634162052e-13,africa
6,17,-5.97899694369343,17.3855297119675,0.00854785218921213,0.05,-4.9025505161478,4.6,0.9,-4.14220505082557,-0.266789813218772,0.9,0.001,-1.51503680761309,1,23876.9790696788,africa
7,17,-8.35187017578872,16.5971776902591,0.00975503688812189,0.05,-4.8919672901487,4.6,0.9,-3.61151237409374,1.9166632581479,0.9,0.001,-1.62208389839753,1,2.72378704790197e-33,africa
8,17,-9.80553909242863,15.7100965087851,0.00958912439166962,0.05,-4.91738247042663,4.6,0.9,-2.95081613655931,0.518469664779286,0.9,0.001,-1.18828950362264,1,0.176879906152163,africa
9,17,-4.10027643134388,16.1001680744894,0.00851070710205094,0.05,-4.900986140555,4.6,0.9,-3.6604498864088,0.296258477167106,0.9,0.001,-1.67144288335191,1,83225.4866250851,africa
10,17,-8.23139391091918,15.843237012188,0.00932540994803512,0.05,-4.89888118607705,4.6,0.9,-4.05542094551543,0.336497594829333,0.9,0.001,-0.0300760820045508,1,4.94414042084486e-11,africa
1,18,-1.05313754491641,16.3658757671666,0.00996838063883936,0.05,-4.91875288012778,4.6,0.9,-4.25361025633405,-0.0415104235785426,0.9,0.001,0.812591568724119,1,1.20600830445528e-05,africa
2,18,-0.712830080687023,14.7338226684439,0.00948054478553373,0.05,-4.92861173979319,4.6,0.9,-4.44387762570288,-0.597356720617555,0.9,0.001,0.745733480449431,1,1.50636773191527e-24,africa
3,18,-3.40075897140572,15.0163300434517,0.00958111412958987,0.05,-4.94798436353104,4.6,0.9,-4.37897492886946,-0.456165827664337,0.9,0.001,0.641539746843051,1,2.52418707686272e-26,africa
4,18,-1.86338049819306,15.3139583633542,0.00975446573850207,0.05,-4.93128880328303,4.6,0.9,-4.55298058144416,0.0540586380194658,0.9,0.001,0.613204800469591,1,6.51575529379502e-08,africa
5,18,-1.36719147957128,15.8169861239267,0.0106049903427905,0.05,-4.90358887271703,4.6,0.9,-3.9004922091515,-0.278072952151769,0.9,0.001,0.608212296875425,1,1.57417108710061e-05,africa
6,18,-0.737504726695895,15.8342059862381,0.00898390627716488,0.05,-4.93389469482733,4.6,0.9,-4.32198896701085,0.309852190648835,0.9,0.001,0.73632509038961,1,1.3409277977495e-24,africa
7,18,-1.17291175495238,15.303584656517,0.00992369556838243,0.05,-4.91345848555605,4.6,0.9,-3.86803488043642,0.342766713844125,0.9,0.001,0.400955760722226,1,4394960.31097441,africa
8,18,-0.821839886199908,15.2860176448677,0.0092725216398833,0.05,-4.92237810329319,4.6,0.9,-4.46425680387592,0.178917393048743,0.9,0.001,0.718667472742845,1,4.88799023676568e-24,africa
9,18,-1.922408755035,13.9543792024473,0.00919378618003895,0.05,-4.91912543050804,4.6,0.9,-3.27715209408473,-0.515663634273454,0.9,0.001,0.403681501980262,1,6.13858944721798e+22,africa
10,18,-0.51496235440486,15.0768704995535,0.00930145481635819,0.05,-4.91731260717037,4.6,0.9,-3.90678441382051,-0.80709303521208,0.9,0.001,0.753167179048146,1,1.43141099751042e-09,africa
1,19,-8.75797394994392,16.4790958956018,0.00863280913373235,0.05,-4.88421996013777,4.6,0.9,-4.78778595962275,0.546966658028975,0.9,0.001,-1.64586012454959,1,3636094.93089611,africa
2,19,-8.68866804847178,16.1780860755657,0.00890247008119042,0.05,-4.90697087245611,4.6,0.9,-4.4102292950355,-0.629031505573576,0.9,0.001,-1.27564720792485,1,1.0966557268009e+17,africa
3,19,-8.2845600211121,16.1520061812392,0.0085718765903946,0.05,-4.90555099115824,4.6,0.9,-4.49287076951278,-0.77877604501699,0.9,0.001,-1.08863389338674,1,24426922.4305429,africa
4,19,-11.0061640415053,14.844711899729,0.00822635057433728,0.05,-4.9036302939909,4.6,0.9,-4.75008459343163,-0.00260587335686041,0.9,0.001,-1.36588017221958,1,25124.821602063,africa
5,19,-11.988231376796,15.2645081289165,0.00900886705911849,0.05,-4.90195329808418,4.6,0.9,-5.40011618602372,0.165224895371577,0.9,0.001,-1.06921916873961,1,1548.62326424344,africa
6,19,-8.3324905867252,17.0558076314858,0.00849522032122479,0.05,-4.90989612305322,4.6,0.9,-4.15893830733781,-0.00694295199536175,0.9,0.001,-1.64720248254754,1,7441.70102392549,africa
7,19,-10.0238521296931,16.7043375996826,0.00952259678936552,0.05,-4.89435417455382,4.6,0.9,-4.10476194970834,-1.06085010357519,0.9,0.001,-1.24566683202621,1,18248.5661250947,africa
8,19,-8.13864644878905,16.445774303038,0.00881181033556057,0.05,-4.9071913171949,4.6,0.9,-3.53943692218607,-0.302919991026544,0.9,0.001,-1.19737891756443,1,1.81622713163327,africa
9,19,-8.32024862934926,17.0775032964809,0.00888320730167267,0.05,-4.90797919912269,4.6,0.9,-3.42542544746381,-0.582119716216706,0.9,0.001,-0.908127572712625,1,52101596.1318299,africa
10,19,-9.93392786883986,17.0889360198464,0.00862646219890131,0.05,-4.94052815561847,4.6,0.9,-3.87813357227576,0.337903129476473,0.9,0.001,-1.0773563208879,1,2470.78315351066,africa
1,20,-6.63520022953197,16.0987731149088,0.00880452741111929,0.05,-4.92213204668642,4.6,0.9,-4.03006219399451,-0.228032625563189,0.9,0.001,-0.867223585630262,1,1.71916898604424e-21,africa
2,20,-6.62237997269645,15.6328529793491,0.0089642565374047,0.05,-4.89816146873093,4.6,0.9,-3.66456071439424,-0.473614204790805,0.9,0.001,-0.380508449372459,1,0.00551594173283579,africa
3,20,-5.07597563689039,15.9789022784732,0.00883745808512871,0.05,-4.88955890968746,4.6,0.9,-3.98299831543752,1.18832374211858,0.9,0.001,-1.47046351964403,1,0.001114534441605,africa
4,20,-6.56934729954211,15.6196793970638,0.00871010675456532,0.05,-4.90392815465893,4.6,0.9,-4.25025399811335,0.398059125029014,0.9,0.001,0.11211386769249,1,3.78733367354639e-14,africa
5,20,-7.80564951650939,15.4888772866743,0.00978188733799731,0.05,-4.88998912961512,4.6,0.9,-4.3073948775511,1.74297336431346,0.9,0.001,-1.09998143478759,1,0.000154428346716719,africa
6,20,-6.22583684497174,16.5537611182824,0.00915953012762743,0.05,-4.9044860960254,4.6,0.9,-3.56889294512806,-1.02986008048317,0.9,0.001,-0.200929206110114,1,1.31779528270183e-05,africa
7,20,-5.11634167582389,16.6270659201196,0.00880542050297445,0.05,-4.91720646963954,4.6,0.9,-3.70994197169716,0.0203074913195166,0.9,0.001,-0.83128884038511,0.999999999999731,4.25649276152831e-12,africa
8,20,-7.55795639795526,15.0122219742867,0.00931313227081135,0.05,-4.89672957265582,4.6,0.9,-3.95297602856059,0.147353648479211,0.9,0.001,-2.14697003797649,1,6.33152218049799e-22,africa
9,20,-5.93113609884959,15.5851307165444,0.00811061271259788,0.05,-4.91790840758193,4.6,0.9,-4.05084764578546,0.358447073941013,0.9,0.001,-0.759991821137798,1,9.68538523864492e-11,africa
10,20,-6.53450943520966,15.2827156683262,0.00881342744446122,0.05,-4.89945933238598,4.6,0.9,-3.54744382256921,-0.47055134568926,0.9,0.001,-0.80455549306506,1,4.03690914255688e-09,africa
1,21,-8.96780897647148,16.351950816193,0.00924727397341835,0.05,-4.91599456578371,4.6,0.9,-2.60316966219833,0.314684569539347,0.9,0.001,-2.41324585848639,1,5740.00780156206,africa
2,21,-10.7486468869797,16.3579623212887,0.00916267299599286,0.05,-4.9026454693796,4.6,0.9,-3.53288773595611,1.05408739304421,0.9,0.001,-2.35559465128087,1,12867.6093156134,africa
3,21,-10.8858827184094,16.0091809921563,0.00948732085655364,0.05,-4.90928577365201,4.6,0.9,-3.27869772962657,0.411253761275434,0.9,0.001,-2.16223925479075,1,40.2733363984876,africa
4,21,-10.705369051619,14.749343245883,0.00874026439998856,0.05,-4.90769269049638,4.6,0.9,-3.22430157412167,0.037329764184641,0.9,0.001,-2.12115129377598,1,7.99816738949167e+22,africa
5,21,-10.1421771768143,14.9397149410214,0.00915463908590964,0.05,-4.88584830762289,4.6,0.9,-3.57586093015962,0.908220136898446,0.9,0.001,-1.75649312542184,1,1756796848.23667,africa
6,21,-11.4319292494679,14.7129850747048,0.00876454315135063,0.05,-4.91306495127236,4.6,0.9,-2.8604471371756,0.503835211005513,0.9,0.001,-2.40307942128663,1,3.68494520534484,africa
7,21,-11.3664756549272,16.3992593760716,0.0095192948759418,0.05,-4.91397009329676,4.6,0.9,-3.31524371331791,0.474129090629404,0.9,0.001,-2.14008966687627,1,17298.270983685,africa
8,21,-7.99813155930334,16.2652790474611,0.00830452442178861,0.05,-4.90817988218478,4.6,0.9,-3.16323562589928,-0.0929599980139736,0.9,0.001,-2.06874318699193,1,32446146.1769321,africa
9,21,-8.68303250956485,16.1388851485884,0.00840073108256301,0.05,-4.92015640536034,4.6,0.9,-3.13968128413576,0.322806125786366,0.9,0.001,-2.14533903767543,1,499395981520.531,africa
10,21,-11.6035616310257,16.0847928579292,0.00927017567450237,0.05,-4.92792097173635,4.6,0.9,-3.92880345407908,0.920736489151894,0.9,0.001,-2.08430836119924,1,4.04955599777628e+19,africa
1,22,-14.637899016873,15.3911090843085,0.00873804505067729,0.05,-4.9089822961085,4.6,0.9,-4.24147797298989,0.394815165205653,0.9,0.001,0.269407578213848,1,1.39354362706818e-20,africa
2,22,-12.3013227529442,16.5601080194437,0.00874230173947817,0.05,-4.89405442553961,4.6,0.9,-4.1189772046512,0.373928443666975,0.9,0.001,0.181738463947617,1,2.55550359148422e-27,africa
3,22,-12.9375544558422,16.6822532103793,0.00892275404399467,0.05,-4.91233979123707,4.6,0.9,-3.61823346616396,0.365294086349316,0.9,0.001,-0.0103959601246789,1,0.000117371999866041,africa
4,22,-11.4261890742637,16.9995077864973,0.00911308072916143,0.05,-4.89689767076121,4.6,0.9,-3.77253242174592,0.0271866813697625,0.9,0.001,0.198467466612549,1,2.85951470209559e-10,africa
5,22,-11.0820681577928,15.8811421049771,0.00828108895434401,0.05,-4.89378080131142,4.6,0.9,-4.45557206580912,0.747233535178457,0.9,0.001,0.334936368387595,1,7.93267287946265e-06,africa
6,22,-10.2355545159689,16.8219560366758,0.00844687282024529,0.05,-4.9122249654315,4.6,0.9,-4.37993250498438,0.0425850218701019,0.9,0.001,0.424809987469928,1,5.2988117756424e-13,africa
7,22,-14.3375374947478,16.366385278769,0.00818223877044967,0.05,-4.93041731737136,4.6,0.9,-3.85266355936154,-0.245207622748103,0.9,0.001,0.418856471687193,1,1.12476946380973e-10,africa
8,22,-13.6422060292351,15.9639025244998,0.0086463327443269,0.05,-4.89270501957335,4.6,0.9,-3.3819322105743,-0.567046482082193,0.9,0.001,0.350576674992061,1,1.10463641419206e-07,africa
9,22,-16.6867458134282,17.0098069282107,0.00906223387111381,0.05,-4.93061706811682,4.6,0.9,-3.62640939200212,0.0950643987789457,0.9,0.001,0.058629048914777,1,1.1613664666826e-05,africa
10,22,-15.1339543366272,16.7955733303962,0.00882913998438679,0.05,-4.92365275174214,4.6,0.9,-3.83518992534469,0.455653960555975,0.9,0.001,0.156796390609331,1,3.87328231406348e-09,africa
1,23,-9.69002844040113,16.8336768909941,0.00988595899064438,0.05,-4.91199332192998,4.6,0.9,-4.34972528155532,1.29760746358166,0.9,0.001,-0.742031802245052,1,9.82846336842846e-14,africa
2,23,-10.5560257947713,16.2424412275746,0.00951251282432991,0.05,-4.90759039244968,4.6,0.9,-3.63643278412121,0.731961899112606,0.9,0.001,-1.05714584434379,1,2.95130999844103e-23,africa
3,23,-11.5888456080191,15.8058919880664,0.00952291595647329,0.05,-4.91504995507562,4.6,0.9,-3.20277333591151,0.254091384072723,0.9,0.001,-0.907537878018608,1,1.36147457628376e-13,africa
4,23,-7.83080084853114,15.8204638371965,0.00882606674688247,0.05,-4.90667795069549,4.6,0.9,-4.2409217108048,1.33570409310781,0.9,0.001,-0.77797161784855,1,1.78960646209605e-25,africa
5,23,-9.95507246403204,15.6958625693782,0.00884898003255494,0.05,-4.90075050819069,4.6,0.9,-4.09488337150932,0.668527782545652,0.9,0.001,-0.323524677606091,1,1.42224153822875e-05,africa
6,23,-10.7035401741096,15.1663779092053,0.0090829728251,0.05,-4.90497641872777,4.6,0.9,-4.0212835926967,0.236828457119634,0.9,0.001,-0.199747213973697,1,6.40544139817335e-17,africa
7,23,-10.6036936300645,15.5896706655829,0.00909039428586213,0.05,-4.91168763574729,4.6,0.9,-4.12692520492491,0.253544025712365,0.9,0.001,-0.56464928971133,1,0.497329497737001,africa
8,23,-9.69836486014935,14.7367757460937,0.00928396571207287,0.05,-4.89156074247645,4.6,0.9,-3.6456031694873,-0.219518385009493,0.9,0.001,-0.0331741417426695,1,2.56397869126433e-14,africa
9,23,-12.5346873376554,14.5786903377874,0.00960486995489655,0.05,-4.89507236513375,4.6,0.9,-4.43562919256275,0.466301130555067,0.9,0.001,0.0380654528418329,1,7.86514562515545e-09,africa
10,23,-8.46030459795958,16.0693402828212,0.00897995638014821,0.05,-4.91264194765389,4.6,0.9,-4.24394201290269,0.984750566903692,0.9,0.001,-0.523141088117768,1,1.14429222648948e-18,africa
1,24,-9.98344114866097,16.1430867829617,0.00910747870880821,0.05,-4.91948343341947,4.6,0.9,-3.31959354333601,1.24900549323865,0.9,0.001,-1.25764517216692,1,3.30244584004061e-08,africa
2,24,-12.5181988749261,16.2258055781998,0.00940721042771193,0.05,-4.92874418182171,4.6,0.9,-3.56591680167473,1.95879656421414,0.9,0.001,-1.75904660040728,1,1.3287661923283e-18,africa
3,24,-8.21105003695217,15.5297787107878,0.009345572752488,0.05,-4.87594635086942,4.6,0.9,-4.10270245035049,1.90838781816125,0.9,0.001,-1.19922317258358,0.999999999999689,5.0661887078193e-55,africa
4,24,-8.88399914685569,15.9044760592581,0.00918699155088449,0.05,-4.88275781246607,4.6,0.9,-3.92089254094895,2.07985082909739,0.9,0.001,-1.46692322925092,1,7.84193666725035e-20,africa
5,24,-10.1021991507957,15.1482035885587,0.00876522712040276,0.05,-4.91641494353571,4.6,0.9,-3.73199129645601,1.65255970918991,0.9,0.001,-1.49856069163027,1,0.310196504901246,africa
6,24,-7.05145929423521,15.7755459369997,0.00838268028149562,0.05,-4.91722256577471,4.6,0.9,-3.26941249345618,1.22906397424968,0.9,0.001,-1.79159212709934,1,0.425557726163431,africa
7,24,-7.7452156850273,16.8200019837511,0.00924732506102055,0.05,-4.91147054281976,4.6,0.9,-2.73337837437747,1.05602357575227,0.9,0.001,-1.6108855060756,1,2.02081367572782e-24,africa
8,24,-10.0942946524693,16.0650491300487,0.00917442351764506,0.05,-4.91758553661943,4.6,0.9,-2.45611022757349,0.959467577581124,0.9,0.001,-1.89141481713495,1,8.20444572500426e-08,africa
9,24,-5.73392234388813,16.5655264820503,0.00871915037903024,0.05,-4.89508269235979,4.6,0.9,-2.58511728818151,1.0919536616531,0.9,0.001,-1.8061619999352,1,5.38756137568916e-10,africa
10,24,-8.16700651890885,16.9587697779481,0.00974621630618541,0.05,-4.90380074791682,4.6,0.9,-2.80366793801851,0.987971300107847,0.9,0.001,-1.73430221005412,1,0.000519567510628566,africa
1,25,-8.39489811145474,15.5872357792398,0.00943519728509443,0.05,-4.90598906615873,4.6,0.9,-3.65608870596361,-0.824627390935464,0.9,0.001,0.725396591293273,1,1.74049944670041e-14,africa
2,25,-8.70883759251883,16.535495843251,0.0101760093658332,0.05,-4.90732652983936,4.6,0.9,-3.85251722178633,-0.0483959604988058,0.9,0.001,0.621479978172177,1,1.84830210857593e-21,africa
3,25,-8.91538227750237,15.0232179954335,0.00941052453890522,0.05,-4.90473035900168,4.6,0.9,-4.13527504699785,-0.0901212035196778,0.9,0.001,0.626007000371556,1,2.90335926711206e-06,africa
4,25,-7.84389920298892,15.5108015676483,0.00859110310049365,0.05,-4.92239948863284,4.6,0.9,-3.87596894471509,-0.0722948894009408,0.9,0.001,0.565023772309299,1,1.85242354234155e-09,africa
5,25,-9.13070301227609,16.5186480452039,0.00990265448135554,0.05,-4.91876545817814,4.6,0.9,-3.79524848101828,-0.463594343122822,0.9,0.001,0.664734220749859,1,3.08193902491788e-07,africa
6,25,-6.37181124414209,16.1368454299964,0.00910814464336664,0.05,-4.90069274579077,4.6,0.9,-3.87044613817066,-0.200927008468694,0.9,0.001,0.528221688659623,1,0.00170121065941063,africa
7,25,-7.01592404454682,15.9724858332815,0.00881271894322207,0.05,-4.91189066179578,4.6,0.9,-3.74354179407443,0.102636507378992,0.9,0.001,0.684131346855389,1,1.96974080702156e-19,africa
8,25,-7.1776004877758,15.3175679032224,0.00920999596764977,0.05,-4.91030642930204,4.6,0.9,-3.81523812579888,-0.135861537079803,0.9,0.001,0.736754982943785,1,1.67369839488104e-16,africa
9,25,-9.30171137313055,15.3454273688429,0.0100467542020855,0.05,-4.89787411965944,4.6,0.9,-3.68058992801167,-0.646272699003091,0.9,0.001,0.621607720231942,1,7.4165373159909e-19,africa
10,25,-8.70087369052255,16.4830501549551,0.00950468030925883,0.05,-4.91453838193122,4.6,0.9,-3.71503875475974,-0.313861466495735,0.9,0.001,0.495588105013473,1,4.06139812379121e-16,africa
1,26,-7.7527707552312,17.2099408038632,0.00871035618730051,0.05,-4.92202864057831,4.6,0.9,-4.87214206957614,-1.51622057302638,0.9,0.001,0.876406424620303,1,0.00173780621167521,africa
2,26,-9.47155764828909,17.611415657514,0.00930508076106864,0.05,-4.93142561974894,4.6,0.9,-4.88770384694005,-1.40210812006505,0.9,0.001,0.813825799139606,1,2.54131208830174e-30,africa
3,26,-9.95149795529483,16.8931923079274,0.00956791340206715,0.05,-4.90494164958253,4.6,0.9,-5.01178586128492,-1.03101070144102,0.9,0.001,0.769014576499942,1,1.31681107033804e-40,africa
4,26,-9.8296023328594,16.7794393477884,0.00962292217440769,0.05,-4.89861563943917,4.6,0.9,-5.02542561855282,-1.03955006893596,0.9,0.001,0.768483804133393,1,1.8860542341369e-06,africa
5,26,-8.76652706976975,15.1066817045598,0.00841793722670932,0.05,-4.88517700197487,4.6,0.9,-4.6778008371917,-1.1600534612206,0.9,0.001,0.760942585217916,1,2.35664378863008e-09,africa
6,26,-8.51552679425816,16.9964189000993,0.00887156174078799,0.05,-4.90179657751493,4.6,0.9,-4.62352979563564,-1.17621779222424,0.9,0.001,0.751360879580433,1,8.29571338723623e-14,africa
7,26,-8.56253582856307,15.7033773217001,0.00848232669982693,0.05,-4.9075315415267,4.6,0.9,-4.2446046073081,-1.28288499831769,0.9,0.001,0.689828841827655,1,1.45893734978186e-06,africa
8,26,-10.8848104135049,15.8184695794925,0.00901383967931883,0.05,-4.89282339200862,4.6,0.9,-5.02614282238577,-0.66195598022295,0.9,0.001,0.720342767324579,0.999999942767495,2.55337763600797e-08,africa
9,26,-8.85695812842265,15.8057541627409,0.00919056815676445,0.05,-4.87903973820414,4.6,0.9,-5.67944091799234,-0.644651242054103,0.9,0.001,0.840605761433358,1,1.11646190606769e-10,africa
10,26,-11.2873691558831,16.7133778983832,0.00941624120160739,0.05,-4.89588041749767,4.6,0.9,-5.53455400910521,-0.511831221234811,0.9,0.001,0.769690033445352,1,1.07828553790405e-44,africa
1,27,-8.32470680443737,16.1408774749713,0.00859634177715118,0.05,-4.91545894555874,4.6,0.9,-3.86857953440075,1.40544347814519,0.9,0.001,-1.04278602188264,1,7.69723713180277e-22,africa
2,27,-8.2150675675137,17.8304844797047,0.00944152960681083,0.05,-4.9198434103423,4.6,0.9,-4.01932466136132,1.21201484150466,0.9,0.001,-0.944799016678561,1,0.000135465004483266,africa
3,27,-9.99463761642196,15.1657291054914,0.00894609882904076,0.05,-4.92378410119904,4.6,0.9,-4.31874219613396,0.856667480273776,0.9,0.001,-0.591036808110134,1,1.78435017417726e-13,africa
4,27,-10.9518962324708,15.6765563421815,0.0100861185120883,0.05,-4.89038510652004,4.6,0.9,-4.20912218853387,0.801796368797059,0.9,0.001,-0.46216035442039,1,7.99049087725648e-06,africa
5,27,-12.9388261461547,15.0799759208747,0.00969883384418032,0.05,-4.90581237296033,4.6,0.9,-4.22177596837359,0.754555401640604,0.9,0.001,-0.333266777928495,1,8.19346032955475e-06,africa
6,27,-11.4981005734263,16.529289025946,0.0100262211103834,0.05,-4.92432864396303,4.6,0.9,-4.49600468771746,0.518299543265715,0.9,0.001,-0.27990033923265,1,3.1872678715131e-18,africa
7,27,-11.2635303502977,16.4222687439723,0.00936040258226961,0.05,-4.92221278300979,4.6,0.9,-4.61182225972663,1.54695294110531,0.9,0.001,-0.605710457544765,1,3.72789054433189e-22,africa
8,27,-10.8744020096188,15.8540825513005,0.00907779946617643,0.05,-4.91139654490592,4.6,0.9,-4.43247206586874,1.30076911613071,0.9,0.001,-0.553304430676749,1,2.09578780941415e-12,africa
9,27,-10.5067106095259,16.121412197122,0.00904678969022658,0.05,-4.93408847340945,4.6,0.9,-4.21638738852332,0.578432724774576,0.9,0.001,-0.17227946399569,1,4.21701714767109e-34,africa
10,27,-10.265352904158,15.1577298821439,0.00912423171384923,0.05,-4.89786480263673,4.6,0.9,-3.51469998418364,0.329571480143775,0.9,0.001,-0.371172216677046,1,0.037939155990732,africa
1,28,-9.03315405563416,17.2927692679676,0.00986406765552058,0.05,-4.90892125828996,4.6,0.9,-2.96533349414155,-0.118114155560576,0.9,0.001,-0.342173467423865,1,9.03538978251254e-23,africa
2,28,-7.67854139949041,15.9168820597551,0.00943117410850671,0.05,-4.91593327488004,4.6,0.9,-3.73829608648922,0.522027690804933,0.9,0.001,-0.523855921549227,1,1.66733982102532e-05,africa
3,28,-10.0794390406208,14.9979522601573,0.0096193093547412,0.05,-4.89387800373119,4.6,0.9,-3.54930028991904,-0.0585429656030136,0.9,0.001,-0.0960289063437969,1,9.81684671946415e-09,africa
4,28,-11.9523627291931,15.5953149954263,0.0094941660102024,0.05,-4.91893709473862,4.6,0.9,-3.22276835685062,-0.275887383054017,0.9,0.001,-0.45508883069659,1,3.58861357391282e-18,africa
5,28,-8.48284770514066,17.1738759008451,0.00949480493712877,0.05,-4.92250374238969,4.6,0.9,-3.69729321484139,0.379746663675431,0.9,0.001,-0.0534723890076271,1,0.00145986028705036,africa
6,28,-9.39530802975091,17.4831449454596,0.00946157918767923,0.05,-4.93544316885977,4.6,0.9,-3.55703424289172,0.225777473124146,0.9,0.001,-0.180900849815402,1,1.12171183327329e-16,africa
7,28,-7.36286448305398,15.7881092025323,0.00887710216459296,0.05,-4.91811506930804,4.6,0.9,-4.0168696570566,0.547201024329047,0.9,0.001,-0.198496078889302,1,4.25453377855941e-31,africa
8,28,-6.49383608489766,16.5571216107647,0.00952472038378022,0.05,-4.89744616752733,4.6,0.9,-3.32709002206545,0.144004743305284,0.9,0.001,-0.3528105270079,1,2.47715184839233e-16,africa
9,28,-6.21262707537737,16.8322383619355,0.00938470478332322,0.05,-4.90329138674206,4.6,0.9,-4.1154846610906,0.873317456979424,0.9,0.001,-0.175906671656993,1,4.54946996692527e-07,africa
10,28,-6.74692659889953,16.0543550989026,0.00862517136974955,0.05,-4.91230797303862,4.6,0.9,-3.73713688376738,1.10844902846794,0.9,0.001,-0.872462526887333,1,7.97786702005494e-05,africa
1,29,-9.81773814287554,16.7459621762792,0.008901224584512,0.05,-4.91346701531293,4.6,0.9,-4.28373539369128,-0.0654119835413624,0.9,0.001,-1.47321983547454,1,129307728077830,africa
2,29,-10.8108015450214,16.0187850100781,0.00899507300990179,0.05,-4.90054500562927,4.6,0.9,-3.45462284441633,0.414629857245417,0.9,0.001,-1.39867003201576,1,113239.74392137,africa
3,29,-9.66471366617434,16.1912503575593,0.00869485872699313,0.05,-4.89222301362385,4.6,0.9,-3.72465228148193,-0.636235584473768,0.9,0.001,-1.12513185039005,1,145660141.792353,africa
4,29,-13.198482931724,15.2950911615465,0.00876508968555888,0.05,-4.89775409985926,4.6,0.9,-3.75495657955293,-0.570948555234901,0.9,0.001,-1.51571154348812,1,32357249180014.1,africa
5,29,-8.00928787533204,17.5832133787362,0.00819193716754597,0.05,-4.89834890082815,4.6,0.9,-3.42586268654958,-0.238532025010112,0.9,0.001,-1.67070777052124,1,8910.21878276581,africa
6,29,-8.55871380018678,17.1868436212812,0.00883505425446376,0.05,-4.90887952048552,4.6,0.9,-4.06458447150204,0.349470072312782,0.9,0.001,-1.22888681002042,1,1806.17292453864,africa
7,29,-13.9255455467482,16.1100811801024,0.0092808191969155,0.05,-4.91680491858615,4.6,0.9,-4.18000414692251,-0.25905360203087,0.9,0.001,-1.16048066643263,1,160467403003375,africa
8,29,-16.0307562471208,15.0233658822686,0.00929913867901941,0.05,-4.91317550983506,4.6,0.9,-3.64677078469625,-0.0989032469116609,0.9,0.001,-1.62153245403793,1,1.00153619721947e+22,africa
9,29,-10.8324428221835,16.7219472927157,0.00911395767784536,0.05,-4.92014290345576,4.6,0.9,-4.10907467268881,-0.0264846194847705,0.9,0.001,-1.73493154359717,1,37.1657044036878,africa
10,29,-14.1132985815434,15.1995131008115,0.00921557333179829,0.05,-4.90909465636873,4.6,0.9,-4.35438838017707,0.119956832993773,0.9,0.001,-1.00938319577879,1,354.749932088755,africa
1,30,-6.98579028081796,15.6160071318505,0.00882816849528616,0.05,-4.9316489994739,4.6,0.9,-4.4233885976015,0.900067814500292,0.9,0.001,-1.08173151565108,1,2.42969537797225e+18,africa
2,30,-5.75064045135165,15.7864681576567,0.00918580804378982,0.05,-4.908140589659,4.6,0.9,-3.56677885873537,-0.212090549862836,0.9,0.001,-0.991018711991305,1,281.984754408646,africa
3,30,-7.29909336138015,16.616761567251,0.00945565605224555,0.05,-4.91134713488881,4.6,0.9,-3.86442380303043,0.110251465429754,0.9,0.001,-1.05007493556289,1,492311048487182,africa
4,30,-9.10729878928307,15.8007008110427,0.00960855879512272,0.05,-4.90924965511364,4.6,0.9,-4.46441856706385,0.414383111397723,0.9,0.001,-0.920645683974801,1,2.21249325478368e+17,africa
5,30,-9.63766417363098,15.8622613915876,0.0092976941870326,0.05,-4.92408125479564,4.6,0.9,-3.30361701936284,0.00177544474131096,0.9,0.001,-1.03863577979175,1,837.696074022175,africa
6,30,-7.93881281616,16.4771677967035,0.00936073146700296,0.05,-4.92811291062688,4.6,0.9,-3.9516973092945,-0.55531781494587,0.9,0.001,-1.3978769558694,1,247254462651672,africa
7,30,-5.78645696986541,16.6573520932489,0.00866333025713905,0.05,-4.89443120315716,4.6,0.9,-3.00533682129909,1.34524153907143,0.9,0.001,-1.27487184336068,1,1.08867017780711e-14,africa
8,30,-7.73117920634813,15.7255956050596,0.00988290396307973,0.05,-4.89365370943119,4.6,0.9,-3.8536476920566,1.32320261129063,0.9,0.001,-0.853251894190631,1,5.27038899735171e-09,africa
9,30,-8.47413668242166,16.0987443707947,0.00958012786873993,0.05,-4.91071759877559,4.6,0.9,-2.84281525649721,0.340600758173502,0.9,0.001,-0.880404033021167,1,4.92085108135171e-12,africa
10,30,-10.109763304112,15.3223455419818,0.00977161309931071,0.05,-4.90656107352808,4.6,0.9,-3.46155896190245,0.980162900792147,0.9,0.001,-0.762717855552114,1,2.07243140276739e-19,africa
1,31,-7.5375882666885,15.8182067777407,0.00883501362429139,0.05,-4.91636037556318,4.6,0.9,-4.47266499123533,0.0559342038995196,0.9,0.001,0.19546988950016,1,7.34965962929181e-13,africa
2,31,-8.98030760281666,16.132487409898,0.00911828900121054,0.05,-4.91448830748336,4.6,0.9,-4.49688206148386,0.0713552462358861,0.9,0.001,0.214232276163357,1,1.82093522807577e-19,africa
3,31,-5.90295449353085,16.8076631718797,0.00861064719646647,0.05,-4.90581860982226,4.6,0.9,-4.31171614059401,0.329396806018423,0.9,0.001,0.0363322011647315,1,1.57461900394817e-20,africa
4,31,-6.73031235086824,15.7479586130975,0.0089460945779837,0.05,-4.89409106307765,4.6,0.9,-3.69818537317029,-0.407063428530351,0.9,0.001,-0.00928780933520859,1,1.57929363966112e-15,africa
5,31,-6.38407452115358,17.129557110893,0.00913712522991615,0.05,-4.90718637976325,4.6,0.9,-3.66075498497344,-0.613347283582506,0.9,0.001,0.112504603767901,1,9.72757738196613e-31,africa
6,31,-5.01012360284385,16.2533886663801,0.00866116081362736,0.05,-4.89082368461475,4.6,0.9,-3.86404288906578,0.036670066785925,0.9,0.001,-0.0285501250785614,1,1.80478043957902e-45,africa
7,31,-6.98315802563427,16.1914464183653,0.00872213630674433,0.05,-4.90849518988443,4.6,0.9,-3.8120242140478,0.182070240191278,0.9,0.001,-0.194269480290408,1,6.1940532028386e-21,africa
8,31,-8.90335614404528,14.933133836955,0.00886897639889392,0.05,-4.90490379424695,4.6,0.9,-3.97128752229902,-0.109963157589289,0.9,0.001,0.00134434283377943,1,1.56187479045849e-17,africa
9,31,-7.47489368290735,15.6260293849979,0.00839080001829341,0.05,-4.91976784418089,4.6,0.9,-3.97407231356872,-0.188601813252204,0.9,0.001,0.126801753181743,1,1.32534015695357e-07,africa
10,31,-7.39087355604068,15.5700715845302,0.00874755444855715,0.05,-4.90516771753002,4.6,0.9,-4.18918431545571,-0.305834975186344,0.9,0.001,0.183725397177425,1,1.47886035675363e-11,africa
1,32,-9.03712021228166,17.2108198503605,0.00863959645395728,0.05,-4.92190130986191,4.6,0.9,-4.61633705957003,-0.388041833677443,0.9,0.001,0.583193746701584,1,6.41624877993467e+21,africa
2,32,-14.0684249613321,17.1676830904508,0.0093663314074793,0.05,-4.89805518075013,4.6,0.9,-4.102063948522,-0.443228063061383,0.9,0.001,0.679770477831635,1,1.53249288351072e-07,africa
3,32,-10.5550651907815,16.1309795179829,0.0086581579400254,0.05,-4.92390707127727,4.6,0.9,-4.40538576202812,0.428409765713066,0.9,0.001,0.933909639159544,1,4.03040778944848e-05,africa
4,32,-11.2281631587684,15.8079309511239,0.00822011399141559,0.05,-4.90735884538254,4.6,0.9,-4.38583104020125,-0.0757138353146665,0.9,0.001,0.857669262726747,1,1.00355005364194e-23,africa
5,32,-12.313772894585,15.9284590897072,0.0084678368550712,0.05,-4.91134003080946,4.6,0.9,-4.81805596108277,0.586969470321073,0.9,0.001,0.840964760661433,1,4.77162249728062e-14,africa
6,32,-11.7344403409523,16.2703694124714,0.00923238951559328,0.05,-4.90046565865161,4.6,0.9,-4.2923039594293,-0.242749364702163,0.9,0.001,0.896966779982385,1,0.00940179905977721,africa
7,32,-11.366299607903,15.6608726916063,0.00761610490587777,0.05,-4.90792433122013,4.6,0.9,-3.94145349019651,0.303084977113971,0.9,0.001,0.482273994161602,1,0.00238365613331507,africa
8,32,-12.3527665346277,16.6020210806948,0.00939730933701741,0.05,-4.92668173254514,4.6,0.9,-3.7504084304415,-0.177988473510082,0.9,0.001,0.732252909921113,1,9.12159023132744,africa
9,32,-12.9870159531796,17.3970244834574,0.00889669259688843,0.05,-4.92208368981526,4.6,0.9,-4.61437426751717,0.691814777484294,0.9,0.001,0.553458678485724,1,1.36650751190723e-18,africa
10,32,-12.2190025085724,17.0835198554562,0.00878081322271624,0.05,-4.90706810610592,4.6,0.9,-4.32779803372675,0.297887847328888,0.9,0.001,0.67438448634222,1,5.69942297689822e-19,africa
1,33,-5.09818143981084,16.5448435199388,0.00901166603322511,0.05,-4.89840063982623,4.6,0.9,-3.49237170667058,-0.276906514127104,0.9,0.001,0.0250294969576213,1,0.00626969924607345,africa
2,33,-8.00972573178549,15.813910722853,0.00927666307511089,0.05,-4.90458109093284,4.6,0.9,-3.99828958235599,-0.287806100168019,0.9,0.001,0.202946454189291,1,7.08162350583233e-07,africa
3,33,-6.17865548235991,17.6315862095465,0.0087452286663138,0.05,-4.92567649566481,4.6,0.9,-3.89233239518643,0.234755551819951,0.9,0.001,-0.161610447565899,1,0.0142943812664284,africa
4,33,-6.67591352651735,16.2830808055291,0.00887078102852514,0.05,-4.90334143003557,4.6,0.9,-3.87409631196367,0.0397295373087417,0.9,0.001,0.0267097087574816,1,6.5398842205642e-16,africa
5,33,-4.55437389112252,16.7074666060048,0.00836846780157245,0.05,-4.91884327511529,4.6,0.9,-3.47226948245865,-0.540188737502126,0.9,0.001,0.333017277962493,1,5.56347059977966e-10,africa
6,33,-6.89241157836946,16.1635241730666,0.00894714501333724,0.05,-4.90111774976047,4.6,0.9,-4.28375055318096,0.050177573750009,0.9,0.001,0.275997569182631,1,5.55583172613529e-13,africa
7,33,-5.03171344631376,17.2895509719782,0.00913947872258035,0.05,-4.89902105462415,4.6,0.9,-4.43210711247977,0.637937673328678,0.9,0.001,-0.0296061468169735,1,5.35327944632578e-43,africa
8,33,-4.33882201068156,16.6847975969938,0.00884429981828897,0.05,-4.88822431215862,4.6,0.9,-4.36755022293951,0.5740623969689,0.9,0.001,-0.00754870415551358,1,3.02169055281304e-12,africa
9,33,-3.68735798643537,18.2582526535025,0.00891967518265121,0.05,-4.90199426529223,4.6,0.9,-4.34162542453364,0.963438043866819,0.9,0.001,-0.300686836844677,1,5.22856642619016e-11,africa
10,33,-3.30128094009406,16.7616530452368,0.00823314341067619,0.05,-4.90567977662309,4.6,0.9,-4.45989234996446,0.665989106870926,0.9,0.001,0.104084791849999,1,1.39798695765872e-48,africa
1,34,-8.7024672096766,14.513894031984,0.00930985757536822,0.05,-4.91878769117938,4.6,0.9,-4.13932530050767,0.76575883584069,0.9,0.001,-0.0304459035529525,0.0335464908374831,7094.04070805184,africa
2,34,-8.80936702395405,15.6086362957364,0.00992820907061177,0.05,-4.93680402157465,4.6,0.9,-3.96208197624029,0.987654091253578,0.9,0.001,-0.0331147441750344,0.0335464908374831,7.35323455206815e-05,africa
3,34,-11.1862898200625,14.5683796712954,0.00976804524192412,0.05,-4.93258013325399,4.6,0.9,-3.8122010346311,0.769582734577902,0.9,0.001,-0.0385502960438061,0.0335464908374831,3.4723182209398,africa
4,34,-8.36793689283964,14.6204968803451,0.00947385247616197,0.05,-4.92107562466409,4.6,0.9,-3.8107319554378,0.513795888351199,0.9,0.001,0.0393139257144118,0.0335464908374831,69893660003.3558,africa
5,34,-11.0728309850598,14.0772999594115,0.00946222057136607,0.05,-4.90239414545422,4.6,0.9,-3.70730476804838,0.626886182079208,0.9,0.001,-0.564386285957963,0.0335464908374831,86.3206563118557,africa
6,34,-7.36184483968845,14.3050126904286,0.00864844977186338,0.05,-4.93060094761277,4.6,0.9,-3.28273247203168,0.510417612873912,0.9,0.001,-0.468037568257928,0.0335464908374831,2.27037416905662e-10,africa
7,34,-6.64282182081261,15.3022832288614,0.00893978690798768,0.05,-4.93973145784512,4.6,0.9,-3.21478789485124,0.216149432162639,0.9,0.001,-0.361077860368635,0.0335464908374831,37.994281084735,africa
8,34,-7.61837103078788,14.540622664544,0.0090569832095437,0.05,-4.92513179722809,4.6,0.9,-3.42130549246855,0.797657455395648,0.9,0.001,-0.597759894651744,0.0335464908374831,240402414.034494,africa
9,34,-9.44003054628643,15.4498406332221,0.00956945472311752,0.05,-4.92866042099523,4.6,0.9,-3.32788975955283,0.533038093619074,0.9,0.001,-0.447162703488589,0.0335464908374831,7.71326605770204e-10,africa
10,34,-6.66895760336794,15.5945908214189,0.00956569002149555,0.05,-4.9100996081751,4.6,0.9,-3.49097161581139,0.68821644562203,0.9,0.001,-0.767725750527791,0.0335464908374831,64.8191809726437,africa
