rep,id,eta_initT,eta_aS,eta_dS,eta_tau,eta_lBt0,eta_lp,eta_dI,eta_lk,eta_f,eta_dp,eta_lw,eta_dE,eta_lI50,data
1,35,-0.506103,0.000000,0.044953,0.000000,0.070271,0.000000,0.000000,0.000000,0.000000,0.000000,-0.167942,0.000000,-0.037328,thai
2,35,-1.144519,0.000000,0.109407,0.000000,0.066012,0.000000,0.000000,0.000000,0.000000,0.000000,-0.267037,0.000000,0.020400,thai
3,35,-0.258022,0.000000,-0.039466,0.000000,0.027108,0.000000,0.000000,0.000000,0.000000,0.000000,-0.225075,0.000000,-0.007219,thai
4,35,-1.055169,0.000000,-0.024664,0.000000,0.048594,0.000000,0.000000,0.000000,0.000000,0.000000,-0.209078,0.000000,-0.002882,thai
5,35,-1.064340,0.000000,0.024346,0.000000,0.087759,0.000000,0.000000,0.000000,0.000000,0.000000,-0.199296,0.000000,0.016754,thai
6,35,-0.420338,0.000000,-0.069266,0.000000,0.078370,0.000000,0.000000,0.000000,0.000000,0.000000,-0.136332,0.000000,-0.028398,thai
7,35,-0.536495,0.000000,0.015370,0.000000,0.034396,0.000000,0.000000,0.000000,0.000000,0.000000,-0.350456,0.000000,0.054082,thai
8,35,-0.590727,0.000000,-0.133867,0.000000,0.027792,0.000000,0.000000,0.000000,0.000000,0.000000,-0.097079,0.000000,-0.059639,thai
9,35,-0.466111,0.000000,-0.032086,0.000000,0.046923,0.000000,0.000000,0.000000,0.000000,0.000000,-0.171300,0.000000,-0.022748,thai
10,35,-0.497327,0.000000,-0.007513,0.000000,0.052530,0.000000,0.000000,0.000000,0.000000,0.000000,-0.077298,0.000000,-0.096724,thai
1,36,1.221214,0.000000,0.155049,0.000000,-0.046321,0.000000,0.000000,0.000000,0.000000,0.000000,0.109350,0.000000,0.090524,thai
2,36,-0.001078,0.000000,0.039434,0.000000,-0.090834,0.000000,0.000000,0.000000,0.000000,0.000000,0.185043,0.000000,0.042691,thai
3,36,0.276197,0.000000,0.035360,0.000000,-0.075484,0.000000,0.000000,0.000000,0.000000,0.000000,0.093436,0.000000,0.067596,thai
4,36,0.177698,0.000000,0.033733,0.000000,-0.039794,0.000000,0.000000,0.000000,0.000000,0.000000,0.163237,0.000000,-0.006239,thai
5,36,-0.407533,0.000000,0.126004,0.000000,-0.055162,0.000000,0.000000,0.000000,0.000000,0.000000,0.191878,0.000000,-0.038964,thai
6,36,0.639825,0.000000,0.034885,0.000000,-0.103394,0.000000,0.000000,0.000000,0.000000,0.000000,0.156171,0.000000,0.009841,thai
7,36,0.105988,0.000000,0.128079,0.000000,-0.085481,0.000000,0.000000,0.000000,0.000000,0.000000,0.078990,0.000000,0.111236,thai
8,36,-0.083624,0.000000,-0.010662,0.000000,-0.105187,0.000000,0.000000,0.000000,0.000000,0.000000,0.102267,0.000000,0.059473,thai
9,36,0.973813,0.000000,0.050218,0.000000,0.006744,0.000000,0.000000,0.000000,0.000000,0.000000,0.089080,0.000000,0.118281,thai
10,36,0.481301,0.000000,0.116794,0.000000,-0.034692,0.000000,0.000000,0.000000,0.000000,0.000000,0.136829,0.000000,0.073251,thai
1,37,-0.157147,0.000000,-0.054824,0.000000,0.016952,0.000000,0.000000,0.000000,0.000000,0.000000,-0.159954,0.000000,-0.043399,thai
2,37,-0.134469,0.000000,0.026561,0.000000,-0.008871,0.000000,0.000000,0.000000,0.000000,0.000000,-0.202236,0.000000,-0.098890,thai
3,37,-0.083081,0.000000,-0.091870,0.000000,-0.023041,0.000000,0.000000,0.000000,0.000000,0.000000,-0.305015,0.000000,0.015602,thai
4,37,-0.472033,0.000000,-0.030854,0.000000,-0.029568,0.000000,0.000000,0.000000,0.000000,0.000000,-0.398854,0.000000,-0.033096,thai
5,37,0.360992,0.000000,0.025656,0.000000,0.024404,0.000000,0.000000,0.000000,0.000000,0.000000,-0.386907,0.000000,0.042933,thai
6,37,0.335791,0.000000,-0.013887,0.000000,-0.023675,0.000000,0.000000,0.000000,0.000000,0.000000,-0.233666,0.000000,-0.019893,thai
7,37,0.317904,0.000000,0.005185,0.000000,0.009762,0.000000,0.000000,0.000000,0.000000,0.000000,-0.268080,0.000000,-0.099271,thai
8,37,0.999508,0.000000,0.016962,0.000000,0.076587,0.000000,0.000000,0.000000,0.000000,0.000000,-0.240329,0.000000,0.053317,thai
9,37,0.324445,0.000000,-0.038084,0.000000,-0.027664,0.000000,0.000000,0.000000,0.000000,0.000000,-0.204224,0.000000,-0.079335,thai
10,37,0.242088,0.000000,0.069896,0.000000,0.014701,0.000000,0.000000,0.000000,0.000000,0.000000,-0.125387,0.000000,-0.047266,thai
1,38,0.183589,0.000000,0.099027,0.000000,0.063982,0.000000,0.000000,0.000000,0.000000,0.000000,0.020090,0.000000,0.040435,thai
2,38,-0.867589,0.000000,-0.087789,0.000000,-0.031135,0.000000,0.000000,0.000000,0.000000,0.000000,-0.029847,0.000000,-0.018007,thai
3,38,-0.214290,0.000000,0.032166,0.000000,0.030080,0.000000,0.000000,0.000000,0.000000,0.000000,0.150572,0.000000,-0.007783,thai
4,38,-0.357542,0.000000,-0.090246,0.000000,-0.042346,0.000000,0.000000,0.000000,0.000000,0.000000,0.095503,0.000000,-0.007474,thai
5,38,-0.151943,0.000000,-0.024128,0.000000,0.042301,0.000000,0.000000,0.000000,0.000000,0.000000,-0.020932,0.000000,0.017883,thai
6,38,0.012610,0.000000,0.025710,0.000000,0.059273,0.000000,0.000000,0.000000,0.000000,0.000000,0.035652,0.000000,-0.007718,thai
7,38,-0.622699,0.000000,-0.076594,0.000000,-0.051706,0.000000,0.000000,0.000000,0.000000,0.000000,-0.037131,0.000000,-0.024456,thai
8,38,-0.733953,0.000000,0.139058,0.000000,0.064339,0.000000,0.000000,0.000000,0.000000,0.000000,0.014925,0.000000,-0.058548,thai
9,38,0.010734,0.000000,-0.037045,0.000000,0.065019,0.000000,0.000000,0.000000,0.000000,0.000000,0.001994,0.000000,-0.002955,thai
10,38,-0.095510,0.000000,-0.042449,0.000000,0.004108,0.000000,0.000000,0.000000,0.000000,0.000000,-0.180090,0.000000,-0.000072,thai
1,39,0.732790,0.000000,0.012050,0.000000,-0.092821,0.000000,0.000000,0.000000,0.000000,0.000000,-0.034824,0.000000,0.052147,thai
2,39,-0.315869,0.000000,0.079074,0.000000,-0.029988,0.000000,0.000000,0.000000,0.000000,0.000000,-0.180381,0.000000,0.057222,thai
3,39,-0.928370,0.000000,0.222765,0.000000,-0.030387,0.000000,0.000000,0.000000,0.000000,0.000000,-0.142302,0.000000,0.039432,thai
4,39,-0.243173,0.000000,0.189602,0.000000,-0.002300,0.000000,0.000000,0.000000,0.000000,0.000000,-0.119862,0.000000,-0.023982,thai
5,39,0.377150,0.000000,0.013295,0.000000,-0.093984,0.000000,0.000000,0.000000,0.000000,0.000000,0.055814,0.000000,0.018803,thai
6,39,-0.368763,0.000000,0.014954,0.000000,-0.065447,0.000000,0.000000,0.000000,0.000000,0.000000,-0.035949,0.000000,-0.055887,thai
7,39,-0.681501,0.000000,0.073726,0.000000,-0.080026,0.000000,0.000000,0.000000,0.000000,0.000000,0.046412,0.000000,-0.013944,thai
8,39,0.481774,0.000000,-0.010593,0.000000,-0.084062,0.000000,0.000000,0.000000,0.000000,0.000000,-0.047317,0.000000,-0.056007,thai
9,39,-0.842183,0.000000,0.092141,0.000000,-0.070448,0.000000,0.000000,0.000000,0.000000,0.000000,0.023071,0.000000,-0.034003,thai
10,39,0.005491,0.000000,0.049477,0.000000,-0.024583,0.000000,0.000000,0.000000,0.000000,0.000000,-0.170207,0.000000,0.036746,thai
1,40,-0.548099,0.000000,-0.042123,0.000000,-0.024706,0.000000,0.000000,0.000000,0.000000,0.000000,-0.205421,0.000000,-0.016446,thai
2,40,-0.893907,0.000000,-0.157176,0.000000,-0.033719,0.000000,0.000000,0.000000,0.000000,0.000000,-0.295199,0.000000,0.019871,thai
3,40,-0.764358,0.000000,-0.050484,0.000000,-0.025506,0.000000,0.000000,0.000000,0.000000,0.000000,-0.307118,0.000000,0.075223,thai
4,40,-0.854028,0.000000,-0.105165,0.000000,-0.005964,0.000000,0.000000,0.000000,0.000000,0.000000,-0.146548,0.000000,-0.106024,thai
5,40,-0.798142,0.000000,-0.017228,0.000000,0.012620,0.000000,0.000000,0.000000,0.000000,0.000000,-0.157974,0.000000,0.001812,thai
6,40,-0.632908,0.000000,0.013722,0.000000,0.058564,0.000000,0.000000,0.000000,0.000000,0.000000,-0.120928,0.000000,-0.086377,thai
7,40,-0.222745,0.000000,-0.004391,0.000000,0.046357,0.000000,0.000000,0.000000,0.000000,0.000000,-0.221336,0.000000,-0.014244,thai
8,40,0.018136,0.000000,0.006863,0.000000,0.107150,0.000000,0.000000,0.000000,0.000000,0.000000,-0.267751,0.000000,0.016454,thai
9,40,-0.587353,0.000000,-0.073327,0.000000,0.005689,0.000000,0.000000,0.000000,0.000000,0.000000,-0.171048,0.000000,-0.050232,thai
10,40,-0.250653,0.000000,0.051661,0.000000,0.109299,0.000000,0.000000,0.000000,0.000000,0.000000,-0.218657,0.000000,0.021970,thai
1,41,0.425204,0.000000,-0.169627,0.000000,-0.071018,0.000000,0.000000,0.000000,0.000000,0.000000,-0.106269,0.000000,0.023464,thai
2,41,-0.285535,0.000000,-0.080623,0.000000,-0.013119,0.000000,0.000000,0.000000,0.000000,0.000000,-0.151419,0.000000,0.054195,thai
3,41,0.107323,0.000000,-0.044959,0.000000,-0.011521,0.000000,0.000000,0.000000,0.000000,0.000000,-0.027598,0.000000,-0.038845,thai
4,41,0.011468,0.000000,-0.046094,0.000000,0.002383,0.000000,0.000000,0.000000,0.000000,0.000000,-0.042043,0.000000,0.052204,thai
5,41,0.657275,0.000000,-0.013111,0.000000,-0.005493,0.000000,0.000000,0.000000,0.000000,0.000000,-0.083058,0.000000,-0.011219,thai
6,41,0.250993,0.000000,0.021504,0.000000,0.008710,0.000000,0.000000,0.000000,0.000000,0.000000,-0.089072,0.000000,0.073030,thai
7,41,-0.413098,0.000000,-0.065922,0.000000,-0.065947,0.000000,0.000000,0.000000,0.000000,0.000000,-0.117019,0.000000,-0.031108,thai
8,41,0.215563,0.000000,0.036220,0.000000,0.009848,0.000000,0.000000,0.000000,0.000000,0.000000,0.004872,0.000000,0.001135,thai
9,41,-0.222110,0.000000,-0.065890,0.000000,0.007125,0.000000,0.000000,0.000000,0.000000,0.000000,0.020296,0.000000,-0.012181,thai
10,41,0.168231,0.000000,-0.051373,0.000000,-0.028583,0.000000,0.000000,0.000000,0.000000,0.000000,-0.069332,0.000000,-0.027340,thai
1,42,-0.147871,0.000000,0.009652,0.000000,-0.016399,0.000000,0.000000,0.000000,0.000000,0.000000,-0.093730,0.000000,0.021651,thai
2,42,0.400166,0.000000,0.020109,0.000000,-0.007132,0.000000,0.000000,0.000000,0.000000,0.000000,-0.237227,0.000000,0.018174,thai
3,42,0.505277,0.000000,0.093082,0.000000,0.035762,0.000000,0.000000,0.000000,0.000000,0.000000,-0.083949,0.000000,-0.063445,thai
4,42,0.818551,0.000000,0.022634,0.000000,0.054963,0.000000,0.000000,0.000000,0.000000,0.000000,-0.061893,0.000000,-0.047495,thai
5,42,0.342823,0.000000,0.045974,0.000000,0.001966,0.000000,0.000000,0.000000,0.000000,0.000000,-0.157551,0.000000,0.030799,thai
6,42,0.004007,0.000000,-0.019410,0.000000,-0.012845,0.000000,0.000000,0.000000,0.000000,0.000000,-0.076076,0.000000,-0.031922,thai
7,42,-0.454251,0.000000,0.115573,0.000000,0.023900,0.000000,0.000000,0.000000,0.000000,0.000000,-0.016719,0.000000,-0.111829,thai
8,42,-0.570854,0.000000,0.011833,0.000000,0.003267,0.000000,0.000000,0.000000,0.000000,0.000000,-0.073837,0.000000,-0.059268,thai
9,42,-0.546996,0.000000,0.064317,0.000000,-0.019696,0.000000,0.000000,0.000000,0.000000,0.000000,-0.058306,0.000000,-0.023401,thai
10,42,-0.719516,0.000000,0.021225,0.000000,-0.041258,0.000000,0.000000,0.000000,0.000000,0.000000,-0.125444,0.000000,-0.011245,thai
1,43,0.423373,0.000000,0.118131,0.000000,-0.021183,0.000000,0.000000,0.000000,0.000000,0.000000,-0.429899,0.000000,-0.022666,thai
2,43,0.161947,0.000000,0.052941,0.000000,-0.040719,0.000000,0.000000,0.000000,0.000000,0.000000,-0.321660,0.000000,-0.052683,thai
3,43,-0.232134,0.000000,-0.024412,0.000000,-0.061151,0.000000,0.000000,0.000000,0.000000,0.000000,-0.184677,0.000000,-0.054606,thai
4,43,-0.092046,0.000000,0.028977,0.000000,-0.047074,0.000000,0.000000,0.000000,0.000000,0.000000,-0.213205,0.000000,0.014844,thai
5,43,0.079350,0.000000,0.058099,0.000000,0.007791,0.000000,0.000000,0.000000,0.000000,0.000000,-0.236518,0.000000,-0.022803,thai
6,43,-0.236437,0.000000,-0.027260,0.000000,-0.062531,0.000000,0.000000,0.000000,0.000000,0.000000,-0.284866,0.000000,-0.004189,thai
7,43,-0.394599,0.000000,0.045964,0.000000,-0.045888,0.000000,0.000000,0.000000,0.000000,0.000000,-0.250327,0.000000,-0.047484,thai
8,43,-0.298939,0.000000,0.013011,0.000000,-0.026943,0.000000,0.000000,0.000000,0.000000,0.000000,-0.267303,0.000000,0.064609,thai
9,43,0.015087,0.000000,0.034763,0.000000,-0.014967,0.000000,0.000000,0.000000,0.000000,0.000000,-0.363935,0.000000,-0.011244,thai
10,43,0.113750,0.000000,-0.002549,0.000000,-0.036669,0.000000,0.000000,0.000000,0.000000,0.000000,-0.247635,0.000000,-0.009431,thai
1,44,0.421825,0.000000,-0.131403,0.000000,0.035829,0.000000,0.000000,0.000000,0.000000,0.000000,-0.046577,0.000000,0.043063,thai
2,44,0.864092,0.000000,-0.106659,0.000000,0.062164,0.000000,0.000000,0.000000,0.000000,0.000000,-0.016494,0.000000,-0.052581,thai
3,44,0.081493,0.000000,-0.017062,0.000000,0.086928,0.000000,0.000000,0.000000,0.000000,0.000000,-0.043773,0.000000,0.003360,thai
4,44,0.472938,0.000000,-0.096658,0.000000,0.045545,0.000000,0.000000,0.000000,0.000000,0.000000,-0.041044,0.000000,-0.010848,thai
5,44,-0.085341,0.000000,-0.156314,0.000000,-0.007744,0.000000,0.000000,0.000000,0.000000,0.000000,-0.100458,0.000000,0.006104,thai
6,44,-0.185570,0.000000,0.014344,0.000000,0.070113,0.000000,0.000000,0.000000,0.000000,0.000000,-0.076299,0.000000,0.000645,thai
7,44,0.961715,0.000000,-0.016158,0.000000,0.079696,0.000000,0.000000,0.000000,0.000000,0.000000,0.008992,0.000000,0.064814,thai
8,44,0.797788,0.000000,0.008588,0.000000,0.065945,0.000000,0.000000,0.000000,0.000000,0.000000,0.031627,0.000000,0.058052,thai
9,44,0.739421,0.000000,-0.132342,0.000000,0.033469,0.000000,0.000000,0.000000,0.000000,0.000000,-0.043082,0.000000,-0.015979,thai
10,44,0.228739,0.000000,-0.101128,0.000000,0.053347,0.000000,0.000000,0.000000,0.000000,0.000000,-0.082197,0.000000,0.063133,thai
1,45,0.237243,0.000000,-0.017727,0.000000,-0.036693,0.000000,0.000000,0.000000,0.000000,0.000000,0.105664,0.000000,0.063983,thai
2,45,0.181994,0.000000,-0.029693,0.000000,-0.073011,0.000000,0.000000,0.000000,0.000000,0.000000,0.074879,0.000000,0.026879,thai
3,45,-0.585516,0.000000,0.057551,0.000000,-0.071335,0.000000,0.000000,0.000000,0.000000,0.000000,0.055009,0.000000,-0.037697,thai
4,45,0.034156,0.000000,-0.029273,0.000000,-0.067877,0.000000,0.000000,0.000000,0.000000,0.000000,0.041436,0.000000,0.002438,thai
5,45,-0.284904,0.000000,-0.017752,0.000000,-0.066018,0.000000,0.000000,0.000000,0.000000,0.000000,0.191214,0.000000,-0.083278,thai
6,45,-0.138118,0.000000,0.009818,0.000000,-0.060943,0.000000,0.000000,0.000000,0.000000,0.000000,0.063784,0.000000,-0.004148,thai
7,45,-0.377136,0.000000,-0.091715,0.000000,-0.115170,0.000000,0.000000,0.000000,0.000000,0.000000,0.144098,0.000000,-0.011991,thai
8,45,0.342898,0.000000,0.030055,0.000000,-0.014346,0.000000,0.000000,0.000000,0.000000,0.000000,0.085829,0.000000,-0.003485,thai
9,45,-0.116468,0.000000,-0.006021,0.000000,-0.026715,0.000000,0.000000,0.000000,0.000000,0.000000,0.044014,0.000000,0.070283,thai
10,45,-1.211023,0.000000,0.104075,0.000000,-0.060633,0.000000,0.000000,0.000000,0.000000,0.000000,0.126924,0.000000,-0.102336,thai
1,46,0.148731,0.000000,-0.139906,0.000000,-0.004135,0.000000,0.000000,0.000000,0.000000,0.000000,-0.179598,0.000000,-0.029477,thai
2,46,-0.641478,0.000000,-0.045542,0.000000,0.026506,0.000000,0.000000,0.000000,0.000000,0.000000,-0.153487,0.000000,-0.035460,thai
3,46,0.847464,0.000000,-0.156854,0.000000,-0.003151,0.000000,0.000000,0.000000,0.000000,0.000000,-0.065431,0.000000,0.075481,thai
4,46,0.041047,0.000000,0.031844,0.000000,0.084567,0.000000,0.000000,0.000000,0.000000,0.000000,-0.136348,0.000000,0.011815,thai
5,46,0.488509,0.000000,-0.028701,0.000000,0.049556,0.000000,0.000000,0.000000,0.000000,0.000000,-0.200859,0.000000,-0.005811,thai
6,46,-0.599811,0.000000,-0.058378,0.000000,0.037799,0.000000,0.000000,0.000000,0.000000,0.000000,0.019282,0.000000,-0.036934,thai
7,46,0.113003,0.000000,-0.052952,0.000000,0.009947,0.000000,0.000000,0.000000,0.000000,0.000000,-0.283262,0.000000,0.089384,thai
8,46,0.116006,0.000000,0.006964,0.000000,0.074421,0.000000,0.000000,0.000000,0.000000,0.000000,-0.188351,0.000000,0.032807,thai
9,46,-0.265911,0.000000,-0.030196,0.000000,0.046834,0.000000,0.000000,0.000000,0.000000,0.000000,-0.067301,0.000000,-0.010634,thai
10,46,0.141391,0.000000,-0.110547,0.000000,0.009920,0.000000,0.000000,0.000000,0.000000,0.000000,0.034094,0.000000,-0.054128,thai
1,47,1.044392,0.000000,0.032537,0.000000,0.029714,0.000000,0.000000,0.000000,0.000000,0.000000,-0.106032,0.000000,-0.023323,thai
2,47,0.187309,0.000000,0.013252,0.000000,-0.029208,0.000000,0.000000,0.000000,0.000000,0.000000,-0.097637,0.000000,0.015521,thai
3,47,0.092504,0.000000,0.048899,0.000000,0.007071,0.000000,0.000000,0.000000,0.000000,0.000000,-0.135522,0.000000,-0.017175,thai
4,47,0.019489,0.000000,0.043926,0.000000,0.003901,0.000000,0.000000,0.000000,0.000000,0.000000,-0.023649,0.000000,-0.074882,thai
5,47,0.233183,0.000000,0.075311,0.000000,0.002880,0.000000,0.000000,0.000000,0.000000,0.000000,-0.049535,0.000000,-0.020770,thai
6,47,0.685235,0.000000,0.105392,0.000000,-0.008090,0.000000,0.000000,0.000000,0.000000,0.000000,-0.181565,0.000000,0.006474,thai
7,47,-0.385555,0.000000,0.212012,0.000000,0.057126,0.000000,0.000000,0.000000,0.000000,0.000000,-0.217593,0.000000,0.088160,thai
8,47,-0.049810,0.000000,0.102136,0.000000,0.026287,0.000000,0.000000,0.000000,0.000000,0.000000,-0.007016,0.000000,-0.059976,thai
9,47,0.199249,0.000000,0.066048,0.000000,0.006560,0.000000,0.000000,0.000000,0.000000,0.000000,-0.006621,0.000000,0.017886,thai
10,47,0.169301,0.000000,0.126969,0.000000,0.039525,0.000000,0.000000,0.000000,0.000000,0.000000,-0.028531,0.000000,-0.015232,thai
1,48,0.831234,0.000000,-0.094189,0.000000,-0.071624,0.000000,0.000000,0.000000,0.000000,0.000000,-0.203821,0.000000,-0.012636,thai
2,48,-0.273124,0.000000,-0.066061,0.000000,-0.115772,0.000000,0.000000,0.000000,0.000000,0.000000,0.011406,0.000000,-0.090077,thai
3,48,0.842438,0.000000,0.001081,0.000000,-0.039090,0.000000,0.000000,0.000000,0.000000,0.000000,-0.140272,0.000000,0.006757,thai
4,48,-0.411567,0.000000,0.137696,0.000000,-0.038148,0.000000,0.000000,0.000000,0.000000,0.000000,-0.121166,0.000000,-0.059394,thai
5,48,0.554216,0.000000,0.152076,0.000000,0.003764,0.000000,0.000000,0.000000,0.000000,0.000000,-0.145101,0.000000,-0.027120,thai
6,48,-0.029665,0.000000,0.176555,0.000000,0.007945,0.000000,0.000000,0.000000,0.000000,0.000000,-0.194254,0.000000,0.033741,thai
7,48,0.276270,0.000000,0.050527,0.000000,-0.021076,0.000000,0.000000,0.000000,0.000000,0.000000,-0.085891,0.000000,-0.049832,thai
8,48,0.132028,0.000000,0.121079,0.000000,-0.016172,0.000000,0.000000,0.000000,0.000000,0.000000,-0.101786,0.000000,0.055711,thai
9,48,0.574073,0.000000,0.090298,0.000000,-0.016040,0.000000,0.000000,0.000000,0.000000,0.000000,-0.142917,0.000000,0.014743,thai
10,48,0.302746,0.000000,0.158458,0.000000,-0.012172,0.000000,0.000000,0.000000,0.000000,0.000000,-0.222765,0.000000,0.021986,thai
1,49,1.003253,0.000000,-0.031601,0.000000,-0.097851,0.000000,0.000000,0.000000,0.000000,0.000000,0.190747,0.000000,-0.023391,thai
2,49,0.544515,0.000000,0.119331,0.000000,-0.092404,0.000000,0.000000,0.000000,0.000000,0.000000,0.140370,0.000000,0.027022,thai
3,49,0.391886,0.000000,0.031434,0.000000,-0.107137,0.000000,0.000000,0.000000,0.000000,0.000000,-0.001059,0.000000,0.085279,thai
4,49,0.875381,0.000000,0.094175,0.000000,-0.078524,0.000000,0.000000,0.000000,0.000000,0.000000,0.162284,0.000000,-0.054082,thai
5,49,0.649116,0.000000,0.043059,0.000000,-0.087732,0.000000,0.000000,0.000000,0.000000,0.000000,0.053857,0.000000,0.064406,thai
6,49,0.071527,0.000000,0.128841,0.000000,-0.089729,0.000000,0.000000,0.000000,0.000000,0.000000,0.130918,0.000000,-0.058520,thai
7,49,0.462831,0.000000,0.122925,0.000000,-0.068889,0.000000,0.000000,0.000000,0.000000,0.000000,0.064194,0.000000,0.039674,thai
8,49,0.285602,0.000000,0.161262,0.000000,-0.065581,0.000000,0.000000,0.000000,0.000000,0.000000,0.124367,0.000000,-0.012724,thai
9,49,0.572671,0.000000,0.225307,0.000000,-0.016962,0.000000,0.000000,0.000000,0.000000,0.000000,0.072222,0.000000,0.064605,thai
10,49,1.313235,0.000000,0.142418,0.000000,-0.022590,0.000000,0.000000,0.000000,0.000000,0.000000,0.177097,0.000000,0.018870,thai
1,50,0.317655,0.000000,0.068011,0.000000,-0.021902,0.000000,0.000000,0.000000,0.000000,0.000000,-0.222323,0.000000,0.007851,thai
2,50,-0.258669,0.000000,0.123817,0.000000,-0.011618,0.000000,0.000000,0.000000,0.000000,0.000000,-0.241761,0.000000,-0.005875,thai
3,50,0.676703,0.000000,0.045502,0.000000,-0.008143,0.000000,0.000000,0.000000,0.000000,0.000000,-0.193067,0.000000,0.044700,thai
4,50,-0.627337,0.000000,0.023513,0.000000,-0.011597,0.000000,0.000000,0.000000,0.000000,0.000000,-0.206122,0.000000,0.004237,thai
5,50,0.370642,0.000000,-0.052939,0.000000,-0.063518,0.000000,0.000000,0.000000,0.000000,0.000000,-0.216097,0.000000,-0.044944,thai
6,50,-0.165083,0.000000,-0.025238,0.000000,-0.088333,0.000000,0.000000,0.000000,0.000000,0.000000,-0.253862,0.000000,0.027215,thai
7,50,-0.807532,0.000000,0.081306,0.000000,-0.024969,0.000000,0.000000,0.000000,0.000000,0.000000,-0.269447,0.000000,0.008949,thai
8,50,-0.608224,0.000000,0.045858,0.000000,-0.038814,0.000000,0.000000,0.000000,0.000000,0.000000,-0.146830,0.000000,-0.040621,thai
9,50,0.120919,0.000000,0.023580,0.000000,-0.046432,0.000000,0.000000,0.000000,0.000000,0.000000,-0.124136,0.000000,-0.085350,thai
10,50,0.104301,0.000000,0.075749,0.000000,0.042596,0.000000,0.000000,0.000000,0.000000,0.000000,-0.120801,0.000000,-0.006038,thai
1,51,-0.643067,0.000000,-0.020801,0.000000,-0.035228,0.000000,0.000000,0.000000,0.000000,0.000000,0.061188,0.000000,0.017210,thai
2,51,-0.828940,0.000000,0.048283,0.000000,-0.001756,0.000000,0.000000,0.000000,0.000000,0.000000,0.098714,0.000000,-0.008617,thai
3,51,-0.039978,0.000000,-0.021863,0.000000,-0.015425,0.000000,0.000000,0.000000,0.000000,0.000000,-0.108208,0.000000,0.074368,thai
4,51,-0.494573,0.000000,0.055605,0.000000,0.002158,0.000000,0.000000,0.000000,0.000000,0.000000,0.091319,0.000000,-0.008521,thai
5,51,-0.064682,0.000000,0.045000,0.000000,-0.020229,0.000000,0.000000,0.000000,0.000000,0.000000,0.004605,0.000000,-0.034843,thai
6,51,-0.066162,0.000000,0.055218,0.000000,-0.013188,0.000000,0.000000,0.000000,0.000000,0.000000,-0.015989,0.000000,-0.066875,thai
7,51,-0.034528,0.000000,-0.101842,0.000000,-0.026460,0.000000,0.000000,0.000000,0.000000,0.000000,-0.074732,0.000000,-0.005975,thai
8,51,-0.239386,0.000000,-0.027030,0.000000,-0.034624,0.000000,0.000000,0.000000,0.000000,0.000000,-0.043607,0.000000,0.057420,thai
9,51,0.020523,0.000000,0.007125,0.000000,-0.039677,0.000000,0.000000,0.000000,0.000000,0.000000,0.073889,0.000000,-0.013501,thai
10,51,-0.234638,0.000000,0.019450,0.000000,-0.008271,0.000000,0.000000,0.000000,0.000000,0.000000,0.077769,0.000000,0.062773,thai
1,1,-1.310404,0.000000,0.015011,0.000000,-0.024340,0.000000,0.000000,0.000000,0.000000,0.000000,-0.046621,0.000000,-0.038460,africa
2,1,0.256730,0.000000,-0.003489,0.000000,0.050716,0.000000,0.000000,0.000000,0.000000,0.000000,-0.068850,0.000000,0.009133,africa
3,1,-0.886251,0.000000,-0.052901,0.000000,-0.075378,0.000000,0.000000,0.000000,0.000000,0.000000,-0.185474,0.000000,0.011101,africa
4,1,-0.063205,0.000000,0.088175,0.000000,0.006970,0.000000,0.000000,0.000000,0.000000,0.000000,-0.089480,0.000000,0.000922,africa
5,1,0.820329,0.000000,0.024160,0.000000,0.001424,0.000000,0.000000,0.000000,0.000000,0.000000,0.010651,0.000000,-0.097170,africa
6,1,-0.255967,0.000000,0.038133,0.000000,-0.005175,0.000000,0.000000,0.000000,0.000000,0.000000,-0.033691,0.000000,-0.090486,africa
7,1,-0.032801,0.000000,0.066711,0.000000,-0.006983,0.000000,0.000000,0.000000,0.000000,0.000000,-0.075259,0.000000,0.015736,africa
8,1,-0.380016,0.000000,-0.063908,0.000000,-0.041937,0.000000,0.000000,0.000000,0.000000,0.000000,-0.141151,0.000000,0.048703,africa
9,1,-1.119958,0.000000,0.017080,0.000000,-0.061966,0.000000,0.000000,0.000000,0.000000,0.000000,-0.151175,0.000000,0.033256,africa
10,1,0.045350,0.000000,0.014159,0.000000,0.050012,0.000000,0.000000,0.000000,0.000000,0.000000,-0.075894,0.000000,-0.016029,africa
1,2,0.784857,0.000000,0.005067,0.000000,0.025577,0.000000,0.000000,0.000000,0.000000,0.000000,-0.019310,0.000000,-0.061382,africa
2,2,-0.266553,0.000000,-0.038385,0.000000,-0.049136,0.000000,0.000000,0.000000,0.000000,0.000000,-0.079779,0.000000,-0.033988,africa
3,2,-0.409438,0.000000,0.050769,0.000000,0.004017,0.000000,0.000000,0.000000,0.000000,0.000000,-0.153232,0.000000,0.133545,africa
4,2,-0.248712,0.000000,-0.061104,0.000000,-0.032448,0.000000,0.000000,0.000000,0.000000,0.000000,-0.144257,0.000000,0.000544,africa
5,2,-0.439534,0.000000,0.018617,0.000000,-0.025915,0.000000,0.000000,0.000000,0.000000,0.000000,0.000060,0.000000,0.040275,africa
6,2,0.669638,0.000000,0.092644,0.000000,0.036890,0.000000,0.000000,0.000000,0.000000,0.000000,-0.033085,0.000000,-0.051699,africa
7,2,0.704141,0.000000,0.101185,0.000000,-0.009321,0.000000,0.000000,0.000000,0.000000,0.000000,-0.140262,0.000000,0.033448,africa
8,2,-0.215938,0.000000,-0.094472,0.000000,-0.064327,0.000000,0.000000,0.000000,0.000000,0.000000,-0.181328,0.000000,0.017099,africa
9,2,-0.184971,0.000000,0.007674,0.000000,-0.031847,0.000000,0.000000,0.000000,0.000000,0.000000,-0.123242,0.000000,0.019407,africa
10,2,0.064594,0.000000,0.059453,0.000000,-0.018651,0.000000,0.000000,0.000000,0.000000,0.000000,-0.084701,0.000000,0.001023,africa
1,3,-0.014670,0.000000,0.023742,0.000000,-0.018970,0.000000,0.000000,0.000000,0.000000,0.000000,-0.224400,0.000000,0.043599,africa
2,3,-0.421736,0.000000,-0.020601,0.000000,-0.061799,0.000000,0.000000,0.000000,0.000000,0.000000,-0.163693,0.000000,0.002900,africa
3,3,0.285872,0.000000,-0.068758,0.000000,-0.045492,0.000000,0.000000,0.000000,0.000000,0.000000,-0.242523,0.000000,0.057060,africa
4,3,-1.034712,0.000000,0.023928,0.000000,-0.042191,0.000000,0.000000,0.000000,0.000000,0.000000,-0.179910,0.000000,0.015192,africa
5,3,0.137332,0.000000,0.084295,0.000000,-0.004159,0.000000,0.000000,0.000000,0.000000,0.000000,-0.134370,0.000000,-0.040449,africa
6,3,-0.211429,0.000000,0.087330,0.000000,-0.024432,0.000000,0.000000,0.000000,0.000000,0.000000,-0.217723,0.000000,0.059928,africa
7,3,-0.199452,0.000000,-0.028731,0.000000,-0.041108,0.000000,0.000000,0.000000,0.000000,0.000000,-0.192378,0.000000,0.048924,africa
8,3,0.026659,0.000000,0.042542,0.000000,0.014232,0.000000,0.000000,0.000000,0.000000,0.000000,-0.166025,0.000000,0.021205,africa
9,3,0.252578,0.000000,-0.059888,0.000000,-0.026513,0.000000,0.000000,0.000000,0.000000,0.000000,-0.127978,0.000000,-0.021031,africa
10,3,-0.371062,0.000000,0.113042,0.000000,0.021946,0.000000,0.000000,0.000000,0.000000,0.000000,-0.155092,0.000000,0.025359,africa
1,4,0.446123,0.000000,0.093285,0.000000,-0.008685,0.000000,0.000000,0.000000,0.000000,0.000000,0.259082,0.000000,-0.017338,africa
2,4,0.774382,0.000000,0.050682,0.000000,0.044612,0.000000,0.000000,0.000000,0.000000,0.000000,0.164642,0.000000,0.000022,africa
3,4,0.550459,0.000000,0.059762,0.000000,-0.000705,0.000000,0.000000,0.000000,0.000000,0.000000,0.286645,0.000000,0.026023,africa
4,4,1.076818,0.000000,-0.039289,0.000000,0.013676,0.000000,0.000000,0.000000,0.000000,0.000000,0.086251,0.000000,0.051248,africa
5,4,-0.276058,0.000000,0.100077,0.000000,0.002127,0.000000,0.000000,0.000000,0.000000,0.000000,0.188603,0.000000,0.048560,africa
6,4,0.537942,0.000000,-0.048537,0.000000,-0.005433,0.000000,0.000000,0.000000,0.000000,0.000000,0.162765,0.000000,0.002034,africa
7,4,0.153957,0.000000,-0.015431,0.000000,0.028628,0.000000,0.000000,0.000000,0.000000,0.000000,0.128484,0.000000,0.065297,africa
8,4,0.687405,0.000000,0.095501,0.000000,0.018146,0.000000,0.000000,0.000000,0.000000,0.000000,0.192115,0.000000,0.010059,africa
9,4,0.202809,0.000000,0.078058,0.000000,0.041903,0.000000,0.000000,0.000000,0.000000,0.000000,0.243480,0.000000,-0.011612,africa
10,4,1.117534,0.000000,-0.043324,0.000000,0.055540,0.000000,0.000000,0.000000,0.000000,0.000000,0.331585,0.000000,-0.057973,africa
1,5,-0.654021,0.000000,-0.113190,0.000000,0.006437,0.000000,0.000000,0.000000,0.000000,0.000000,-0.131888,0.000000,0.028283,africa
2,5,-0.527803,0.000000,-0.010203,0.000000,-0.001636,0.000000,0.000000,0.000000,0.000000,0.000000,-0.106684,0.000000,0.002975,africa
3,5,0.260923,0.000000,-0.002848,0.000000,0.039827,0.000000,0.000000,0.000000,0.000000,0.000000,-0.062264,0.000000,0.015204,africa
4,5,0.150245,0.000000,-0.122000,0.000000,-0.058275,0.000000,0.000000,0.000000,0.000000,0.000000,-0.094377,0.000000,-0.031231,africa
5,5,-0.569777,0.000000,-0.125382,0.000000,-0.067099,0.000000,0.000000,0.000000,0.000000,0.000000,0.034361,0.000000,-0.105308,africa
6,5,-0.308799,0.000000,0.014905,0.000000,0.024435,0.000000,0.000000,0.000000,0.000000,0.000000,-0.092901,0.000000,0.045758,africa
7,5,-0.729478,0.000000,0.062701,0.000000,0.050957,0.000000,0.000000,0.000000,0.000000,0.000000,0.046856,0.000000,-0.099365,africa
8,5,-0.798599,0.000000,-0.019374,0.000000,0.016409,0.000000,0.000000,0.000000,0.000000,0.000000,0.000146,0.000000,0.012269,africa
9,5,-0.276777,0.000000,-0.074200,0.000000,-0.009716,0.000000,0.000000,0.000000,0.000000,0.000000,-0.184541,0.000000,-0.000690,africa
10,5,-0.283788,0.000000,-0.043805,0.000000,0.024541,0.000000,0.000000,0.000000,0.000000,0.000000,-0.138067,0.000000,0.030980,africa
1,6,0.460974,0.000000,-0.163664,0.000000,0.133822,0.000000,0.000000,0.000000,0.000000,0.000000,0.046303,0.000000,-0.026969,africa
2,6,-0.149538,0.000000,0.017957,0.000000,0.078043,0.000000,0.000000,0.000000,0.000000,0.000000,-0.100871,0.000000,0.057907,africa
3,6,-0.038492,0.000000,-0.067320,0.000000,0.045843,0.000000,0.000000,0.000000,0.000000,0.000000,-0.035208,0.000000,0.114102,africa
4,6,0.680659,0.000000,-0.140422,0.000000,0.104476,0.000000,0.000000,0.000000,0.000000,0.000000,-0.031043,0.000000,-0.012035,africa
5,6,-0.007027,0.000000,-0.103821,0.000000,0.059520,0.000000,0.000000,0.000000,0.000000,0.000000,-0.138943,0.000000,0.067998,africa
6,6,0.867958,0.000000,-0.086438,0.000000,0.084726,0.000000,0.000000,0.000000,0.000000,0.000000,0.062308,0.000000,-0.067106,africa
7,6,0.534839,0.000000,-0.131970,0.000000,0.077083,0.000000,0.000000,0.000000,0.000000,0.000000,-0.034967,0.000000,0.018289,africa
8,6,0.653930,0.000000,-0.133913,0.000000,0.067676,0.000000,0.000000,0.000000,0.000000,0.000000,-0.026215,0.000000,0.008954,africa
9,6,0.626882,0.000000,-0.119371,0.000000,0.082389,0.000000,0.000000,0.000000,0.000000,0.000000,-0.046353,0.000000,0.059833,africa
10,6,0.409972,0.000000,-0.099890,0.000000,0.072607,0.000000,0.000000,0.000000,0.000000,0.000000,-0.036459,0.000000,0.011349,africa
1,7,0.695027,0.000000,-0.004759,0.000000,-0.008395,0.000000,0.000000,0.000000,0.000000,0.000000,0.475858,0.000000,0.035972,africa
2,7,-0.266989,0.000000,0.050852,0.000000,-0.004960,0.000000,0.000000,0.000000,0.000000,0.000000,0.419375,0.000000,0.030867,africa
3,7,-0.337300,0.000000,-0.008154,0.000000,-0.015739,0.000000,0.000000,0.000000,0.000000,0.000000,0.428014,0.000000,-0.009219,africa
4,7,-0.480590,0.000000,0.064238,0.000000,-0.096103,0.000000,0.000000,0.000000,0.000000,0.000000,0.452050,0.000000,-0.044404,africa
5,7,-0.008103,0.000000,0.073063,0.000000,-0.044026,0.000000,0.000000,0.000000,0.000000,0.000000,0.366549,0.000000,-0.010690,africa
6,7,-0.054098,0.000000,0.070119,0.000000,0.018321,0.000000,0.000000,0.000000,0.000000,0.000000,0.433736,0.000000,0.011416,africa
7,7,0.612596,0.000000,-0.037858,0.000000,-0.048933,0.000000,0.000000,0.000000,0.000000,0.000000,0.425052,0.000000,0.070357,africa
8,7,-0.811719,0.000000,0.049911,0.000000,-0.013170,0.000000,0.000000,0.000000,0.000000,0.000000,0.444083,0.000000,-0.046920,africa
9,7,-0.750838,0.000000,0.052126,0.000000,0.041560,0.000000,0.000000,0.000000,0.000000,0.000000,0.555109,0.000000,0.016604,africa
10,7,0.044153,0.000000,-0.025304,0.000000,-0.012343,0.000000,0.000000,0.000000,0.000000,0.000000,0.459678,0.000000,0.003576,africa
1,8,0.002027,0.000000,-0.008038,0.000000,0.010940,0.000000,0.000000,0.000000,0.000000,0.000000,-0.009476,0.000000,-0.065793,africa
2,8,0.612564,0.000000,-0.130637,0.000000,-0.019583,0.000000,0.000000,0.000000,0.000000,0.000000,-0.010672,0.000000,0.000911,africa
3,8,-0.011880,0.000000,-0.114102,0.000000,-0.051496,0.000000,0.000000,0.000000,0.000000,0.000000,-0.114523,0.000000,0.059896,africa
4,8,0.491022,0.000000,-0.090996,0.000000,-0.010499,0.000000,0.000000,0.000000,0.000000,0.000000,-0.092459,0.000000,0.021291,africa
5,8,0.637802,0.000000,0.020792,0.000000,0.001483,0.000000,0.000000,0.000000,0.000000,0.000000,0.027925,0.000000,-0.031878,africa
6,8,0.283996,0.000000,-0.094734,0.000000,-0.016145,0.000000,0.000000,0.000000,0.000000,0.000000,-0.005148,0.000000,-0.030408,africa
7,8,0.296684,0.000000,-0.193340,0.000000,-0.077198,0.000000,0.000000,0.000000,0.000000,0.000000,-0.046521,0.000000,-0.050452,africa
8,8,0.336481,0.000000,-0.112007,0.000000,-0.017840,0.000000,0.000000,0.000000,0.000000,0.000000,0.061495,0.000000,-0.077311,africa
9,8,0.120673,0.000000,-0.012190,0.000000,-0.015330,0.000000,0.000000,0.000000,0.000000,0.000000,-0.034490,0.000000,0.018021,africa
10,8,0.359355,0.000000,-0.063572,0.000000,0.019589,0.000000,0.000000,0.000000,0.000000,0.000000,-0.088303,0.000000,0.037925,africa
1,9,-0.029037,0.000000,-0.092494,0.000000,0.049122,0.000000,0.000000,0.000000,0.000000,0.000000,0.384539,0.000000,0.043997,africa
2,9,0.550490,0.000000,-0.218252,0.000000,-0.041042,0.000000,0.000000,0.000000,0.000000,0.000000,0.279609,0.000000,0.042244,africa
3,9,-0.961938,0.000000,-0.075049,0.000000,0.017401,0.000000,0.000000,0.000000,0.000000,0.000000,0.352205,0.000000,0.009718,africa
4,9,-0.757834,0.000000,0.038155,0.000000,0.076596,0.000000,0.000000,0.000000,0.000000,0.000000,0.081528,0.000000,-0.030538,africa
5,9,-0.654118,0.000000,-0.052952,0.000000,0.019148,0.000000,0.000000,0.000000,0.000000,0.000000,0.330919,0.000000,-0.036747,africa
6,9,-0.704418,0.000000,-0.004669,0.000000,0.050194,0.000000,0.000000,0.000000,0.000000,0.000000,0.109517,0.000000,0.120090,africa
7,9,-0.199633,0.000000,0.118555,0.000000,0.091767,0.000000,0.000000,0.000000,0.000000,0.000000,0.253058,0.000000,0.060656,africa
8,9,0.639932,0.000000,-0.019347,0.000000,0.065267,0.000000,0.000000,0.000000,0.000000,0.000000,0.139220,0.000000,0.043792,africa
9,9,-0.256663,0.000000,-0.180407,0.000000,-0.015656,0.000000,0.000000,0.000000,0.000000,0.000000,0.169193,0.000000,0.013295,africa
10,9,0.156891,0.000000,0.064648,0.000000,0.023300,0.000000,0.000000,0.000000,0.000000,0.000000,0.193387,0.000000,0.026991,africa
1,10,0.400026,0.000000,0.044997,0.000000,0.064357,0.000000,0.000000,0.000000,0.000000,0.000000,0.031935,0.000000,0.056033,africa
2,10,0.244091,0.000000,-0.004475,0.000000,0.071306,0.000000,0.000000,0.000000,0.000000,0.000000,0.107589,0.000000,0.026894,africa
3,10,-0.665703,0.000000,0.036239,0.000000,0.029469,0.000000,0.000000,0.000000,0.000000,0.000000,0.206376,0.000000,0.027761,africa
4,10,-0.422196,0.000000,-0.001712,0.000000,0.025630,0.000000,0.000000,0.000000,0.000000,0.000000,0.144361,0.000000,0.016043,africa
5,10,-0.222215,0.000000,0.030098,0.000000,0.054523,0.000000,0.000000,0.000000,0.000000,0.000000,0.090491,0.000000,-0.050717,africa
6,10,-0.127245,0.000000,-0.113721,0.000000,0.046965,0.000000,0.000000,0.000000,0.000000,0.000000,0.120315,0.000000,-0.015084,africa
7,10,-0.899715,0.000000,-0.101546,0.000000,-0.003184,0.000000,0.000000,0.000000,0.000000,0.000000,0.077048,0.000000,-0.003289,africa
8,10,-0.461714,0.000000,0.014327,0.000000,0.007524,0.000000,0.000000,0.000000,0.000000,0.000000,0.059192,0.000000,0.003083,africa
9,10,-0.405788,0.000000,0.137490,0.000000,0.049971,0.000000,0.000000,0.000000,0.000000,0.000000,0.074399,0.000000,-0.002093,africa
10,10,-0.824051,0.000000,0.050865,0.000000,0.047843,0.000000,0.000000,0.000000,0.000000,0.000000,-0.001495,0.000000,0.034298,africa
1,11,0.296476,0.000000,-0.043447,0.000000,-0.039940,0.000000,0.000000,0.000000,0.000000,0.000000,0.017037,0.000000,0.008777,africa
2,11,0.020960,0.000000,0.047684,0.000000,0.000906,0.000000,0.000000,0.000000,0.000000,0.000000,-0.067985,0.000000,0.024909,africa
3,11,0.311681,0.000000,-0.071754,0.000000,-0.059466,0.000000,0.000000,0.000000,0.000000,0.000000,-0.013040,0.000000,-0.048345,africa
4,11,-0.090535,0.000000,-0.003186,0.000000,-0.040938,0.000000,0.000000,0.000000,0.000000,0.000000,-0.096587,0.000000,-0.012902,africa
5,11,0.265767,0.000000,0.061523,0.000000,0.001891,0.000000,0.000000,0.000000,0.000000,0.000000,-0.158348,0.000000,0.020326,africa
6,11,-0.501359,0.000000,-0.052705,0.000000,-0.081513,0.000000,0.000000,0.000000,0.000000,0.000000,-0.228036,0.000000,0.047235,africa
7,11,-0.305278,0.000000,0.019353,0.000000,-0.039642,0.000000,0.000000,0.000000,0.000000,0.000000,-0.056361,0.000000,0.076905,africa
8,11,0.538632,0.000000,-0.030751,0.000000,-0.019310,0.000000,0.000000,0.000000,0.000000,0.000000,-0.029166,0.000000,-0.039011,africa
9,11,-0.544018,0.000000,-0.050833,0.000000,-0.056311,0.000000,0.000000,0.000000,0.000000,0.000000,-0.011403,0.000000,0.007927,africa
10,11,-0.357806,0.000000,0.056578,0.000000,-0.010616,0.000000,0.000000,0.000000,0.000000,0.000000,-0.045578,0.000000,-0.031677,africa
1,12,0.564107,0.000000,-0.014601,0.000000,0.024798,0.000000,0.000000,0.000000,0.000000,0.000000,0.266033,0.000000,-0.008593,africa
2,12,0.569327,0.000000,0.042246,0.000000,0.035773,0.000000,0.000000,0.000000,0.000000,0.000000,0.129931,0.000000,0.062266,africa
3,12,0.629069,0.000000,-0.154474,0.000000,-0.035689,0.000000,0.000000,0.000000,0.000000,0.000000,0.047339,0.000000,-0.023297,africa
4,12,1.160502,0.000000,0.001612,0.000000,0.012862,0.000000,0.000000,0.000000,0.000000,0.000000,0.201923,0.000000,0.039508,africa
5,12,1.041702,0.000000,-0.040959,0.000000,0.015092,0.000000,0.000000,0.000000,0.000000,0.000000,0.244200,0.000000,-0.001985,africa
6,12,-0.296984,0.000000,-0.044290,0.000000,-0.053584,0.000000,0.000000,0.000000,0.000000,0.000000,0.128569,0.000000,0.094599,africa
7,12,-0.281331,0.000000,-0.147730,0.000000,-0.026164,0.000000,0.000000,0.000000,0.000000,0.000000,0.205916,0.000000,0.038198,africa
8,12,0.636530,0.000000,0.075754,0.000000,0.079158,0.000000,0.000000,0.000000,0.000000,0.000000,0.103972,0.000000,0.046199,africa
9,12,0.358708,0.000000,-0.052233,0.000000,0.040391,0.000000,0.000000,0.000000,0.000000,0.000000,0.155628,0.000000,-0.041718,africa
10,12,1.364794,0.000000,0.063255,0.000000,0.117379,0.000000,0.000000,0.000000,0.000000,0.000000,0.117523,0.000000,-0.005853,africa
1,13,0.427736,0.000000,0.169937,0.000000,-0.016172,0.000000,0.000000,0.000000,0.000000,0.000000,0.126109,0.000000,0.025290,africa
2,13,-0.700129,0.000000,0.024350,0.000000,-0.079242,0.000000,0.000000,0.000000,0.000000,0.000000,0.074955,0.000000,0.042443,africa
3,13,-0.126612,0.000000,0.075356,0.000000,-0.019344,0.000000,0.000000,0.000000,0.000000,0.000000,0.148399,0.000000,0.061654,africa
4,13,-0.017575,0.000000,0.020944,0.000000,0.017638,0.000000,0.000000,0.000000,0.000000,0.000000,0.242173,0.000000,0.075509,africa
5,13,-0.087195,0.000000,0.114462,0.000000,-0.049576,0.000000,0.000000,0.000000,0.000000,0.000000,0.150150,0.000000,0.035791,africa
6,13,-0.142503,0.000000,0.132236,0.000000,-0.053021,0.000000,0.000000,0.000000,0.000000,0.000000,0.134390,0.000000,-0.025946,africa
7,13,0.881555,0.000000,-0.071914,0.000000,-0.093019,0.000000,0.000000,0.000000,0.000000,0.000000,0.247983,0.000000,-0.014336,africa
8,13,-0.633391,0.000000,-0.099030,0.000000,-0.088575,0.000000,0.000000,0.000000,0.000000,0.000000,0.105319,0.000000,0.029953,africa
9,13,0.243981,0.000000,0.018973,0.000000,-0.015929,0.000000,0.000000,0.000000,0.000000,0.000000,0.315306,0.000000,-0.051740,africa
10,13,0.280633,0.000000,-0.033821,0.000000,-0.088830,0.000000,0.000000,0.000000,0.000000,0.000000,0.208938,0.000000,-0.067221,africa
1,14,0.284107,0.000000,-0.162564,0.000000,-0.066841,0.000000,0.000000,0.000000,0.000000,0.000000,0.230257,0.000000,0.053235,africa
2,14,0.050114,0.000000,-0.141429,0.000000,-0.070384,0.000000,0.000000,0.000000,0.000000,0.000000,0.251626,0.000000,-0.015040,africa
3,14,-0.168251,0.000000,0.085374,0.000000,-0.020630,0.000000,0.000000,0.000000,0.000000,0.000000,0.211414,0.000000,0.005778,africa
4,14,1.293958,0.000000,0.028395,0.000000,0.010315,0.000000,0.000000,0.000000,0.000000,0.000000,0.165592,0.000000,0.073717,africa
5,14,-0.043536,0.000000,-0.078730,0.000000,-0.065444,0.000000,0.000000,0.000000,0.000000,0.000000,0.177505,0.000000,0.029972,africa
6,14,0.214438,0.000000,0.060745,0.000000,-0.067533,0.000000,0.000000,0.000000,0.000000,0.000000,0.095447,0.000000,0.087714,africa
7,14,0.923610,0.000000,-0.128007,0.000000,-0.071567,0.000000,0.000000,0.000000,0.000000,0.000000,0.292289,0.000000,-0.034366,africa
8,14,0.341045,0.000000,-0.038423,0.000000,-0.052918,0.000000,0.000000,0.000000,0.000000,0.000000,0.250513,0.000000,0.048726,africa
9,14,0.279904,0.000000,0.052089,0.000000,-0.004440,0.000000,0.000000,0.000000,0.000000,0.000000,0.192852,0.000000,-0.001411,africa
10,14,0.528843,0.000000,0.024603,0.000000,-0.059691,0.000000,0.000000,0.000000,0.000000,0.000000,0.167945,0.000000,0.066275,africa
1,15,-0.570771,0.000000,-0.079891,0.000000,-0.086474,0.000000,0.000000,0.000000,0.000000,0.000000,-0.085668,0.000000,-0.074711,africa
2,15,-0.071717,0.000000,-0.009771,0.000000,-0.005410,0.000000,0.000000,0.000000,0.000000,0.000000,-0.197131,0.000000,0.015488,africa
3,15,-0.068195,0.000000,0.043874,0.000000,-0.021087,0.000000,0.000000,0.000000,0.000000,0.000000,-0.210803,0.000000,-0.004630,africa
4,15,-0.176955,0.000000,-0.122443,0.000000,-0.061626,0.000000,0.000000,0.000000,0.000000,0.000000,-0.179587,0.000000,-0.026931,africa
5,15,-0.532099,0.000000,-0.127422,0.000000,-0.083874,0.000000,0.000000,0.000000,0.000000,0.000000,-0.164439,0.000000,-0.034158,africa
6,15,-0.366682,0.000000,0.006392,0.000000,-0.038142,0.000000,0.000000,0.000000,0.000000,0.000000,-0.177036,0.000000,0.014727,africa
7,15,-0.044002,0.000000,-0.053315,0.000000,-0.026179,0.000000,0.000000,0.000000,0.000000,0.000000,-0.119071,0.000000,-0.020486,africa
8,15,-0.285171,0.000000,-0.007120,0.000000,-0.008055,0.000000,0.000000,0.000000,0.000000,0.000000,-0.176224,0.000000,-0.032958,africa
9,15,0.106157,0.000000,0.104634,0.000000,0.010158,0.000000,0.000000,0.000000,0.000000,0.000000,-0.131937,0.000000,-0.032447,africa
10,15,-0.225732,0.000000,-0.016039,0.000000,-0.035024,0.000000,0.000000,0.000000,0.000000,0.000000,-0.160078,0.000000,-0.035017,africa
1,16,-0.069196,0.000000,0.102586,0.000000,-0.006363,0.000000,0.000000,0.000000,0.000000,0.000000,-0.030193,0.000000,-0.074890,africa
2,16,-0.847655,0.000000,0.155394,0.000000,-0.009082,0.000000,0.000000,0.000000,0.000000,0.000000,-0.134553,0.000000,-0.031496,africa
3,16,-0.435334,0.000000,0.083530,0.000000,-0.029016,0.000000,0.000000,0.000000,0.000000,0.000000,-0.072482,0.000000,-0.051371,africa
4,16,-0.111968,0.000000,-0.057923,0.000000,-0.078888,0.000000,0.000000,0.000000,0.000000,0.000000,-0.179792,0.000000,-0.013317,africa
5,16,0.314145,0.000000,0.010143,0.000000,-0.027016,0.000000,0.000000,0.000000,0.000000,0.000000,-0.165593,0.000000,0.078682,africa
6,16,0.545838,0.000000,0.002367,0.000000,-0.067881,0.000000,0.000000,0.000000,0.000000,0.000000,-0.218137,0.000000,0.047925,africa
7,16,-0.220987,0.000000,0.112205,0.000000,-0.023761,0.000000,0.000000,0.000000,0.000000,0.000000,-0.153415,0.000000,-0.031164,africa
8,16,-0.470795,0.000000,0.169490,0.000000,0.020960,0.000000,0.000000,0.000000,0.000000,0.000000,-0.181613,0.000000,0.043025,africa
9,16,0.085636,0.000000,0.073627,0.000000,-0.014979,0.000000,0.000000,0.000000,0.000000,0.000000,-0.093711,0.000000,-0.020839,africa
10,16,0.886037,0.000000,0.041970,0.000000,-0.024353,0.000000,0.000000,0.000000,0.000000,0.000000,-0.254204,0.000000,-0.029256,africa
1,17,-0.035501,0.000000,0.135060,0.000000,-0.038697,0.000000,0.000000,0.000000,0.000000,0.000000,-0.126444,0.000000,0.010666,africa
2,17,-0.304573,0.000000,0.053349,0.000000,-0.083959,0.000000,0.000000,0.000000,0.000000,0.000000,0.044534,0.000000,-0.035998,africa
3,17,0.245761,0.000000,0.075085,0.000000,-0.017533,0.000000,0.000000,0.000000,0.000000,0.000000,-0.359197,0.000000,-0.028094,africa
4,17,-0.061692,0.000000,0.064019,0.000000,0.043728,0.000000,0.000000,0.000000,0.000000,0.000000,-0.210659,0.000000,0.053332,africa
5,17,1.101988,0.000000,0.105115,0.000000,0.008226,0.000000,0.000000,0.000000,0.000000,0.000000,-0.379196,0.000000,0.018714,africa
6,17,0.155543,0.000000,-0.059353,0.000000,-0.060899,0.000000,0.000000,0.000000,0.000000,0.000000,-0.122648,0.000000,0.024294,africa
7,17,0.529917,0.000000,-0.009889,0.000000,-0.013692,0.000000,0.000000,0.000000,0.000000,0.000000,0.084294,0.000000,0.032879,africa
8,17,0.694174,0.000000,-0.064008,0.000000,-0.044892,0.000000,0.000000,0.000000,0.000000,0.000000,0.093951,0.000000,0.015375,africa
9,17,-0.073952,0.000000,-0.089057,0.000000,-0.047911,0.000000,0.000000,0.000000,0.000000,0.000000,0.073875,0.000000,0.025768,africa
10,17,0.809697,0.000000,0.079528,0.000000,0.007719,0.000000,0.000000,0.000000,0.000000,0.000000,0.095402,0.000000,0.013226,africa
1,18,0.182834,0.000000,0.182061,0.000000,-0.087306,0.000000,0.000000,0.000000,0.000000,0.000000,-0.006196,0.000000,0.051832,africa
2,18,0.720488,0.000000,0.063851,0.000000,-0.157157,0.000000,0.000000,0.000000,0.000000,0.000000,0.061984,0.000000,0.054731,africa
3,18,-0.058458,0.000000,0.067383,0.000000,-0.171462,0.000000,0.000000,0.000000,0.000000,0.000000,0.044539,0.000000,0.007968,africa
4,18,-0.631551,0.000000,0.079313,0.000000,-0.160830,0.000000,0.000000,0.000000,0.000000,0.000000,0.079440,0.000000,0.016276,africa
5,18,0.516987,0.000000,0.144720,0.000000,-0.055436,0.000000,0.000000,0.000000,0.000000,0.000000,0.145110,0.000000,-0.013893,africa
6,18,0.653254,0.000000,0.146314,0.000000,-0.108209,0.000000,0.000000,0.000000,0.000000,0.000000,0.097410,0.000000,-0.030685,africa
7,18,0.456958,0.000000,0.077324,0.000000,-0.068431,0.000000,0.000000,0.000000,0.000000,0.000000,0.045160,0.000000,0.063196,africa
8,18,1.173792,0.000000,0.159466,0.000000,-0.043248,0.000000,0.000000,0.000000,0.000000,0.000000,0.203950,0.000000,-0.029549,africa
9,18,0.550897,0.000000,0.006119,0.000000,-0.144710,0.000000,0.000000,0.000000,0.000000,0.000000,0.084759,0.000000,0.027408,africa
10,18,0.946455,0.000000,0.226584,0.000000,-0.072023,0.000000,0.000000,0.000000,0.000000,0.000000,0.182605,0.000000,0.005836,africa
1,19,-0.056057,0.000000,0.024282,0.000000,0.052523,0.000000,0.000000,0.000000,0.000000,0.000000,-0.174535,0.000000,0.016355,africa
2,19,0.536269,0.000000,-0.038656,0.000000,0.101338,0.000000,0.000000,0.000000,0.000000,0.000000,-0.175402,0.000000,0.021445,africa
3,19,-0.094721,0.000000,-0.145830,0.000000,0.022899,0.000000,0.000000,0.000000,0.000000,0.000000,-0.195864,0.000000,0.001695,africa
4,19,0.203782,0.000000,0.076840,0.000000,0.066060,0.000000,0.000000,0.000000,0.000000,0.000000,-0.203379,0.000000,0.056657,africa
5,19,0.493951,0.000000,-0.033586,0.000000,0.060565,0.000000,0.000000,0.000000,0.000000,0.000000,-0.165693,0.000000,0.041834,africa
6,19,0.584677,0.000000,0.118729,0.000000,0.101343,0.000000,0.000000,0.000000,0.000000,0.000000,-0.182761,0.000000,0.021341,africa
7,19,0.561993,0.000000,-0.022292,0.000000,0.085928,0.000000,0.000000,0.000000,0.000000,0.000000,-0.055719,0.000000,-0.040179,africa
8,19,1.594084,0.000000,-0.152463,0.000000,0.100572,0.000000,0.000000,0.000000,0.000000,0.000000,-0.069444,0.000000,0.013665,africa
9,19,0.602212,0.000000,0.001690,0.000000,0.063512,0.000000,0.000000,0.000000,0.000000,0.000000,-0.178725,0.000000,0.017772,africa
10,19,0.310457,0.000000,-0.028977,0.000000,0.042194,0.000000,0.000000,0.000000,0.000000,0.000000,-0.190076,0.000000,0.050379,africa
1,20,0.059153,0.000000,0.001982,0.000000,-0.034406,0.000000,0.000000,0.000000,0.000000,0.000000,-0.327455,0.000000,0.065373,africa
2,20,-0.171217,0.000000,0.060383,0.000000,0.029557,0.000000,0.000000,0.000000,0.000000,0.000000,0.068300,0.000000,0.016507,africa
3,20,-0.065127,0.000000,-0.028729,0.000000,-0.049352,0.000000,0.000000,0.000000,0.000000,0.000000,-0.219952,0.000000,0.002452,africa
4,20,0.199687,0.000000,0.018635,0.000000,-0.049416,0.000000,0.000000,0.000000,0.000000,0.000000,-0.326599,0.000000,0.000372,africa
5,20,-0.748088,0.000000,-0.001288,0.000000,-0.038331,0.000000,0.000000,0.000000,0.000000,0.000000,-0.084358,0.000000,0.015078,africa
6,20,0.149431,0.000000,0.003886,0.000000,-0.010775,0.000000,0.000000,0.000000,0.000000,0.000000,-0.122779,0.000000,-0.072778,africa
7,20,-0.419602,0.000000,0.017788,0.000000,0.009491,0.000000,0.000000,0.000000,0.000000,0.000000,0.039464,0.000000,0.022914,africa
8,20,-0.121383,0.000000,-0.085271,0.000000,-0.005583,0.000000,0.000000,0.000000,0.000000,0.000000,0.007694,0.000000,0.033865,africa
9,20,-0.850004,0.000000,0.060014,0.000000,0.019013,0.000000,0.000000,0.000000,0.000000,0.000000,0.068018,0.000000,0.025424,africa
10,20,-0.928331,0.000000,-0.085940,0.000000,-0.054562,0.000000,0.000000,0.000000,0.000000,0.000000,-0.332722,0.000000,-0.043570,africa
1,21,-0.456047,0.000000,0.065211,0.000000,0.079411,0.000000,0.000000,0.000000,0.000000,0.000000,-0.306558,0.000000,0.017645,africa
2,21,0.263134,0.000000,-0.005474,0.000000,0.057212,0.000000,0.000000,0.000000,0.000000,0.000000,-0.509974,0.000000,0.105921,africa
3,21,0.066184,0.000000,-0.021133,0.000000,0.058506,0.000000,0.000000,0.000000,0.000000,0.000000,-0.364578,0.000000,0.028707,africa
4,21,-0.147410,0.000000,0.007153,0.000000,0.044414,0.000000,0.000000,0.000000,0.000000,0.000000,-0.426778,0.000000,-0.011604,africa
5,21,0.082362,0.000000,-0.047371,0.000000,0.081855,0.000000,0.000000,0.000000,0.000000,0.000000,-0.436259,0.000000,0.015370,africa
6,21,-0.608206,0.000000,0.002350,0.000000,0.066208,0.000000,0.000000,0.000000,0.000000,0.000000,-0.539473,0.000000,0.033887,africa
7,21,0.187552,0.000000,-0.064964,0.000000,0.046107,0.000000,0.000000,0.000000,0.000000,0.000000,-0.485867,0.000000,0.080879,africa
8,21,-0.382697,0.000000,-0.045755,0.000000,0.038899,0.000000,0.000000,0.000000,0.000000,0.000000,-0.448411,0.000000,-0.003027,africa
9,21,0.942793,0.000000,-0.058795,0.000000,0.081424,0.000000,0.000000,0.000000,0.000000,0.000000,-0.431855,0.000000,-0.019277,africa
10,21,0.187605,0.000000,-0.028722,0.000000,0.104882,0.000000,0.000000,0.000000,0.000000,0.000000,-0.507913,0.000000,0.048435,africa
1,22,-0.501433,0.000000,0.051193,0.000000,0.118096,0.000000,0.000000,0.000000,0.000000,0.000000,0.202310,0.000000,0.003624,africa
2,22,-0.212358,0.000000,-0.182221,0.000000,0.152929,0.000000,0.000000,0.000000,0.000000,0.000000,0.143422,0.000000,-0.058502,africa
3,22,-0.238317,0.000000,-0.152137,0.000000,0.073592,0.000000,0.000000,0.000000,0.000000,0.000000,0.102550,0.000000,0.041478,africa
4,22,-0.242283,0.000000,-0.113241,0.000000,0.122861,0.000000,0.000000,0.000000,0.000000,0.000000,0.200558,0.000000,-0.039467,africa
5,22,-0.136976,0.000000,-0.154559,0.000000,0.063917,0.000000,0.000000,0.000000,0.000000,0.000000,0.089651,0.000000,-0.057130,africa
6,22,0.413406,0.000000,0.064733,0.000000,0.238531,0.000000,0.000000,0.000000,0.000000,0.000000,0.099373,0.000000,-0.009014,africa
7,22,-0.171115,0.000000,0.074504,0.000000,0.171852,0.000000,0.000000,0.000000,0.000000,0.000000,0.054838,0.000000,0.029628,africa
8,22,-0.594341,0.000000,-0.101731,0.000000,0.051228,0.000000,0.000000,0.000000,0.000000,0.000000,0.183046,0.000000,0.039655,africa
9,22,0.079832,0.000000,-0.139835,0.000000,0.083547,0.000000,0.000000,0.000000,0.000000,0.000000,0.086650,0.000000,-0.026715,africa
10,22,-0.815016,0.000000,-0.062359,0.000000,0.102586,0.000000,0.000000,0.000000,0.000000,0.000000,0.055655,0.000000,0.039887,africa
1,23,0.838455,0.000000,-0.000392,0.000000,0.041411,0.000000,0.000000,0.000000,0.000000,0.000000,0.013316,0.000000,0.042831,africa
2,23,0.152604,0.000000,0.198734,0.000000,0.044836,0.000000,0.000000,0.000000,0.000000,0.000000,0.060645,0.000000,-0.045239,africa
3,23,0.267001,0.000000,-0.139962,0.000000,-0.039746,0.000000,0.000000,0.000000,0.000000,0.000000,0.000926,0.000000,0.047047,africa
4,23,0.046306,0.000000,0.071131,0.000000,0.042214,0.000000,0.000000,0.000000,0.000000,0.000000,0.061396,0.000000,0.063407,africa
5,23,0.487209,0.000000,-0.070876,0.000000,0.003511,0.000000,0.000000,0.000000,0.000000,0.000000,0.027247,0.000000,-0.016514,africa
6,23,-0.069048,0.000000,-0.034201,0.000000,-0.007635,0.000000,0.000000,0.000000,0.000000,0.000000,0.056297,0.000000,-0.032088,africa
7,23,-0.374654,0.000000,0.153988,0.000000,0.027353,0.000000,0.000000,0.000000,0.000000,0.000000,0.069615,0.000000,-0.029379,africa
8,23,1.050113,0.000000,-0.121349,0.000000,-0.031268,0.000000,0.000000,0.000000,0.000000,0.000000,0.135664,0.000000,-0.009393,africa
9,23,-0.078426,0.000000,0.009537,0.000000,-0.015998,0.000000,0.000000,0.000000,0.000000,0.000000,-0.005554,0.000000,0.047769,africa
10,23,0.323932,0.000000,-0.024092,0.000000,0.008408,0.000000,0.000000,0.000000,0.000000,0.000000,0.011768,0.000000,0.031618,africa
1,24,0.119198,0.000000,-0.063586,0.000000,-0.051310,0.000000,0.000000,0.000000,0.000000,0.000000,-0.123453,0.000000,0.018002,africa
2,24,0.401021,0.000000,0.053854,0.000000,-0.024379,0.000000,0.000000,0.000000,0.000000,0.000000,-0.093914,0.000000,-0.041835,africa
3,24,-0.053033,0.000000,0.013840,0.000000,-0.045157,0.000000,0.000000,0.000000,0.000000,0.000000,-0.131090,0.000000,-0.036059,africa
4,24,0.241003,0.000000,0.029273,0.000000,0.002962,0.000000,0.000000,0.000000,0.000000,0.000000,-0.086666,0.000000,-0.102718,africa
5,24,0.629215,0.000000,0.000850,0.000000,0.001038,0.000000,0.000000,0.000000,0.000000,0.000000,-0.113986,0.000000,0.002595,africa
6,24,0.438577,0.000000,-0.078234,0.000000,-0.054136,0.000000,0.000000,0.000000,0.000000,0.000000,-0.116477,0.000000,-0.001480,africa
7,24,0.719827,0.000000,0.088161,0.000000,0.007247,0.000000,0.000000,0.000000,0.000000,0.000000,-0.199260,0.000000,0.020822,africa
8,24,-0.256585,0.000000,0.215956,0.000000,0.060949,0.000000,0.000000,0.000000,0.000000,0.000000,-0.121450,0.000000,-0.013969,africa
9,24,0.988541,0.000000,0.038254,0.000000,0.001595,0.000000,0.000000,0.000000,0.000000,0.000000,-0.080278,0.000000,-0.055948,africa
10,24,0.205816,0.000000,0.076943,0.000000,0.003424,0.000000,0.000000,0.000000,0.000000,0.000000,-0.091433,0.000000,-0.015708,africa
1,25,-0.077878,0.000000,0.117156,0.000000,0.072633,0.000000,0.000000,0.000000,0.000000,0.000000,0.313184,0.000000,-0.003292,africa
2,25,0.115984,0.000000,0.015751,0.000000,0.031805,0.000000,0.000000,0.000000,0.000000,0.000000,0.336475,0.000000,0.005268,africa
3,25,0.089686,0.000000,-0.067444,0.000000,0.016329,0.000000,0.000000,0.000000,0.000000,0.000000,0.295434,0.000000,-0.021190,africa
4,25,-0.301408,0.000000,-0.013383,0.000000,-0.020549,0.000000,0.000000,0.000000,0.000000,0.000000,0.249298,0.000000,0.025442,africa
5,25,-0.074052,0.000000,0.038060,0.000000,0.059620,0.000000,0.000000,0.000000,0.000000,0.000000,0.309081,0.000000,-0.016999,africa
6,25,0.542085,0.000000,0.004646,0.000000,0.047261,0.000000,0.000000,0.000000,0.000000,0.000000,0.323384,0.000000,0.013768,africa
7,25,-0.426419,0.000000,0.042259,0.000000,0.010124,0.000000,0.000000,0.000000,0.000000,0.000000,0.308656,0.000000,-0.003984,africa
8,25,-0.459301,0.000000,0.054809,0.000000,0.023669,0.000000,0.000000,0.000000,0.000000,0.000000,0.159299,0.000000,0.088967,africa
9,25,0.097686,0.000000,0.023192,0.000000,0.001007,0.000000,0.000000,0.000000,0.000000,0.000000,0.318446,0.000000,0.005848,africa
10,25,-0.050347,0.000000,-0.065710,0.000000,-0.022032,0.000000,0.000000,0.000000,0.000000,0.000000,0.251055,0.000000,0.026697,africa
1,26,-0.136714,0.000000,-0.030588,0.000000,0.072343,0.000000,0.000000,0.000000,0.000000,0.000000,0.449889,0.000000,-0.051005,africa
2,26,-0.251342,0.000000,0.014838,0.000000,0.060242,0.000000,0.000000,0.000000,0.000000,0.000000,0.393023,0.000000,-0.045436,africa
3,26,-0.246444,0.000000,-0.107215,0.000000,0.030907,0.000000,0.000000,0.000000,0.000000,0.000000,0.475091,0.000000,-0.043673,africa
4,26,-0.533123,0.000000,0.103568,0.000000,0.059207,0.000000,0.000000,0.000000,0.000000,0.000000,0.373496,0.000000,0.014465,africa
5,26,-0.921525,0.000000,0.096574,0.000000,0.091470,0.000000,0.000000,0.000000,0.000000,0.000000,0.384163,0.000000,0.001783,africa
6,26,0.063259,0.000000,-0.080139,0.000000,0.037971,0.000000,0.000000,0.000000,0.000000,0.000000,0.372435,0.000000,0.010237,africa
7,26,-0.146736,0.000000,-0.083349,0.000000,0.036876,0.000000,0.000000,0.000000,0.000000,0.000000,0.375562,0.000000,-0.006532,africa
8,26,0.279561,0.000000,-0.054298,0.000000,0.024133,0.000000,0.000000,0.000000,0.000000,0.000000,0.367584,0.000000,0.028210,africa
9,26,-0.302229,0.000000,-0.092594,0.000000,0.058248,0.000000,0.000000,0.000000,0.000000,0.000000,0.400247,0.000000,0.047949,africa
10,26,-0.320135,0.000000,-0.043594,0.000000,0.088740,0.000000,0.000000,0.000000,0.000000,0.000000,0.431366,0.000000,0.000408,africa
1,27,-0.631984,0.000000,-0.105004,0.000000,-0.042949,0.000000,0.000000,0.000000,0.000000,0.000000,-0.065254,0.000000,-0.030466,africa
2,27,-0.237408,0.000000,0.045150,0.000000,0.092865,0.000000,0.000000,0.000000,0.000000,0.000000,-0.058053,0.000000,0.027306,africa
3,27,-0.193062,0.000000,-0.053741,0.000000,0.068047,0.000000,0.000000,0.000000,0.000000,0.000000,0.057464,0.000000,-0.033888,africa
4,27,0.589634,0.000000,-0.092013,0.000000,-0.005135,0.000000,0.000000,0.000000,0.000000,0.000000,-0.039713,0.000000,-0.011420,africa
5,27,-0.122037,0.000000,0.097913,0.000000,0.058316,0.000000,0.000000,0.000000,0.000000,0.000000,0.042627,0.000000,-0.058153,africa
6,27,-0.449672,0.000000,0.098870,0.000000,0.041923,0.000000,0.000000,0.000000,0.000000,0.000000,-0.064764,0.000000,0.021156,africa
7,27,-0.861355,0.000000,-0.079732,0.000000,-0.006304,0.000000,0.000000,0.000000,0.000000,0.000000,-0.128409,0.000000,0.003295,africa
8,27,0.087787,0.000000,-0.042025,0.000000,-0.030895,0.000000,0.000000,0.000000,0.000000,0.000000,-0.005726,0.000000,-0.042526,africa
9,27,-0.373312,0.000000,-0.063403,0.000000,-0.045496,0.000000,0.000000,0.000000,0.000000,0.000000,-0.070925,0.000000,-0.061032,africa
10,27,-0.296721,0.000000,0.024979,0.000000,-0.020952,0.000000,0.000000,0.000000,0.000000,0.000000,-0.167369,0.000000,0.048353,africa
1,28,0.543341,0.000000,-0.054867,0.000000,-0.035529,0.000000,0.000000,0.000000,0.000000,0.000000,-0.117756,0.000000,0.056297,africa
2,28,0.557088,0.000000,-0.035682,0.000000,-0.038204,0.000000,0.000000,0.000000,0.000000,0.000000,-0.081556,0.000000,0.034743,africa
3,28,-0.230316,0.000000,-0.025832,0.000000,-0.050688,0.000000,0.000000,0.000000,0.000000,0.000000,-0.147145,0.000000,0.003195,africa
4,28,0.322853,0.000000,0.011604,0.000000,-0.035068,0.000000,0.000000,0.000000,0.000000,0.000000,-0.185787,0.000000,0.046585,africa
5,28,0.142722,0.000000,-0.052848,0.000000,-0.054676,0.000000,0.000000,0.000000,0.000000,0.000000,-0.173757,0.000000,0.046030,africa
6,28,0.881669,0.000000,0.065221,0.000000,-0.004330,0.000000,0.000000,0.000000,0.000000,0.000000,-0.107091,0.000000,-0.005549,africa
7,28,-0.441187,0.000000,0.115603,0.000000,0.032447,0.000000,0.000000,0.000000,0.000000,0.000000,-0.051682,0.000000,-0.001763,africa
8,28,0.418895,0.000000,-0.020634,0.000000,-0.017295,0.000000,0.000000,0.000000,0.000000,0.000000,-0.147957,0.000000,0.085283,africa
9,28,0.042291,0.000000,0.088240,0.000000,0.020859,0.000000,0.000000,0.000000,0.000000,0.000000,-0.118234,0.000000,0.006321,africa
10,28,-0.594930,0.000000,0.004313,0.000000,-0.045804,0.000000,0.000000,0.000000,0.000000,0.000000,-0.034906,0.000000,-0.012361,africa
1,29,-0.240136,0.000000,0.005889,0.000000,0.112356,0.000000,0.000000,0.000000,0.000000,0.000000,-0.101319,0.000000,-0.044662,africa
2,29,0.561712,0.000000,-0.054346,0.000000,0.113543,0.000000,0.000000,0.000000,0.000000,0.000000,-0.111238,0.000000,-0.020221,africa
3,29,0.281667,0.000000,-0.030390,0.000000,0.081566,0.000000,0.000000,0.000000,0.000000,0.000000,-0.195129,0.000000,0.025983,africa
4,29,-0.209845,0.000000,0.094893,0.000000,0.120665,0.000000,0.000000,0.000000,0.000000,0.000000,-0.055150,0.000000,-0.053460,africa
5,29,-0.376874,0.000000,-0.056204,0.000000,0.058787,0.000000,0.000000,0.000000,0.000000,0.000000,-0.142791,0.000000,-0.010781,africa
6,29,0.114232,0.000000,-0.151436,0.000000,0.064606,0.000000,0.000000,0.000000,0.000000,0.000000,-0.154123,0.000000,0.065735,africa
7,29,0.458832,0.000000,-0.125602,0.000000,0.013855,0.000000,0.000000,0.000000,0.000000,0.000000,-0.108936,0.000000,-0.026165,africa
8,29,0.252203,0.000000,-0.121513,0.000000,0.005770,0.000000,0.000000,0.000000,0.000000,0.000000,-0.109338,0.000000,-0.015153,africa
9,29,0.426093,0.000000,-0.224650,0.000000,0.079393,0.000000,0.000000,0.000000,0.000000,0.000000,-0.110585,0.000000,-0.003338,africa
10,29,0.364126,0.000000,-0.071396,0.000000,0.065037,0.000000,0.000000,0.000000,0.000000,0.000000,-0.188228,0.000000,0.041063,africa
1,30,-0.415791,0.000000,-0.032012,0.000000,-0.096310,0.000000,0.000000,0.000000,0.000000,0.000000,-0.042962,0.000000,-0.105245,africa
2,30,0.236666,0.000000,-0.069282,0.000000,-0.095925,0.000000,0.000000,0.000000,0.000000,0.000000,-0.003622,0.000000,-0.036733,africa
3,30,0.834058,0.000000,0.020592,0.000000,-0.032268,0.000000,0.000000,0.000000,0.000000,0.000000,-0.211411,0.000000,0.049123,africa
4,30,-0.469616,0.000000,0.003462,0.000000,-0.061850,0.000000,0.000000,0.000000,0.000000,0.000000,-0.165986,0.000000,-0.018434,africa
5,30,0.686298,0.000000,0.016038,0.000000,-0.010561,0.000000,0.000000,0.000000,0.000000,0.000000,-0.123377,0.000000,-0.037872,africa
6,30,0.237728,0.000000,-0.035392,0.000000,-0.061359,0.000000,0.000000,0.000000,0.000000,0.000000,-0.135333,0.000000,0.034691,africa
7,30,-0.370294,0.000000,0.039762,0.000000,-0.017787,0.000000,0.000000,0.000000,0.000000,0.000000,-0.115801,0.000000,-0.028913,africa
8,30,-0.136172,0.000000,-0.082674,0.000000,-0.096801,0.000000,0.000000,0.000000,0.000000,0.000000,-0.252434,0.000000,0.078522,africa
9,30,-0.292439,0.000000,0.044505,0.000000,-0.050449,0.000000,0.000000,0.000000,0.000000,0.000000,-0.148127,0.000000,-0.024955,africa
10,30,1.021704,0.000000,0.119508,0.000000,0.027738,0.000000,0.000000,0.000000,0.000000,0.000000,-0.084615,0.000000,-0.063953,africa
1,31,0.762849,0.000000,0.026978,0.000000,0.044690,0.000000,0.000000,0.000000,0.000000,0.000000,0.231409,0.000000,0.027279,africa
2,31,-0.536986,0.000000,0.078752,0.000000,0.008792,0.000000,0.000000,0.000000,0.000000,0.000000,0.148829,0.000000,-0.012310,africa
3,31,0.219593,0.000000,-0.000194,0.000000,-0.008756,0.000000,0.000000,0.000000,0.000000,0.000000,0.101872,0.000000,0.035033,africa
4,31,-0.191923,0.000000,0.023212,0.000000,0.017022,0.000000,0.000000,0.000000,0.000000,0.000000,0.226147,0.000000,-0.038472,africa
5,31,-0.287563,0.000000,-0.015582,0.000000,-0.005938,0.000000,0.000000,0.000000,0.000000,0.000000,0.106808,0.000000,0.022735,africa
6,31,-0.252226,0.000000,-0.029051,0.000000,-0.022759,0.000000,0.000000,0.000000,0.000000,0.000000,0.070038,0.000000,0.079351,africa
7,31,-0.976515,0.000000,0.030693,0.000000,-0.011030,0.000000,0.000000,0.000000,0.000000,0.000000,0.189396,0.000000,-0.024315,africa
8,31,0.199482,0.000000,-0.053259,0.000000,-0.001365,0.000000,0.000000,0.000000,0.000000,0.000000,0.194503,0.000000,0.017433,africa
9,31,-0.096336,0.000000,0.062767,0.000000,0.036252,0.000000,0.000000,0.000000,0.000000,0.000000,0.154755,0.000000,-0.013147,africa
10,31,0.230207,0.000000,-0.030596,0.000000,-0.026731,0.000000,0.000000,0.000000,0.000000,0.000000,0.125657,0.000000,0.045789,africa
1,32,-0.651716,0.000000,-0.073697,0.000000,0.136739,0.000000,0.000000,0.000000,0.000000,0.000000,0.350813,0.000000,0.025802,africa
2,32,-0.694023,0.000000,-0.069230,0.000000,0.094135,0.000000,0.000000,0.000000,0.000000,0.000000,0.288661,0.000000,0.010020,africa
3,32,-0.561857,0.000000,-0.001422,0.000000,0.139616,0.000000,0.000000,0.000000,0.000000,0.000000,0.260844,0.000000,-0.002104,africa
4,32,-0.588611,0.000000,-0.027384,0.000000,0.144874,0.000000,0.000000,0.000000,0.000000,0.000000,0.181107,0.000000,0.048132,africa
5,32,-0.392566,0.000000,-0.105384,0.000000,0.114804,0.000000,0.000000,0.000000,0.000000,0.000000,0.211044,0.000000,0.004487,africa
6,32,-0.409508,0.000000,-0.119744,0.000000,0.083836,0.000000,0.000000,0.000000,0.000000,0.000000,0.142275,0.000000,0.035314,africa
7,32,-0.158216,0.000000,-0.150261,0.000000,0.019573,0.000000,0.000000,0.000000,0.000000,0.000000,0.413356,0.000000,-0.025336,africa
8,32,-0.864432,0.000000,-0.106989,0.000000,0.104345,0.000000,0.000000,0.000000,0.000000,0.000000,0.208065,0.000000,0.015900,africa
9,32,-0.309027,0.000000,-0.137008,0.000000,0.095262,0.000000,0.000000,0.000000,0.000000,0.000000,0.183851,0.000000,-0.048582,africa
10,32,-0.682801,0.000000,-0.078291,0.000000,0.089913,0.000000,0.000000,0.000000,0.000000,0.000000,0.349269,0.000000,0.020821,africa
1,33,-0.184993,0.000000,0.151315,0.000000,0.029790,0.000000,0.000000,0.000000,0.000000,0.000000,0.108329,0.000000,-0.018864,africa
2,33,0.700021,0.000000,0.078135,0.000000,0.027334,0.000000,0.000000,0.000000,0.000000,0.000000,0.095387,0.000000,0.018188,africa
3,33,0.511927,0.000000,-0.214789,0.000000,-0.090929,0.000000,0.000000,0.000000,0.000000,0.000000,0.047171,0.000000,-0.010318,africa
4,33,-0.269793,0.000000,-0.064303,0.000000,-0.013950,0.000000,0.000000,0.000000,0.000000,0.000000,0.200881,0.000000,-0.107554,africa
5,33,-0.748407,0.000000,0.032408,0.000000,0.007932,0.000000,0.000000,0.000000,0.000000,0.000000,0.049000,0.000000,-0.002787,africa
6,33,-0.247908,0.000000,-0.023591,0.000000,0.008705,0.000000,0.000000,0.000000,0.000000,0.000000,0.125334,0.000000,-0.011452,africa
7,33,-0.181117,0.000000,-0.050064,0.000000,-0.022625,0.000000,0.000000,0.000000,0.000000,0.000000,0.155780,0.000000,0.052744,africa
8,33,0.525312,0.000000,-0.121318,0.000000,-0.009041,0.000000,0.000000,0.000000,0.000000,0.000000,0.114314,0.000000,0.002401,africa
9,33,-0.200371,0.000000,-0.010528,0.000000,-0.020118,0.000000,0.000000,0.000000,0.000000,0.000000,0.035287,0.000000,0.002170,africa
10,33,0.367419,0.000000,0.039938,0.000000,-0.011130,0.000000,0.000000,0.000000,0.000000,0.000000,0.111948,0.000000,-0.020360,africa
1,34,-0.385289,0.000000,-0.116491,0.000000,-0.105509,0.000000,0.000000,0.000000,0.000000,0.000000,0.551060,0.000000,0.029395,africa
2,34,0.292731,0.000000,-0.056895,0.000000,0.015601,0.000000,0.000000,0.000000,0.000000,0.000000,0.590407,0.000000,-0.056794,africa
3,34,0.621815,0.000000,-0.182769,0.000000,-0.075379,0.000000,0.000000,0.000000,0.000000,0.000000,0.868034,0.000000,0.002462,africa
4,34,-0.195357,0.000000,0.081159,0.000000,0.033225,0.000000,0.000000,0.000000,0.000000,0.000000,0.660598,0.000000,0.093277,africa
5,34,0.768882,0.000000,0.009260,0.000000,0.014853,0.000000,0.000000,0.000000,0.000000,0.000000,0.492060,0.000000,0.001939,africa
6,34,-0.107672,0.000000,0.003626,0.000000,0.032446,0.000000,0.000000,0.000000,0.000000,0.000000,0.496311,0.000000,-0.030225,africa
7,34,-0.079450,0.000000,0.065276,0.000000,0.020359,0.000000,0.000000,0.000000,0.000000,0.000000,0.478850,0.000000,0.048051,africa
8,34,0.702549,0.000000,-0.015068,0.000000,-0.049197,0.000000,0.000000,0.000000,0.000000,0.000000,0.669362,0.000000,-0.004980,africa
9,34,0.306040,0.000000,-0.034168,0.000000,0.011291,0.000000,0.000000,0.000000,0.000000,0.000000,0.657633,0.000000,0.029077,africa
10,34,0.838606,0.000000,0.025760,0.000000,-0.035327,0.000000,0.000000,0.000000,0.000000,0.000000,0.415593,0.000000,-0.018235,africa
