rep,id,initT,aS,dS,tau,lBt0,lp,dI,lk,f,dp,lw,dE,lI50,data
1,35,-3.191693,70.000000,0.054198,0.050000,-4.587862,4.600000,0.900000,-1.419730,0.900000,0.001000,0.507017,1.000000,-1.103832,thai
2,35,-3.830110,70.000000,0.057807,0.050000,-4.592121,4.600000,0.900000,-1.419730,0.900000,0.001000,0.407922,1.000000,-1.046104,thai
3,35,-2.943613,70.000000,0.049811,0.050000,-4.631025,4.600000,0.900000,-1.419730,0.900000,0.001000,0.449884,1.000000,-1.073723,thai
4,35,-3.740760,70.000000,0.050553,0.050000,-4.609538,4.600000,0.900000,-1.419730,0.900000,0.001000,0.465882,1.000000,-1.069386,thai
5,35,-3.749931,70.000000,0.053093,0.050000,-4.570373,4.600000,0.900000,-1.419730,0.900000,0.001000,0.475663,1.000000,-1.049750,thai
6,35,-3.105929,70.000000,0.048348,0.050000,-4.579763,4.600000,0.900000,-1.419730,0.900000,0.001000,0.538627,1.000000,-1.094902,thai
7,35,-3.222085,70.000000,0.052618,0.050000,-4.623736,4.600000,0.900000,-1.419730,0.900000,0.001000,0.324503,1.000000,-1.012422,thai
8,35,-3.276317,70.000000,0.045324,0.050000,-4.630340,4.600000,0.900000,-1.419730,0.900000,0.001000,0.577880,1.000000,-1.126143,thai
9,35,-3.151701,70.000000,0.050180,0.050000,-4.611209,4.600000,0.900000,-1.419730,0.900000,0.001000,0.503660,1.000000,-1.089252,thai
10,35,-3.182918,70.000000,0.051428,0.050000,-4.605602,4.600000,0.900000,-1.419730,0.900000,0.001000,0.597661,1.000000,-1.163228,thai
1,36,-1.464376,70.000000,0.060506,0.050000,-4.704454,4.600000,0.900000,-1.419730,0.900000,0.001000,0.784309,1.000000,-0.975980,thai
2,36,-2.686669,70.000000,0.053900,0.050000,-4.748966,4.600000,0.900000,-1.419730,0.900000,0.001000,0.860002,1.000000,-1.023813,thai
3,36,-2.409393,70.000000,0.053681,0.050000,-4.733617,4.600000,0.900000,-1.419730,0.900000,0.001000,0.768395,1.000000,-0.998908,thai
4,36,-2.507893,70.000000,0.053594,0.050000,-4.697927,4.600000,0.900000,-1.419730,0.900000,0.001000,0.838197,1.000000,-1.072743,thai
5,36,-3.093123,70.000000,0.058774,0.050000,-4.713295,4.600000,0.900000,-1.419730,0.900000,0.001000,0.866837,1.000000,-1.105468,thai
6,36,-2.045765,70.000000,0.053655,0.050000,-4.761527,4.600000,0.900000,-1.419730,0.900000,0.001000,0.831131,1.000000,-1.056663,thai
7,36,-2.579603,70.000000,0.058896,0.050000,-4.743613,4.600000,0.900000,-1.419730,0.900000,0.001000,0.753949,1.000000,-0.955268,thai
8,36,-2.769214,70.000000,0.051266,0.050000,-4.763319,4.600000,0.900000,-1.419730,0.900000,0.001000,0.777227,1.000000,-1.007031,thai
9,36,-1.711778,70.000000,0.054484,0.050000,-4.651389,4.600000,0.900000,-1.419730,0.900000,0.001000,0.764039,1.000000,-0.948223,thai
10,36,-2.204289,70.000000,0.058235,0.050000,-4.692825,4.600000,0.900000,-1.419730,0.900000,0.001000,0.811788,1.000000,-0.993253,thai
1,37,-2.842738,70.000000,0.049052,0.050000,-4.641180,4.600000,0.900000,-1.419730,0.900000,0.001000,0.515005,1.000000,-1.109903,thai
2,37,-2.820060,70.000000,0.053211,0.050000,-4.667003,4.600000,0.900000,-1.419730,0.900000,0.001000,0.472723,1.000000,-1.165394,thai
3,37,-2.768671,70.000000,0.047268,0.050000,-4.681174,4.600000,0.900000,-1.419730,0.900000,0.001000,0.369944,1.000000,-1.050902,thai
4,37,-3.157624,70.000000,0.050242,0.050000,-4.687701,4.600000,0.900000,-1.419730,0.900000,0.001000,0.276105,1.000000,-1.099600,thai
5,37,-2.324599,70.000000,0.053162,0.050000,-4.633729,4.600000,0.900000,-1.419730,0.900000,0.001000,0.288052,1.000000,-1.023571,thai
6,37,-2.349800,70.000000,0.051101,0.050000,-4.681808,4.600000,0.900000,-1.419730,0.900000,0.001000,0.441293,1.000000,-1.086397,thai
7,37,-2.367686,70.000000,0.052085,0.050000,-4.648371,4.600000,0.900000,-1.419730,0.900000,0.001000,0.406880,1.000000,-1.165775,thai
8,37,-1.686082,70.000000,0.052702,0.050000,-4.581545,4.600000,0.900000,-1.419730,0.900000,0.001000,0.434630,1.000000,-1.013187,thai
9,37,-2.361145,70.000000,0.049880,0.050000,-4.685796,4.600000,0.900000,-1.419730,0.900000,0.001000,0.470736,1.000000,-1.145839,thai
10,37,-2.443503,70.000000,0.055567,0.050000,-4.643432,4.600000,0.900000,-1.419730,0.900000,0.001000,0.549572,1.000000,-1.113770,thai
1,38,-2.502001,70.000000,0.057210,0.050000,-4.594151,4.600000,0.900000,-1.419730,0.900000,0.001000,0.695049,1.000000,-1.026069,thai
2,38,-3.553180,70.000000,0.047461,0.050000,-4.689267,4.600000,0.900000,-1.419730,0.900000,0.001000,0.645112,1.000000,-1.084511,thai
3,38,-2.899881,70.000000,0.053510,0.050000,-4.628053,4.600000,0.900000,-1.419730,0.900000,0.001000,0.825531,1.000000,-1.074287,thai
4,38,-3.043133,70.000000,0.047344,0.050000,-4.700478,4.600000,0.900000,-1.419730,0.900000,0.001000,0.770462,1.000000,-1.073978,thai
5,38,-2.837534,70.000000,0.050581,0.050000,-4.615832,4.600000,0.900000,-1.419730,0.900000,0.001000,0.654027,1.000000,-1.048621,thai
6,38,-2.672981,70.000000,0.053165,0.050000,-4.598860,4.600000,0.900000,-1.419730,0.900000,0.001000,0.710611,1.000000,-1.074222,thai
7,38,-3.308289,70.000000,0.047995,0.050000,-4.709839,4.600000,0.900000,-1.419730,0.900000,0.001000,0.637829,1.000000,-1.090960,thai
8,38,-3.419543,70.000000,0.059546,0.050000,-4.593794,4.600000,0.900000,-1.419730,0.900000,0.001000,0.689884,1.000000,-1.125052,thai
9,38,-2.674857,70.000000,0.049931,0.050000,-4.593113,4.600000,0.900000,-1.419730,0.900000,0.001000,0.676953,1.000000,-1.069459,thai
10,38,-2.781101,70.000000,0.049662,0.050000,-4.654024,4.600000,0.900000,-1.419730,0.900000,0.001000,0.494869,1.000000,-1.066576,thai
1,39,-1.952800,70.000000,0.052444,0.050000,-4.750954,4.600000,0.900000,-1.419730,0.900000,0.001000,0.640135,1.000000,-1.014357,thai
2,39,-3.001460,70.000000,0.056079,0.050000,-4.688121,4.600000,0.900000,-1.419730,0.900000,0.001000,0.494579,1.000000,-1.009282,thai
3,39,-3.613961,70.000000,0.064745,0.050000,-4.688520,4.600000,0.900000,-1.419730,0.900000,0.001000,0.532657,1.000000,-1.027072,thai
4,39,-2.928764,70.000000,0.062633,0.050000,-4.660433,4.600000,0.900000,-1.419730,0.900000,0.001000,0.555098,1.000000,-1.090486,thai
5,39,-2.308440,70.000000,0.052509,0.050000,-4.752117,4.600000,0.900000,-1.419730,0.900000,0.001000,0.730773,1.000000,-1.047701,thai
6,39,-3.054353,70.000000,0.052596,0.050000,-4.723580,4.600000,0.900000,-1.419730,0.900000,0.001000,0.639010,1.000000,-1.122391,thai
7,39,-3.367092,70.000000,0.055780,0.050000,-4.738159,4.600000,0.900000,-1.419730,0.900000,0.001000,0.721371,1.000000,-1.080448,thai
8,39,-2.203817,70.000000,0.051270,0.050000,-4.742195,4.600000,0.900000,-1.419730,0.900000,0.001000,0.627642,1.000000,-1.122511,thai
9,39,-3.527774,70.000000,0.056817,0.050000,-4.728580,4.600000,0.900000,-1.419730,0.900000,0.001000,0.698031,1.000000,-1.100507,thai
10,39,-2.680099,70.000000,0.054444,0.050000,-4.682715,4.600000,0.900000,-1.419730,0.900000,0.001000,0.504752,1.000000,-1.029758,thai
1,40,-3.233690,70.000000,0.049679,0.050000,-4.682839,4.600000,0.900000,-1.419730,0.900000,0.001000,0.469539,1.000000,-1.082950,thai
2,40,-3.579498,70.000000,0.044279,0.050000,-4.691852,4.600000,0.900000,-1.419730,0.900000,0.001000,0.379760,1.000000,-1.046633,thai
3,40,-3.449949,70.000000,0.049265,0.050000,-4.683639,4.600000,0.900000,-1.419730,0.900000,0.001000,0.367841,1.000000,-0.991281,thai
4,40,-3.539618,70.000000,0.046643,0.050000,-4.664096,4.600000,0.900000,-1.419730,0.900000,0.001000,0.528411,1.000000,-1.172528,thai
5,40,-3.483732,70.000000,0.050931,0.050000,-4.645512,4.600000,0.900000,-1.419730,0.900000,0.001000,0.516985,1.000000,-1.064692,thai
6,40,-3.318499,70.000000,0.052532,0.050000,-4.599569,4.600000,0.900000,-1.419730,0.900000,0.001000,0.554031,1.000000,-1.152881,thai
7,40,-2.908336,70.000000,0.051589,0.050000,-4.611775,4.600000,0.900000,-1.419730,0.900000,0.001000,0.453623,1.000000,-1.080748,thai
8,40,-2.667455,70.000000,0.052173,0.050000,-4.550983,4.600000,0.900000,-1.419730,0.900000,0.001000,0.407208,1.000000,-1.050050,thai
9,40,-3.272944,70.000000,0.048152,0.050000,-4.652443,4.600000,0.900000,-1.419730,0.900000,0.001000,0.503911,1.000000,-1.116736,thai
10,40,-2.936244,70.000000,0.054563,0.050000,-4.548834,4.600000,0.900000,-1.419730,0.900000,0.001000,0.456302,1.000000,-1.044534,thai
1,41,-2.260387,70.000000,0.043732,0.050000,-4.729151,4.600000,0.900000,-1.419730,0.900000,0.001000,0.568691,1.000000,-1.043040,thai
2,41,-2.971126,70.000000,0.047802,0.050000,-4.671252,4.600000,0.900000,-1.419730,0.900000,0.001000,0.523540,1.000000,-1.012309,thai
3,41,-2.578268,70.000000,0.049538,0.050000,-4.669653,4.600000,0.900000,-1.419730,0.900000,0.001000,0.647361,1.000000,-1.105349,thai
4,41,-2.674123,70.000000,0.049482,0.050000,-4.655750,4.600000,0.900000,-1.419730,0.900000,0.001000,0.632916,1.000000,-1.014300,thai
5,41,-2.028315,70.000000,0.051141,0.050000,-4.663625,4.600000,0.900000,-1.419730,0.900000,0.001000,0.591902,1.000000,-1.077723,thai
6,41,-2.434597,70.000000,0.052942,0.050000,-4.649423,4.600000,0.900000,-1.419730,0.900000,0.001000,0.585887,1.000000,-0.993474,thai
7,41,-3.098689,70.000000,0.048510,0.050000,-4.724079,4.600000,0.900000,-1.419730,0.900000,0.001000,0.557940,1.000000,-1.097612,thai
8,41,-2.470027,70.000000,0.053727,0.050000,-4.648285,4.600000,0.900000,-1.419730,0.900000,0.001000,0.679831,1.000000,-1.065369,thai
9,41,-2.907700,70.000000,0.048512,0.050000,-4.651007,4.600000,0.900000,-1.419730,0.900000,0.001000,0.695255,1.000000,-1.078685,thai
10,41,-2.517359,70.000000,0.049221,0.050000,-4.686715,4.600000,0.900000,-1.419730,0.900000,0.001000,0.605627,1.000000,-1.093844,thai
1,42,-2.833461,70.000000,0.052318,0.050000,-4.674532,4.600000,0.900000,-1.419730,0.900000,0.001000,0.581229,1.000000,-1.044853,thai
2,42,-2.285424,70.000000,0.052868,0.050000,-4.665265,4.600000,0.900000,-1.419730,0.900000,0.001000,0.437732,1.000000,-1.048330,thai
3,42,-2.180314,70.000000,0.056871,0.050000,-4.622370,4.600000,0.900000,-1.419730,0.900000,0.001000,0.591011,1.000000,-1.129949,thai
4,42,-1.867040,70.000000,0.053002,0.050000,-4.603169,4.600000,0.900000,-1.419730,0.900000,0.001000,0.613066,1.000000,-1.113999,thai
5,42,-2.342767,70.000000,0.054254,0.050000,-4.656167,4.600000,0.900000,-1.419730,0.900000,0.001000,0.517408,1.000000,-1.035705,thai
6,42,-2.681583,70.000000,0.050820,0.050000,-4.670978,4.600000,0.900000,-1.419730,0.900000,0.001000,0.598883,1.000000,-1.098426,thai
7,42,-3.139842,70.000000,0.058164,0.050000,-4.634233,4.600000,0.900000,-1.419730,0.900000,0.001000,0.658240,1.000000,-1.178333,thai
8,42,-3.256445,70.000000,0.052433,0.050000,-4.654866,4.600000,0.900000,-1.419730,0.900000,0.001000,0.601122,1.000000,-1.125772,thai
9,42,-3.232587,70.000000,0.055258,0.050000,-4.677829,4.600000,0.900000,-1.419730,0.900000,0.001000,0.616653,1.000000,-1.089905,thai
10,42,-3.405106,70.000000,0.052927,0.050000,-4.699390,4.600000,0.900000,-1.419730,0.900000,0.001000,0.549515,1.000000,-1.077749,thai
1,43,-2.262218,70.000000,0.058313,0.050000,-4.679315,4.600000,0.900000,-1.419730,0.900000,0.001000,0.245060,1.000000,-1.089170,thai
2,43,-2.523643,70.000000,0.054633,0.050000,-4.698851,4.600000,0.900000,-1.419730,0.900000,0.001000,0.353299,1.000000,-1.119187,thai
3,43,-2.917724,70.000000,0.050566,0.050000,-4.719283,4.600000,0.900000,-1.419730,0.900000,0.001000,0.490282,1.000000,-1.121110,thai
4,43,-2.777637,70.000000,0.053339,0.050000,-4.705206,4.600000,0.900000,-1.419730,0.900000,0.001000,0.461754,1.000000,-1.051660,thai
5,43,-2.606241,70.000000,0.054915,0.050000,-4.650341,4.600000,0.900000,-1.419730,0.900000,0.001000,0.438442,1.000000,-1.089307,thai
6,43,-2.922028,70.000000,0.050422,0.050000,-4.720664,4.600000,0.900000,-1.419730,0.900000,0.001000,0.390093,1.000000,-1.070693,thai
7,43,-3.080190,70.000000,0.054253,0.050000,-4.704021,4.600000,0.900000,-1.419730,0.900000,0.001000,0.424632,1.000000,-1.113988,thai
8,43,-2.984530,70.000000,0.052494,0.050000,-4.685076,4.600000,0.900000,-1.419730,0.900000,0.001000,0.407656,1.000000,-1.001895,thai
9,43,-2.670504,70.000000,0.053649,0.050000,-4.673100,4.600000,0.900000,-1.419730,0.900000,0.001000,0.311024,1.000000,-1.077748,thai
10,43,-2.571841,70.000000,0.051684,0.050000,-4.694802,4.600000,0.900000,-1.419730,0.900000,0.001000,0.427324,1.000000,-1.075935,thai
1,44,-2.263766,70.000000,0.045435,0.050000,-4.622304,4.600000,0.900000,-1.419730,0.900000,0.001000,0.628382,1.000000,-1.023441,thai
2,44,-1.821499,70.000000,0.046574,0.050000,-4.595968,4.600000,0.900000,-1.419730,0.900000,0.001000,0.658465,1.000000,-1.119085,thai
3,44,-2.604098,70.000000,0.050939,0.050000,-4.571205,4.600000,0.900000,-1.419730,0.900000,0.001000,0.631187,1.000000,-1.063144,thai
4,44,-2.212653,70.000000,0.047042,0.050000,-4.612587,4.600000,0.900000,-1.419730,0.900000,0.001000,0.633915,1.000000,-1.077352,thai
5,44,-2.770931,70.000000,0.044318,0.050000,-4.665877,4.600000,0.900000,-1.419730,0.900000,0.001000,0.574501,1.000000,-1.060400,thai
6,44,-2.871161,70.000000,0.052564,0.050000,-4.588020,4.600000,0.900000,-1.419730,0.900000,0.001000,0.598660,1.000000,-1.065859,thai
7,44,-1.723876,70.000000,0.050985,0.050000,-4.578436,4.600000,0.900000,-1.419730,0.900000,0.001000,0.683952,1.000000,-1.001690,thai
8,44,-1.887802,70.000000,0.052263,0.050000,-4.592187,4.600000,0.900000,-1.419730,0.900000,0.001000,0.706586,1.000000,-1.008452,thai
9,44,-1.946170,70.000000,0.045393,0.050000,-4.624663,4.600000,0.900000,-1.419730,0.900000,0.001000,0.631877,1.000000,-1.082483,thai
10,44,-2.456852,70.000000,0.046832,0.050000,-4.604786,4.600000,0.900000,-1.419730,0.900000,0.001000,0.592762,1.000000,-1.003371,thai
1,45,-2.448348,70.000000,0.050905,0.050000,-4.694825,4.600000,0.900000,-1.419730,0.900000,0.001000,0.780623,1.000000,-1.002521,thai
2,45,-2.503597,70.000000,0.050300,0.050000,-4.731144,4.600000,0.900000,-1.419730,0.900000,0.001000,0.749838,1.000000,-1.039625,thai
3,45,-3.271106,70.000000,0.054885,0.050000,-4.729468,4.600000,0.900000,-1.419730,0.900000,0.001000,0.729968,1.000000,-1.104201,thai
4,45,-2.651435,70.000000,0.050321,0.050000,-4.726010,4.600000,0.900000,-1.419730,0.900000,0.001000,0.716395,1.000000,-1.064066,thai
5,45,-2.970495,70.000000,0.050904,0.050000,-4.724151,4.600000,0.900000,-1.419730,0.900000,0.001000,0.866173,1.000000,-1.149782,thai
6,45,-2.823708,70.000000,0.052327,0.050000,-4.719076,4.600000,0.900000,-1.419730,0.900000,0.001000,0.738743,1.000000,-1.070652,thai
7,45,-3.062727,70.000000,0.047275,0.050000,-4.773302,4.600000,0.900000,-1.419730,0.900000,0.001000,0.819057,1.000000,-1.078495,thai
8,45,-2.342693,70.000000,0.053397,0.050000,-4.672479,4.600000,0.900000,-1.419730,0.900000,0.001000,0.760788,1.000000,-1.069989,thai
9,45,-2.802058,70.000000,0.051505,0.050000,-4.684848,4.600000,0.900000,-1.419730,0.900000,0.001000,0.718973,1.000000,-0.996221,thai
10,45,-3.896613,70.000000,0.057499,0.050000,-4.718766,4.600000,0.900000,-1.419730,0.900000,0.001000,0.801883,1.000000,-1.168840,thai
1,46,-2.536859,70.000000,0.045051,0.050000,-4.662268,4.600000,0.900000,-1.419730,0.900000,0.001000,0.495361,1.000000,-1.095981,thai
2,46,-3.327068,70.000000,0.049509,0.050000,-4.631627,4.600000,0.900000,-1.419730,0.900000,0.001000,0.521472,1.000000,-1.101964,thai
3,46,-1.838127,70.000000,0.044294,0.050000,-4.661283,4.600000,0.900000,-1.419730,0.900000,0.001000,0.609528,1.000000,-0.991023,thai
4,46,-2.644544,70.000000,0.053492,0.050000,-4.573566,4.600000,0.900000,-1.419730,0.900000,0.001000,0.538611,1.000000,-1.054689,thai
5,46,-2.197081,70.000000,0.050350,0.050000,-4.608576,4.600000,0.900000,-1.419730,0.900000,0.001000,0.474101,1.000000,-1.072315,thai
6,46,-3.285401,70.000000,0.048878,0.050000,-4.620334,4.600000,0.900000,-1.419730,0.900000,0.001000,0.694241,1.000000,-1.103438,thai
7,46,-2.572588,70.000000,0.049143,0.050000,-4.648185,4.600000,0.900000,-1.419730,0.900000,0.001000,0.391698,1.000000,-0.977120,thai
8,46,-2.569584,70.000000,0.052178,0.050000,-4.583712,4.600000,0.900000,-1.419730,0.900000,0.001000,0.486608,1.000000,-1.033697,thai
9,46,-2.951502,70.000000,0.050275,0.050000,-4.611299,4.600000,0.900000,-1.419730,0.900000,0.001000,0.607658,1.000000,-1.077138,thai
10,46,-2.544200,70.000000,0.046393,0.050000,-4.648212,4.600000,0.900000,-1.419730,0.900000,0.001000,0.709053,1.000000,-1.120632,thai
1,47,-1.641199,70.000000,0.053529,0.050000,-4.628419,4.600000,0.900000,-1.419730,0.900000,0.001000,0.568927,1.000000,-1.089827,thai
2,47,-2.498282,70.000000,0.052507,0.050000,-4.687341,4.600000,0.900000,-1.419730,0.900000,0.001000,0.577322,1.000000,-1.050983,thai
3,47,-2.593086,70.000000,0.054413,0.050000,-4.651062,4.600000,0.900000,-1.419730,0.900000,0.001000,0.539437,1.000000,-1.083679,thai
4,47,-2.666102,70.000000,0.054143,0.050000,-4.654232,4.600000,0.900000,-1.419730,0.900000,0.001000,0.651310,1.000000,-1.141386,thai
5,47,-2.452408,70.000000,0.055869,0.050000,-4.655252,4.600000,0.900000,-1.419730,0.900000,0.001000,0.625425,1.000000,-1.087274,thai
6,47,-2.000356,70.000000,0.057575,0.050000,-4.666223,4.600000,0.900000,-1.419730,0.900000,0.001000,0.493394,1.000000,-1.060030,thai
7,47,-3.071145,70.000000,0.064053,0.050000,-4.601006,4.600000,0.900000,-1.419730,0.900000,0.001000,0.457366,1.000000,-0.978344,thai
8,47,-2.735400,70.000000,0.057388,0.050000,-4.631846,4.600000,0.900000,-1.419730,0.900000,0.001000,0.667943,1.000000,-1.126480,thai
9,47,-2.486341,70.000000,0.055354,0.050000,-4.651572,4.600000,0.900000,-1.419730,0.900000,0.001000,0.668338,1.000000,-1.048618,thai
10,47,-2.516290,70.000000,0.058831,0.050000,-4.618608,4.600000,0.900000,-1.419730,0.900000,0.001000,0.646428,1.000000,-1.081736,thai
1,48,-1.854356,70.000000,0.047158,0.050000,-4.729757,4.600000,0.900000,-1.419730,0.900000,0.001000,0.471138,1.000000,-1.079140,thai
2,48,-2.958714,70.000000,0.048503,0.050000,-4.773905,4.600000,0.900000,-1.419730,0.900000,0.001000,0.686365,1.000000,-1.156581,thai
3,48,-1.843153,70.000000,0.051872,0.050000,-4.697223,4.600000,0.900000,-1.419730,0.900000,0.001000,0.534688,1.000000,-1.059747,thai
4,48,-3.097157,70.000000,0.059465,0.050000,-4.696281,4.600000,0.900000,-1.419730,0.900000,0.001000,0.553793,1.000000,-1.125898,thai
5,48,-2.131375,70.000000,0.060327,0.050000,-4.654368,4.600000,0.900000,-1.419730,0.900000,0.001000,0.529858,1.000000,-1.093624,thai
6,48,-2.715256,70.000000,0.061821,0.050000,-4.650188,4.600000,0.900000,-1.419730,0.900000,0.001000,0.480705,1.000000,-1.032763,thai
7,48,-2.409320,70.000000,0.054501,0.050000,-4.679209,4.600000,0.900000,-1.419730,0.900000,0.001000,0.589068,1.000000,-1.116336,thai
8,48,-2.553563,70.000000,0.058485,0.050000,-4.674305,4.600000,0.900000,-1.419730,0.900000,0.001000,0.573173,1.000000,-1.010793,thai
9,48,-2.111518,70.000000,0.056712,0.050000,-4.674172,4.600000,0.900000,-1.419730,0.900000,0.001000,0.532042,1.000000,-1.051761,thai
10,48,-2.382845,70.000000,0.060713,0.050000,-4.670305,4.600000,0.900000,-1.419730,0.900000,0.001000,0.452194,1.000000,-1.044518,thai
1,49,-1.682338,70.000000,0.050204,0.050000,-4.755984,4.600000,0.900000,-1.419730,0.900000,0.001000,0.865706,1.000000,-1.089895,thai
2,49,-2.141075,70.000000,0.058383,0.050000,-4.750537,4.600000,0.900000,-1.419730,0.900000,0.001000,0.815329,1.000000,-1.039482,thai
3,49,-2.293705,70.000000,0.053470,0.050000,-4.765270,4.600000,0.900000,-1.419730,0.900000,0.001000,0.673900,1.000000,-0.981225,thai
4,49,-1.810210,70.000000,0.056933,0.050000,-4.736657,4.600000,0.900000,-1.419730,0.900000,0.001000,0.837243,1.000000,-1.120586,thai
5,49,-2.036475,70.000000,0.054096,0.050000,-4.745864,4.600000,0.900000,-1.419730,0.900000,0.001000,0.728816,1.000000,-1.002098,thai
6,49,-2.614064,70.000000,0.058941,0.050000,-4.747861,4.600000,0.900000,-1.419730,0.900000,0.001000,0.805877,1.000000,-1.125024,thai
7,49,-2.222760,70.000000,0.058593,0.050000,-4.727021,4.600000,0.900000,-1.419730,0.900000,0.001000,0.739153,1.000000,-1.026830,thai
8,49,-2.399989,70.000000,0.060883,0.050000,-4.723713,4.600000,0.900000,-1.419730,0.900000,0.001000,0.799326,1.000000,-1.079228,thai
9,49,-2.112920,70.000000,0.064910,0.050000,-4.675095,4.600000,0.900000,-1.419730,0.900000,0.001000,0.747181,1.000000,-1.001899,thai
10,49,-1.372355,70.000000,0.059747,0.050000,-4.680723,4.600000,0.900000,-1.419730,0.900000,0.001000,0.852056,1.000000,-1.047634,thai
1,50,-2.367936,70.000000,0.055462,0.050000,-4.680035,4.600000,0.900000,-1.419730,0.900000,0.001000,0.452636,1.000000,-1.058653,thai
2,50,-2.944260,70.000000,0.058646,0.050000,-4.669751,4.600000,0.900000,-1.419730,0.900000,0.001000,0.433198,1.000000,-1.072379,thai
3,50,-2.008888,70.000000,0.054228,0.050000,-4.666276,4.600000,0.900000,-1.419730,0.900000,0.001000,0.481893,1.000000,-1.021804,thai
4,50,-3.312928,70.000000,0.053049,0.050000,-4.669730,4.600000,0.900000,-1.419730,0.900000,0.001000,0.468837,1.000000,-1.062267,thai
5,50,-2.314949,70.000000,0.049144,0.050000,-4.721651,4.600000,0.900000,-1.419730,0.900000,0.001000,0.458863,1.000000,-1.111448,thai
6,50,-2.850674,70.000000,0.050524,0.050000,-4.746466,4.600000,0.900000,-1.419730,0.900000,0.001000,0.421097,1.000000,-1.039289,thai
7,50,-3.493123,70.000000,0.056205,0.050000,-4.683101,4.600000,0.900000,-1.419730,0.900000,0.001000,0.405512,1.000000,-1.057555,thai
8,50,-3.293814,70.000000,0.054247,0.050000,-4.696947,4.600000,0.900000,-1.419730,0.900000,0.001000,0.528129,1.000000,-1.107125,thai
9,50,-2.564672,70.000000,0.053052,0.050000,-4.704564,4.600000,0.900000,-1.419730,0.900000,0.001000,0.550824,1.000000,-1.151854,thai
10,50,-2.581290,70.000000,0.055893,0.050000,-4.615537,4.600000,0.900000,-1.419730,0.900000,0.001000,0.554158,1.000000,-1.072542,thai
1,51,-3.328657,70.000000,0.050749,0.050000,-4.693361,4.600000,0.900000,-1.419730,0.900000,0.001000,0.736147,1.000000,-1.049294,thai
2,51,-3.514531,70.000000,0.054379,0.050000,-4.659888,4.600000,0.900000,-1.419730,0.900000,0.001000,0.773673,1.000000,-1.075121,thai
3,51,-2.725569,70.000000,0.050695,0.050000,-4.673558,4.600000,0.900000,-1.419730,0.900000,0.001000,0.566751,1.000000,-0.992136,thai
4,51,-3.180163,70.000000,0.054779,0.050000,-4.655975,4.600000,0.900000,-1.419730,0.900000,0.001000,0.766278,1.000000,-1.075025,thai
5,51,-2.750273,70.000000,0.054201,0.050000,-4.678362,4.600000,0.900000,-1.419730,0.900000,0.001000,0.679564,1.000000,-1.101347,thai
6,51,-2.751753,70.000000,0.054757,0.050000,-4.671321,4.600000,0.900000,-1.419730,0.900000,0.001000,0.658970,1.000000,-1.133379,thai
7,51,-2.720119,70.000000,0.046799,0.050000,-4.684593,4.600000,0.900000,-1.419730,0.900000,0.001000,0.600227,1.000000,-1.072479,thai
8,51,-2.924977,70.000000,0.050434,0.050000,-4.692757,4.600000,0.900000,-1.419730,0.900000,0.001000,0.631352,1.000000,-1.009084,thai
9,51,-2.665067,70.000000,0.052186,0.050000,-4.697809,4.600000,0.900000,-1.419730,0.900000,0.001000,0.748848,1.000000,-1.080005,thai
10,51,-2.920229,70.000000,0.052834,0.050000,-4.666403,4.600000,0.900000,-1.419730,0.900000,0.001000,0.752728,1.000000,-1.003731,thai
1,1,-3.995994,70.000000,0.052600,0.050000,-4.682473,4.600000,0.900000,-1.419730,0.900000,0.001000,0.628338,1.000000,-1.104964,africa
2,1,-2.428860,70.000000,0.051635,0.050000,-4.607417,4.600000,0.900000,-1.419730,0.900000,0.001000,0.606109,1.000000,-1.057371,africa
3,1,-3.571842,70.000000,0.049146,0.050000,-4.733510,4.600000,0.900000,-1.419730,0.900000,0.001000,0.489485,1.000000,-1.055403,africa
4,1,-2.748796,70.000000,0.056592,0.050000,-4.651163,4.600000,0.900000,-1.419730,0.900000,0.001000,0.585479,1.000000,-1.065582,africa
5,1,-1.865262,70.000000,0.053083,0.050000,-4.656709,4.600000,0.900000,-1.419730,0.900000,0.001000,0.685611,1.000000,-1.163674,africa
6,1,-2.941557,70.000000,0.053830,0.050000,-4.663308,4.600000,0.900000,-1.419730,0.900000,0.001000,0.641268,1.000000,-1.156990,africa
7,1,-2.718391,70.000000,0.055390,0.050000,-4.665115,4.600000,0.900000,-1.419730,0.900000,0.001000,0.599700,1.000000,-1.050768,africa
8,1,-3.065607,70.000000,0.048608,0.050000,-4.700069,4.600000,0.900000,-1.419730,0.900000,0.001000,0.533808,1.000000,-1.017801,africa
9,1,-3.805549,70.000000,0.052708,0.050000,-4.720099,4.600000,0.900000,-1.419730,0.900000,0.001000,0.523784,1.000000,-1.033248,africa
10,1,-2.640241,70.000000,0.052555,0.050000,-4.608121,4.600000,0.900000,-1.419730,0.900000,0.001000,0.599065,1.000000,-1.082533,africa
1,2,-1.900733,70.000000,0.052079,0.050000,-4.632556,4.600000,0.900000,-1.419730,0.900000,0.001000,0.655649,1.000000,-1.127886,africa
2,2,-2.952143,70.000000,0.049865,0.050000,-4.707269,4.600000,0.900000,-1.419730,0.900000,0.001000,0.595180,1.000000,-1.100492,africa
3,2,-3.095028,70.000000,0.054514,0.050000,-4.654116,4.600000,0.900000,-1.419730,0.900000,0.001000,0.521728,1.000000,-0.932959,africa
4,2,-2.934302,70.000000,0.048744,0.050000,-4.690580,4.600000,0.900000,-1.419730,0.900000,0.001000,0.530702,1.000000,-1.065960,africa
5,2,-3.125125,70.000000,0.052790,0.050000,-4.684047,4.600000,0.900000,-1.419730,0.900000,0.001000,0.675019,1.000000,-1.026229,africa
6,2,-2.015953,70.000000,0.056846,0.050000,-4.621242,4.600000,0.900000,-1.419730,0.900000,0.001000,0.641874,1.000000,-1.118203,africa
7,2,-1.981449,70.000000,0.057333,0.050000,-4.667454,4.600000,0.900000,-1.419730,0.900000,0.001000,0.534697,1.000000,-1.033056,africa
8,2,-2.901529,70.000000,0.047145,0.050000,-4.722460,4.600000,0.900000,-1.419730,0.900000,0.001000,0.493632,1.000000,-1.049405,africa
9,2,-2.870562,70.000000,0.052215,0.050000,-4.689980,4.600000,0.900000,-1.419730,0.900000,0.001000,0.551718,1.000000,-1.047097,africa
10,2,-2.620997,70.000000,0.054990,0.050000,-4.676784,4.600000,0.900000,-1.419730,0.900000,0.001000,0.590258,1.000000,-1.065481,africa
1,3,-2.700260,70.000000,0.053061,0.050000,-4.677103,4.600000,0.900000,-1.419730,0.900000,0.001000,0.450559,1.000000,-1.022905,africa
2,3,-3.107326,70.000000,0.050759,0.050000,-4.719931,4.600000,0.900000,-1.419730,0.900000,0.001000,0.511266,1.000000,-1.063604,africa
3,3,-2.399718,70.000000,0.048373,0.050000,-4.703625,4.600000,0.900000,-1.419730,0.900000,0.001000,0.432437,1.000000,-1.009444,africa
4,3,-3.720303,70.000000,0.053071,0.050000,-4.700324,4.600000,0.900000,-1.419730,0.900000,0.001000,0.495049,1.000000,-1.051312,africa
5,3,-2.548258,70.000000,0.056373,0.050000,-4.662292,4.600000,0.900000,-1.419730,0.900000,0.001000,0.540589,1.000000,-1.106953,africa
6,3,-2.897020,70.000000,0.056544,0.050000,-4.682564,4.600000,0.900000,-1.419730,0.900000,0.001000,0.457236,1.000000,-1.006576,africa
7,3,-2.885043,70.000000,0.050348,0.050000,-4.699241,4.600000,0.900000,-1.419730,0.900000,0.001000,0.482581,1.000000,-1.017580,africa
8,3,-2.658932,70.000000,0.054068,0.050000,-4.643900,4.600000,0.900000,-1.419730,0.900000,0.001000,0.508934,1.000000,-1.045299,africa
9,3,-2.433012,70.000000,0.048804,0.050000,-4.684645,4.600000,0.900000,-1.419730,0.900000,0.001000,0.546981,1.000000,-1.087535,africa
10,3,-3.056652,70.000000,0.058017,0.050000,-4.636187,4.600000,0.900000,-1.419730,0.900000,0.001000,0.519867,1.000000,-1.041145,africa
1,4,-2.239468,70.000000,0.056882,0.050000,-4.666818,4.600000,0.900000,-1.419730,0.900000,0.001000,0.934041,1.000000,-1.083842,africa
2,4,-1.911208,70.000000,0.054510,0.050000,-4.613520,4.600000,0.900000,-1.419730,0.900000,0.001000,0.839602,1.000000,-1.066482,africa
3,4,-2.135132,70.000000,0.055007,0.050000,-4.658838,4.600000,0.900000,-1.419730,0.900000,0.001000,0.961604,1.000000,-1.040481,africa
4,4,-1.608772,70.000000,0.049819,0.050000,-4.644457,4.600000,0.900000,-1.419730,0.900000,0.001000,0.761210,1.000000,-1.015256,africa
5,4,-2.961649,70.000000,0.057270,0.050000,-4.656005,4.600000,0.900000,-1.419730,0.900000,0.001000,0.863562,1.000000,-1.017944,africa
6,4,-2.147649,70.000000,0.049361,0.050000,-4.663566,4.600000,0.900000,-1.419730,0.900000,0.001000,0.837724,1.000000,-1.064470,africa
7,4,-2.531633,70.000000,0.051022,0.050000,-4.629505,4.600000,0.900000,-1.419730,0.900000,0.001000,0.803443,1.000000,-1.001207,africa
8,4,-1.998186,70.000000,0.057008,0.050000,-4.639987,4.600000,0.900000,-1.419730,0.900000,0.001000,0.867075,1.000000,-1.056445,africa
9,4,-2.482781,70.000000,0.056023,0.050000,-4.616230,4.600000,0.900000,-1.419730,0.900000,0.001000,0.918439,1.000000,-1.078116,africa
10,4,-1.568057,70.000000,0.049619,0.050000,-4.602593,4.600000,0.900000,-1.419730,0.900000,0.001000,1.006544,1.000000,-1.124477,africa
1,5,-3.339611,70.000000,0.046271,0.050000,-4.651696,4.600000,0.900000,-1.419730,0.900000,0.001000,0.543071,1.000000,-1.038221,africa
2,5,-3.213393,70.000000,0.051290,0.050000,-4.659769,4.600000,0.900000,-1.419730,0.900000,0.001000,0.568275,1.000000,-1.063529,africa
3,5,-2.424668,70.000000,0.051668,0.050000,-4.618305,4.600000,0.900000,-1.419730,0.900000,0.001000,0.612695,1.000000,-1.051300,africa
4,5,-2.535345,70.000000,0.045865,0.050000,-4.716408,4.600000,0.900000,-1.419730,0.900000,0.001000,0.580582,1.000000,-1.097735,africa
5,5,-3.255368,70.000000,0.045710,0.050000,-4.725231,4.600000,0.900000,-1.419730,0.900000,0.001000,0.709320,1.000000,-1.171812,africa
6,5,-2.994390,70.000000,0.052594,0.050000,-4.633698,4.600000,0.900000,-1.419730,0.900000,0.001000,0.582058,1.000000,-1.020746,africa
7,5,-3.415068,70.000000,0.055169,0.050000,-4.607176,4.600000,0.900000,-1.419730,0.900000,0.001000,0.721815,1.000000,-1.165869,africa
8,5,-3.484190,70.000000,0.050822,0.050000,-4.641724,4.600000,0.900000,-1.419730,0.900000,0.001000,0.675105,1.000000,-1.054235,africa
9,5,-2.962368,70.000000,0.048110,0.050000,-4.667848,4.600000,0.900000,-1.419730,0.900000,0.001000,0.490418,1.000000,-1.067194,africa
10,5,-2.969379,70.000000,0.049595,0.050000,-4.633591,4.600000,0.900000,-1.419730,0.900000,0.001000,0.536892,1.000000,-1.035524,africa
1,6,-2.224617,70.000000,0.043993,0.050000,-4.524310,4.600000,0.900000,-1.419730,0.900000,0.001000,0.721262,1.000000,-1.093473,africa
2,6,-2.835128,70.000000,0.052755,0.050000,-4.580090,4.600000,0.900000,-1.419730,0.900000,0.001000,0.574088,1.000000,-1.008597,africa
3,6,-2.724083,70.000000,0.048442,0.050000,-4.612289,4.600000,0.900000,-1.419730,0.900000,0.001000,0.639751,1.000000,-0.952402,africa
4,6,-2.004932,70.000000,0.045027,0.050000,-4.553657,4.600000,0.900000,-1.419730,0.900000,0.001000,0.643916,1.000000,-1.078539,africa
5,6,-2.692618,70.000000,0.046706,0.050000,-4.598612,4.600000,0.900000,-1.419730,0.900000,0.001000,0.536016,1.000000,-0.998506,africa
6,6,-1.817633,70.000000,0.047525,0.050000,-4.573406,4.600000,0.900000,-1.419730,0.900000,0.001000,0.737267,1.000000,-1.133610,africa
7,6,-2.150751,70.000000,0.045410,0.050000,-4.581050,4.600000,0.900000,-1.419730,0.900000,0.001000,0.639992,1.000000,-1.048215,africa
8,6,-2.031661,70.000000,0.045322,0.050000,-4.590457,4.600000,0.900000,-1.419730,0.900000,0.001000,0.648744,1.000000,-1.057550,africa
9,6,-2.058709,70.000000,0.045985,0.050000,-4.575743,4.600000,0.900000,-1.419730,0.900000,0.001000,0.628606,1.000000,-1.006671,africa
10,6,-2.275619,70.000000,0.046890,0.050000,-4.585525,4.600000,0.900000,-1.419730,0.900000,0.001000,0.638500,1.000000,-1.055155,africa
1,7,-1.990563,70.000000,0.051570,0.050000,-4.666528,4.600000,0.900000,-1.419730,0.900000,0.001000,1.150817,1.000000,-1.030532,africa
2,7,-2.952579,70.000000,0.054519,0.050000,-4.663093,4.600000,0.900000,-1.419730,0.900000,0.001000,1.094334,1.000000,-1.035637,africa
3,7,-3.022891,70.000000,0.051395,0.050000,-4.673872,4.600000,0.900000,-1.419730,0.900000,0.001000,1.102973,1.000000,-1.075723,africa
4,7,-3.166181,70.000000,0.055254,0.050000,-4.754236,4.600000,0.900000,-1.419730,0.900000,0.001000,1.127009,1.000000,-1.110908,africa
5,7,-2.693694,70.000000,0.055743,0.050000,-4.702159,4.600000,0.900000,-1.419730,0.900000,0.001000,1.041508,1.000000,-1.077194,africa
6,7,-2.739689,70.000000,0.055580,0.050000,-4.639811,4.600000,0.900000,-1.419730,0.900000,0.001000,1.108696,1.000000,-1.055088,africa
7,7,-2.072995,70.000000,0.049891,0.050000,-4.707065,4.600000,0.900000,-1.419730,0.900000,0.001000,1.100011,1.000000,-0.996147,africa
8,7,-3.497309,70.000000,0.054468,0.050000,-4.671303,4.600000,0.900000,-1.419730,0.900000,0.001000,1.119042,1.000000,-1.113424,africa
9,7,-3.436428,70.000000,0.054588,0.050000,-4.616572,4.600000,0.900000,-1.419730,0.900000,0.001000,1.230068,1.000000,-1.049900,africa
10,7,-2.641437,70.000000,0.050521,0.050000,-4.670475,4.600000,0.900000,-1.419730,0.900000,0.001000,1.134637,1.000000,-1.062928,africa
1,8,-2.683564,70.000000,0.051401,0.050000,-4.647192,4.600000,0.900000,-1.419730,0.900000,0.001000,0.665483,1.000000,-1.132297,africa
2,8,-2.073027,70.000000,0.045470,0.050000,-4.677715,4.600000,0.900000,-1.419730,0.900000,0.001000,0.664287,1.000000,-1.065593,africa
3,8,-2.697470,70.000000,0.046228,0.050000,-4.709629,4.600000,0.900000,-1.419730,0.900000,0.001000,0.560436,1.000000,-1.006608,africa
4,8,-2.194569,70.000000,0.047309,0.050000,-4.668632,4.600000,0.900000,-1.419730,0.900000,0.001000,0.582500,1.000000,-1.045213,africa
5,8,-2.047788,70.000000,0.052904,0.050000,-4.656649,4.600000,0.900000,-1.419730,0.900000,0.001000,0.702884,1.000000,-1.098382,africa
6,8,-2.401594,70.000000,0.047132,0.050000,-4.674278,4.600000,0.900000,-1.419730,0.900000,0.001000,0.669811,1.000000,-1.096912,africa
7,8,-2.388906,70.000000,0.042707,0.050000,-4.735330,4.600000,0.900000,-1.419730,0.900000,0.001000,0.628438,1.000000,-1.116956,africa
8,8,-2.349110,70.000000,0.046325,0.050000,-4.675973,4.600000,0.900000,-1.419730,0.900000,0.001000,0.736454,1.000000,-1.143815,africa
9,8,-2.564918,70.000000,0.051188,0.050000,-4.673463,4.600000,0.900000,-1.419730,0.900000,0.001000,0.640469,1.000000,-1.048483,africa
10,8,-2.326235,70.000000,0.048624,0.050000,-4.638544,4.600000,0.900000,-1.419730,0.900000,0.001000,0.586656,1.000000,-1.028579,africa
1,9,-2.714628,70.000000,0.047238,0.050000,-4.609011,4.600000,0.900000,-1.419730,0.900000,0.001000,1.059498,1.000000,-1.022507,africa
2,9,-2.135100,70.000000,0.041656,0.050000,-4.699174,4.600000,0.900000,-1.419730,0.900000,0.001000,0.954568,1.000000,-1.024260,africa
3,9,-3.647529,70.000000,0.048069,0.050000,-4.640732,4.600000,0.900000,-1.419730,0.900000,0.001000,1.027165,1.000000,-1.056786,africa
4,9,-3.443425,70.000000,0.053831,0.050000,-4.581537,4.600000,0.900000,-1.419730,0.900000,0.001000,0.756487,1.000000,-1.097042,africa
5,9,-3.339709,70.000000,0.049143,0.050000,-4.638984,4.600000,0.900000,-1.419730,0.900000,0.001000,1.005878,1.000000,-1.103251,africa
6,9,-3.390009,70.000000,0.051574,0.050000,-4.607939,4.600000,0.900000,-1.419730,0.900000,0.001000,0.784476,1.000000,-0.946414,africa
7,9,-2.885224,70.000000,0.058338,0.050000,-4.566365,4.600000,0.900000,-1.419730,0.900000,0.001000,0.928017,1.000000,-1.005848,africa
8,9,-2.045659,70.000000,0.050823,0.050000,-4.592865,4.600000,0.900000,-1.419730,0.900000,0.001000,0.814179,1.000000,-1.022712,africa
9,9,-2.942254,70.000000,0.043263,0.050000,-4.673788,4.600000,0.900000,-1.419730,0.900000,0.001000,0.844152,1.000000,-1.053209,africa
10,9,-2.528700,70.000000,0.055276,0.050000,-4.634832,4.600000,0.900000,-1.419730,0.900000,0.001000,0.868346,1.000000,-1.039513,africa
1,10,-2.285565,70.000000,0.054201,0.050000,-4.593775,4.600000,0.900000,-1.419730,0.900000,0.001000,0.706894,1.000000,-1.010471,africa
2,10,-2.441500,70.000000,0.051584,0.050000,-4.586827,4.600000,0.900000,-1.419730,0.900000,0.001000,0.782548,1.000000,-1.039610,africa
3,10,-3.351293,70.000000,0.053728,0.050000,-4.628663,4.600000,0.900000,-1.419730,0.900000,0.001000,0.881335,1.000000,-1.038743,africa
4,10,-3.107786,70.000000,0.051727,0.050000,-4.632502,4.600000,0.900000,-1.419730,0.900000,0.001000,0.819320,1.000000,-1.050461,africa
5,10,-2.907805,70.000000,0.053399,0.050000,-4.603609,4.600000,0.900000,-1.419730,0.900000,0.001000,0.765450,1.000000,-1.117221,africa
6,10,-2.812836,70.000000,0.046246,0.050000,-4.611168,4.600000,0.900000,-1.419730,0.900000,0.001000,0.795274,1.000000,-1.081588,africa
7,10,-3.585306,70.000000,0.046812,0.050000,-4.661317,4.600000,0.900000,-1.419730,0.900000,0.001000,0.752007,1.000000,-1.069793,africa
8,10,-3.147305,70.000000,0.052564,0.050000,-4.650609,4.600000,0.900000,-1.419730,0.900000,0.001000,0.734151,1.000000,-1.063421,africa
9,10,-3.091379,70.000000,0.059453,0.050000,-4.608162,4.600000,0.900000,-1.419730,0.900000,0.001000,0.749358,1.000000,-1.068597,africa
10,10,-3.509642,70.000000,0.054520,0.050000,-4.610289,4.600000,0.900000,-1.419730,0.900000,0.001000,0.673464,1.000000,-1.032206,africa
1,11,-2.389114,70.000000,0.049613,0.050000,-4.698073,4.600000,0.900000,-1.419730,0.900000,0.001000,0.691996,1.000000,-1.057727,africa
2,11,-2.664631,70.000000,0.054346,0.050000,-4.657227,4.600000,0.900000,-1.419730,0.900000,0.001000,0.606974,1.000000,-1.041595,africa
3,11,-2.373910,70.000000,0.048228,0.050000,-4.717599,4.600000,0.900000,-1.419730,0.900000,0.001000,0.661920,1.000000,-1.114849,africa
4,11,-2.776126,70.000000,0.051651,0.050000,-4.699071,4.600000,0.900000,-1.419730,0.900000,0.001000,0.578372,1.000000,-1.079406,africa
5,11,-2.419824,70.000000,0.055104,0.050000,-4.656242,4.600000,0.900000,-1.419730,0.900000,0.001000,0.516611,1.000000,-1.046178,africa
6,11,-3.186949,70.000000,0.049156,0.050000,-4.739646,4.600000,0.900000,-1.419730,0.900000,0.001000,0.446923,1.000000,-1.019269,africa
7,11,-2.990869,70.000000,0.052828,0.050000,-4.697775,4.600000,0.900000,-1.419730,0.900000,0.001000,0.618598,1.000000,-0.989599,africa
8,11,-2.146959,70.000000,0.050247,0.050000,-4.677442,4.600000,0.900000,-1.419730,0.900000,0.001000,0.645793,1.000000,-1.105515,africa
9,11,-3.229609,70.000000,0.049248,0.050000,-4.714444,4.600000,0.900000,-1.419730,0.900000,0.001000,0.663557,1.000000,-1.058577,africa
10,11,-3.043397,70.000000,0.054832,0.050000,-4.668749,4.600000,0.900000,-1.419730,0.900000,0.001000,0.629382,1.000000,-1.098181,africa
1,12,-2.121484,70.000000,0.051065,0.050000,-4.633335,4.600000,0.900000,-1.419730,0.900000,0.001000,0.940992,1.000000,-1.075097,africa
2,12,-2.116264,70.000000,0.054052,0.050000,-4.622360,4.600000,0.900000,-1.419730,0.900000,0.001000,0.804890,1.000000,-1.004238,africa
3,12,-2.056522,70.000000,0.044399,0.050000,-4.693822,4.600000,0.900000,-1.419730,0.900000,0.001000,0.722298,1.000000,-1.089801,africa
4,12,-1.525088,70.000000,0.051899,0.050000,-4.645270,4.600000,0.900000,-1.419730,0.900000,0.001000,0.876882,1.000000,-1.026996,africa
5,12,-1.643888,70.000000,0.049736,0.050000,-4.643041,4.600000,0.900000,-1.419730,0.900000,0.001000,0.919159,1.000000,-1.068489,africa
6,12,-2.982574,70.000000,0.049571,0.050000,-4.711716,4.600000,0.900000,-1.419730,0.900000,0.001000,0.803528,1.000000,-0.971905,africa
7,12,-2.966921,70.000000,0.044700,0.050000,-4.684297,4.600000,0.900000,-1.419730,0.900000,0.001000,0.880875,1.000000,-1.028306,africa
8,12,-2.049061,70.000000,0.055894,0.050000,-4.578975,4.600000,0.900000,-1.419730,0.900000,0.001000,0.778931,1.000000,-1.020305,africa
9,12,-2.326883,70.000000,0.049179,0.050000,-4.617742,4.600000,0.900000,-1.419730,0.900000,0.001000,0.830587,1.000000,-1.108222,africa
10,12,-1.320797,70.000000,0.055199,0.050000,-4.540754,4.600000,0.900000,-1.419730,0.900000,0.001000,0.792482,1.000000,-1.072357,africa
1,13,-2.257855,70.000000,0.061414,0.050000,-4.674304,4.600000,0.900000,-1.419730,0.900000,0.001000,0.801068,1.000000,-1.041214,africa
2,13,-3.385720,70.000000,0.053093,0.050000,-4.737375,4.600000,0.900000,-1.419730,0.900000,0.001000,0.749914,1.000000,-1.024061,africa
3,13,-2.812203,70.000000,0.055871,0.050000,-4.677476,4.600000,0.900000,-1.419730,0.900000,0.001000,0.823358,1.000000,-1.004850,africa
4,13,-2.703166,70.000000,0.052912,0.050000,-4.640495,4.600000,0.900000,-1.419730,0.900000,0.001000,0.917132,1.000000,-0.990995,africa
5,13,-2.772785,70.000000,0.058100,0.050000,-4.707708,4.600000,0.900000,-1.419730,0.900000,0.001000,0.825109,1.000000,-1.030713,africa
6,13,-2.828094,70.000000,0.059141,0.050000,-4.711153,4.600000,0.900000,-1.419730,0.900000,0.001000,0.809349,1.000000,-1.092450,africa
7,13,-1.804036,70.000000,0.048220,0.050000,-4.751152,4.600000,0.900000,-1.419730,0.900000,0.001000,0.922942,1.000000,-1.080840,africa
8,13,-3.318982,70.000000,0.046930,0.050000,-4.746708,4.600000,0.900000,-1.419730,0.900000,0.001000,0.780278,1.000000,-1.036551,africa
9,13,-2.441610,70.000000,0.052808,0.050000,-4.674061,4.600000,0.900000,-1.419730,0.900000,0.001000,0.990265,1.000000,-1.118244,africa
10,13,-2.404957,70.000000,0.050093,0.050000,-4.746963,4.600000,0.900000,-1.419730,0.900000,0.001000,0.883897,1.000000,-1.133725,africa
1,14,-2.401484,70.000000,0.044041,0.050000,-4.724974,4.600000,0.900000,-1.419730,0.900000,0.001000,0.905216,1.000000,-1.013269,africa
2,14,-2.635476,70.000000,0.044982,0.050000,-4.728517,4.600000,0.900000,-1.419730,0.900000,0.001000,0.926585,1.000000,-1.081544,africa
3,14,-2.853841,70.000000,0.056434,0.050000,-4.678762,4.600000,0.900000,-1.419730,0.900000,0.001000,0.886373,1.000000,-1.060726,africa
4,14,-1.391633,70.000000,0.053308,0.050000,-4.647818,4.600000,0.900000,-1.419730,0.900000,0.001000,0.840551,1.000000,-0.992787,africa
5,14,-2.729127,70.000000,0.047893,0.050000,-4.723576,4.600000,0.900000,-1.419730,0.900000,0.001000,0.852464,1.000000,-1.036532,africa
6,14,-2.471153,70.000000,0.055061,0.050000,-4.725666,4.600000,0.900000,-1.419730,0.900000,0.001000,0.770406,1.000000,-0.978790,africa
7,14,-1.761980,70.000000,0.045590,0.050000,-4.729699,4.600000,0.900000,-1.419730,0.900000,0.001000,0.967249,1.000000,-1.100870,africa
8,14,-2.344546,70.000000,0.049863,0.050000,-4.711051,4.600000,0.900000,-1.419730,0.900000,0.001000,0.925472,1.000000,-1.017778,africa
9,14,-2.405686,70.000000,0.054586,0.050000,-4.662573,4.600000,0.900000,-1.419730,0.900000,0.001000,0.867811,1.000000,-1.067915,africa
10,14,-2.156747,70.000000,0.053106,0.050000,-4.717823,4.600000,0.900000,-1.419730,0.900000,0.001000,0.842904,1.000000,-1.000229,africa
1,15,-3.256361,70.000000,0.047837,0.050000,-4.744607,4.600000,0.900000,-1.419730,0.900000,0.001000,0.589291,1.000000,-1.141215,africa
2,15,-2.757308,70.000000,0.051312,0.050000,-4.663543,4.600000,0.900000,-1.419730,0.900000,0.001000,0.477828,1.000000,-1.051016,africa
3,15,-2.753785,70.000000,0.054140,0.050000,-4.679219,4.600000,0.900000,-1.419730,0.900000,0.001000,0.464156,1.000000,-1.071134,africa
4,15,-2.862546,70.000000,0.045844,0.050000,-4.719759,4.600000,0.900000,-1.419730,0.900000,0.001000,0.495372,1.000000,-1.093435,africa
5,15,-3.217690,70.000000,0.045617,0.050000,-4.742006,4.600000,0.900000,-1.419730,0.900000,0.001000,0.510520,1.000000,-1.100662,africa
6,15,-3.052272,70.000000,0.052148,0.050000,-4.696274,4.600000,0.900000,-1.419730,0.900000,0.001000,0.497923,1.000000,-1.051777,africa
7,15,-2.729592,70.000000,0.049126,0.050000,-4.684311,4.600000,0.900000,-1.419730,0.900000,0.001000,0.555888,1.000000,-1.086990,africa
8,15,-2.970762,70.000000,0.051448,0.050000,-4.666187,4.600000,0.900000,-1.419730,0.900000,0.001000,0.498735,1.000000,-1.099462,africa
9,15,-2.579434,70.000000,0.057531,0.050000,-4.647975,4.600000,0.900000,-1.419730,0.900000,0.001000,0.543023,1.000000,-1.098951,africa
10,15,-2.911322,70.000000,0.050991,0.050000,-4.693157,4.600000,0.900000,-1.419730,0.900000,0.001000,0.514882,1.000000,-1.101521,africa
1,16,-2.754786,70.000000,0.057414,0.050000,-4.664496,4.600000,0.900000,-1.419730,0.900000,0.001000,0.644766,1.000000,-1.141394,africa
2,16,-3.533246,70.000000,0.060527,0.050000,-4.667215,4.600000,0.900000,-1.419730,0.900000,0.001000,0.540406,1.000000,-1.098000,africa
3,16,-3.120924,70.000000,0.056330,0.050000,-4.687149,4.600000,0.900000,-1.419730,0.900000,0.001000,0.602477,1.000000,-1.117876,africa
4,16,-2.797558,70.000000,0.048900,0.050000,-4.737021,4.600000,0.900000,-1.419730,0.900000,0.001000,0.495168,1.000000,-1.079821,africa
5,16,-2.371446,70.000000,0.052344,0.050000,-4.685149,4.600000,0.900000,-1.419730,0.900000,0.001000,0.509366,1.000000,-0.987822,africa
6,16,-2.139753,70.000000,0.051939,0.050000,-4.726013,4.600000,0.900000,-1.419730,0.900000,0.001000,0.456822,1.000000,-1.018579,africa
7,16,-2.906577,70.000000,0.057969,0.050000,-4.681894,4.600000,0.900000,-1.419730,0.900000,0.001000,0.521544,1.000000,-1.097668,africa
8,16,-3.156385,70.000000,0.061386,0.050000,-4.637173,4.600000,0.900000,-1.419730,0.900000,0.001000,0.493346,1.000000,-1.023479,africa
9,16,-2.599955,70.000000,0.055775,0.050000,-4.673111,4.600000,0.900000,-1.419730,0.900000,0.001000,0.581248,1.000000,-1.087343,africa
10,16,-1.799554,70.000000,0.054037,0.050000,-4.682485,4.600000,0.900000,-1.419730,0.900000,0.001000,0.420755,1.000000,-1.095760,africa
1,17,-2.721092,70.000000,0.059309,0.050000,-4.696829,4.600000,0.900000,-1.419730,0.900000,0.001000,0.548515,1.000000,-1.055838,africa
2,17,-2.990164,70.000000,0.054655,0.050000,-4.742091,4.600000,0.900000,-1.419730,0.900000,0.001000,0.719493,1.000000,-1.102502,africa
3,17,-2.439830,70.000000,0.055856,0.050000,-4.675665,4.600000,0.900000,-1.419730,0.900000,0.001000,0.315762,1.000000,-1.094598,africa
4,17,-2.747283,70.000000,0.055242,0.050000,-4.614405,4.600000,0.900000,-1.419730,0.900000,0.001000,0.464300,1.000000,-1.013172,africa
5,17,-1.583603,70.000000,0.057559,0.050000,-4.649907,4.600000,0.900000,-1.419730,0.900000,0.001000,0.295763,1.000000,-1.047790,africa
6,17,-2.530047,70.000000,0.048830,0.050000,-4.719031,4.600000,0.900000,-1.419730,0.900000,0.001000,0.552312,1.000000,-1.042211,africa
7,17,-2.155674,70.000000,0.051306,0.050000,-4.671825,4.600000,0.900000,-1.419730,0.900000,0.001000,0.759253,1.000000,-1.033625,africa
8,17,-1.991417,70.000000,0.048603,0.050000,-4.703025,4.600000,0.900000,-1.419730,0.900000,0.001000,0.768910,1.000000,-1.051129,africa
9,17,-2.759543,70.000000,0.047401,0.050000,-4.706044,4.600000,0.900000,-1.419730,0.900000,0.001000,0.748834,1.000000,-1.040736,africa
10,17,-1.875893,70.000000,0.056105,0.050000,-4.650413,4.600000,0.900000,-1.419730,0.900000,0.001000,0.770361,1.000000,-1.053278,africa
1,18,-2.502757,70.000000,0.062163,0.050000,-4.745439,4.600000,0.900000,-1.419730,0.900000,0.001000,0.668764,1.000000,-1.014672,africa
2,18,-1.965103,70.000000,0.055232,0.050000,-4.815290,4.600000,0.900000,-1.419730,0.900000,0.001000,0.736943,1.000000,-1.011773,africa
3,18,-2.744049,70.000000,0.055428,0.050000,-4.829595,4.600000,0.900000,-1.419730,0.900000,0.001000,0.719498,1.000000,-1.058536,africa
4,18,-3.317142,70.000000,0.056093,0.050000,-4.818962,4.600000,0.900000,-1.419730,0.900000,0.001000,0.754400,1.000000,-1.050228,africa
5,18,-2.168603,70.000000,0.059884,0.050000,-4.713568,4.600000,0.900000,-1.419730,0.900000,0.001000,0.820069,1.000000,-1.080397,africa
6,18,-2.032336,70.000000,0.059980,0.050000,-4.766341,4.600000,0.900000,-1.419730,0.900000,0.001000,0.772370,1.000000,-1.097189,africa
7,18,-2.228633,70.000000,0.055981,0.050000,-4.726563,4.600000,0.900000,-1.419730,0.900000,0.001000,0.720119,1.000000,-1.003308,africa
8,18,-1.511798,70.000000,0.060774,0.050000,-4.701381,4.600000,0.900000,-1.419730,0.900000,0.001000,0.878909,1.000000,-1.096053,africa
9,18,-2.134694,70.000000,0.052134,0.050000,-4.802843,4.600000,0.900000,-1.419730,0.900000,0.001000,0.759718,1.000000,-1.039096,africa
10,18,-1.739136,70.000000,0.064993,0.050000,-4.730155,4.600000,0.900000,-1.419730,0.900000,0.001000,0.857565,1.000000,-1.060668,africa
1,19,-2.741648,70.000000,0.053089,0.050000,-4.605609,4.600000,0.900000,-1.419730,0.900000,0.001000,0.500424,1.000000,-1.050149,africa
2,19,-2.149322,70.000000,0.049851,0.050000,-4.556795,4.600000,0.900000,-1.419730,0.900000,0.001000,0.499557,1.000000,-1.045059,africa
3,19,-2.780312,70.000000,0.044785,0.050000,-4.635234,4.600000,0.900000,-1.419730,0.900000,0.001000,0.479095,1.000000,-1.064809,africa
4,19,-2.481809,70.000000,0.055954,0.050000,-4.592073,4.600000,0.900000,-1.419730,0.900000,0.001000,0.471580,1.000000,-1.009847,africa
5,19,-2.191640,70.000000,0.050104,0.050000,-4.597567,4.600000,0.900000,-1.419730,0.900000,0.001000,0.509266,1.000000,-1.024670,africa
6,19,-2.100913,70.000000,0.058348,0.050000,-4.556790,4.600000,0.900000,-1.419730,0.900000,0.001000,0.492198,1.000000,-1.045163,africa
7,19,-2.123598,70.000000,0.050674,0.050000,-4.572205,4.600000,0.900000,-1.419730,0.900000,0.001000,0.619240,1.000000,-1.106683,africa
8,19,-1.091507,70.000000,0.044489,0.050000,-4.557560,4.600000,0.900000,-1.419730,0.900000,0.001000,0.605515,1.000000,-1.052839,africa
9,19,-2.083379,70.000000,0.051903,0.050000,-4.594621,4.600000,0.900000,-1.419730,0.900000,0.001000,0.496234,1.000000,-1.048732,africa
10,19,-2.375134,70.000000,0.050336,0.050000,-4.615938,4.600000,0.900000,-1.419730,0.900000,0.001000,0.484884,1.000000,-1.016125,africa
1,20,-2.626438,70.000000,0.051919,0.050000,-4.692538,4.600000,0.900000,-1.419730,0.900000,0.001000,0.347504,1.000000,-1.001131,africa
2,20,-2.856808,70.000000,0.055041,0.050000,-4.628575,4.600000,0.900000,-1.419730,0.900000,0.001000,0.743260,1.000000,-1.049997,africa
3,20,-2.750717,70.000000,0.050348,0.050000,-4.707484,4.600000,0.900000,-1.419730,0.900000,0.001000,0.455007,1.000000,-1.064052,africa
4,20,-2.485904,70.000000,0.052790,0.050000,-4.707548,4.600000,0.900000,-1.419730,0.900000,0.001000,0.348360,1.000000,-1.066132,africa
5,20,-3.433679,70.000000,0.051749,0.050000,-4.696463,4.600000,0.900000,-1.419730,0.900000,0.001000,0.590601,1.000000,-1.051426,africa
6,20,-2.536160,70.000000,0.052018,0.050000,-4.668908,4.600000,0.900000,-1.419730,0.900000,0.001000,0.552180,1.000000,-1.139282,africa
7,20,-3.105193,70.000000,0.052746,0.050000,-4.648641,4.600000,0.900000,-1.419730,0.900000,0.001000,0.714423,1.000000,-1.043590,africa
8,20,-2.806974,70.000000,0.047581,0.050000,-4.663716,4.600000,0.900000,-1.419730,0.900000,0.001000,0.682653,1.000000,-1.032639,africa
9,20,-3.535595,70.000000,0.055021,0.050000,-4.639120,4.600000,0.900000,-1.419730,0.900000,0.001000,0.742977,1.000000,-1.041080,africa
10,20,-3.613922,70.000000,0.047549,0.050000,-4.712694,4.600000,0.900000,-1.419730,0.900000,0.001000,0.342237,1.000000,-1.110074,africa
1,21,-3.141638,70.000000,0.055307,0.050000,-4.578722,4.600000,0.900000,-1.419730,0.900000,0.001000,0.368401,1.000000,-1.048859,africa
2,21,-2.422457,70.000000,0.051533,0.050000,-4.600921,4.600000,0.900000,-1.419730,0.900000,0.001000,0.164985,1.000000,-0.960583,africa
3,21,-2.619407,70.000000,0.050732,0.050000,-4.599627,4.600000,0.900000,-1.419730,0.900000,0.001000,0.310382,1.000000,-1.037797,africa
4,21,-2.833000,70.000000,0.052188,0.050000,-4.613718,4.600000,0.900000,-1.419730,0.900000,0.001000,0.248181,1.000000,-1.078108,africa
5,21,-2.603229,70.000000,0.049418,0.050000,-4.576278,4.600000,0.900000,-1.419730,0.900000,0.001000,0.238700,1.000000,-1.051134,africa
6,21,-3.293796,70.000000,0.051938,0.050000,-4.591925,4.600000,0.900000,-1.419730,0.900000,0.001000,0.135486,1.000000,-1.032617,africa
7,21,-2.498039,70.000000,0.048557,0.050000,-4.612025,4.600000,0.900000,-1.419730,0.900000,0.001000,0.189092,1.000000,-0.985625,africa
8,21,-3.068287,70.000000,0.049498,0.050000,-4.619233,4.600000,0.900000,-1.419730,0.900000,0.001000,0.226548,1.000000,-1.069531,africa
9,21,-1.742798,70.000000,0.048857,0.050000,-4.576709,4.600000,0.900000,-1.419730,0.900000,0.001000,0.243104,1.000000,-1.085781,africa
10,21,-2.497985,70.000000,0.050349,0.050000,-4.553250,4.600000,0.900000,-1.419730,0.900000,0.001000,0.167046,1.000000,-1.018069,africa
1,22,-3.187024,70.000000,0.054538,0.050000,-4.540037,4.600000,0.900000,-1.419730,0.900000,0.001000,0.877269,1.000000,-1.062880,africa
2,22,-2.897948,70.000000,0.043184,0.050000,-4.505204,4.600000,0.900000,-1.419730,0.900000,0.001000,0.818382,1.000000,-1.125006,africa
3,22,-2.923907,70.000000,0.044503,0.050000,-4.584540,4.600000,0.900000,-1.419730,0.900000,0.001000,0.777509,1.000000,-1.025026,africa
4,22,-2.927874,70.000000,0.046268,0.050000,-4.535272,4.600000,0.900000,-1.419730,0.900000,0.001000,0.875517,1.000000,-1.105971,africa
5,22,-2.822567,70.000000,0.044395,0.050000,-4.594216,4.600000,0.900000,-1.419730,0.900000,0.001000,0.764611,1.000000,-1.123634,africa
6,22,-2.272184,70.000000,0.055281,0.050000,-4.419601,4.600000,0.900000,-1.419730,0.900000,0.001000,0.774332,1.000000,-1.075518,africa
7,22,-2.856705,70.000000,0.055824,0.050000,-4.486281,4.600000,0.900000,-1.419730,0.900000,0.001000,0.729798,1.000000,-1.036876,africa
8,22,-3.279931,70.000000,0.046804,0.050000,-4.606905,4.600000,0.900000,-1.419730,0.900000,0.001000,0.858005,1.000000,-1.026849,africa
9,22,-2.605759,70.000000,0.045054,0.050000,-4.574585,4.600000,0.900000,-1.419730,0.900000,0.001000,0.761609,1.000000,-1.093219,africa
10,22,-3.500607,70.000000,0.048683,0.050000,-4.555547,4.600000,0.900000,-1.419730,0.900000,0.001000,0.730614,1.000000,-1.026617,africa
1,23,-1.847136,70.000000,0.051795,0.050000,-4.616722,4.600000,0.900000,-1.419730,0.900000,0.001000,0.688275,1.000000,-1.023673,africa
2,23,-2.532986,70.000000,0.063208,0.050000,-4.613297,4.600000,0.900000,-1.419730,0.900000,0.001000,0.735604,1.000000,-1.111743,africa
3,23,-2.418590,70.000000,0.045048,0.050000,-4.697879,4.600000,0.900000,-1.419730,0.900000,0.001000,0.675885,1.000000,-1.019457,africa
4,23,-2.639284,70.000000,0.055636,0.050000,-4.615919,4.600000,0.900000,-1.419730,0.900000,0.001000,0.736355,1.000000,-1.003097,africa
5,23,-2.198382,70.000000,0.048270,0.050000,-4.654621,4.600000,0.900000,-1.419730,0.900000,0.001000,0.702206,1.000000,-1.083018,africa
6,23,-2.754638,70.000000,0.050074,0.050000,-4.665768,4.600000,0.900000,-1.419730,0.900000,0.001000,0.731256,1.000000,-1.098592,africa
7,23,-3.060245,70.000000,0.060442,0.050000,-4.630780,4.600000,0.900000,-1.419730,0.900000,0.001000,0.744574,1.000000,-1.095883,africa
8,23,-1.635478,70.000000,0.045895,0.050000,-4.689401,4.600000,0.900000,-1.419730,0.900000,0.001000,0.810623,1.000000,-1.075897,africa
9,23,-2.764016,70.000000,0.052312,0.050000,-4.674131,4.600000,0.900000,-1.419730,0.900000,0.001000,0.669405,1.000000,-1.018735,africa
10,23,-2.361658,70.000000,0.050582,0.050000,-4.649724,4.600000,0.900000,-1.419730,0.900000,0.001000,0.686727,1.000000,-1.034886,africa
1,24,-2.566393,70.000000,0.048624,0.050000,-4.709442,4.600000,0.900000,-1.419730,0.900000,0.001000,0.551506,1.000000,-1.048502,africa
2,24,-2.284569,70.000000,0.054683,0.050000,-4.682512,4.600000,0.900000,-1.419730,0.900000,0.001000,0.581045,1.000000,-1.108339,africa
3,24,-2.738623,70.000000,0.052538,0.050000,-4.703289,4.600000,0.900000,-1.419730,0.900000,0.001000,0.543869,1.000000,-1.102563,africa
4,24,-2.444588,70.000000,0.053355,0.050000,-4.655170,4.600000,0.900000,-1.419730,0.900000,0.001000,0.588293,1.000000,-1.169222,africa
5,24,-2.056376,70.000000,0.051860,0.050000,-4.657095,4.600000,0.900000,-1.419730,0.900000,0.001000,0.560973,1.000000,-1.063909,africa
6,24,-2.247014,70.000000,0.047917,0.050000,-4.712268,4.600000,0.900000,-1.419730,0.900000,0.001000,0.558483,1.000000,-1.067984,africa
7,24,-1.965764,70.000000,0.056591,0.050000,-4.650886,4.600000,0.900000,-1.419730,0.900000,0.001000,0.475699,1.000000,-1.045682,africa
8,24,-2.942176,70.000000,0.064306,0.050000,-4.597183,4.600000,0.900000,-1.419730,0.900000,0.001000,0.553509,1.000000,-1.080473,africa
9,24,-1.697049,70.000000,0.053836,0.050000,-4.656538,4.600000,0.900000,-1.419730,0.900000,0.001000,0.594681,1.000000,-1.122452,africa
10,24,-2.479774,70.000000,0.055960,0.050000,-4.654709,4.600000,0.900000,-1.419730,0.900000,0.001000,0.583526,1.000000,-1.082212,africa
1,25,-2.763469,70.000000,0.058256,0.050000,-4.585500,4.600000,0.900000,-1.419730,0.900000,0.001000,0.988143,1.000000,-1.069796,africa
2,25,-2.569607,70.000000,0.052638,0.050000,-4.626327,4.600000,0.900000,-1.419730,0.900000,0.001000,1.011434,1.000000,-1.061236,africa
3,25,-2.595905,70.000000,0.048436,0.050000,-4.641803,4.600000,0.900000,-1.419730,0.900000,0.001000,0.970393,1.000000,-1.087694,africa
4,25,-2.986999,70.000000,0.051127,0.050000,-4.678682,4.600000,0.900000,-1.419730,0.900000,0.001000,0.924257,1.000000,-1.041062,africa
5,25,-2.759643,70.000000,0.053826,0.050000,-4.598513,4.600000,0.900000,-1.419730,0.900000,0.001000,0.984040,1.000000,-1.083503,africa
6,25,-2.143505,70.000000,0.052057,0.050000,-4.610872,4.600000,0.900000,-1.419730,0.900000,0.001000,0.998343,1.000000,-1.052736,africa
7,25,-3.112009,70.000000,0.054052,0.050000,-4.648008,4.600000,0.900000,-1.419730,0.900000,0.001000,0.983615,1.000000,-1.070488,africa
8,25,-3.144892,70.000000,0.054735,0.050000,-4.634464,4.600000,0.900000,-1.419730,0.900000,0.001000,0.834258,1.000000,-0.977537,africa
9,25,-2.587905,70.000000,0.053032,0.050000,-4.657126,4.600000,0.900000,-1.419730,0.900000,0.001000,0.993405,1.000000,-1.060656,africa
10,25,-2.735938,70.000000,0.048520,0.050000,-4.680164,4.600000,0.900000,-1.419730,0.900000,0.001000,0.926014,1.000000,-1.039807,africa
1,26,-2.822304,70.000000,0.050255,0.050000,-4.585790,4.600000,0.900000,-1.419730,0.900000,0.001000,1.124848,1.000000,-1.117509,africa
2,26,-2.936933,70.000000,0.052590,0.050000,-4.597891,4.600000,0.900000,-1.419730,0.900000,0.001000,1.067982,1.000000,-1.111940,africa
3,26,-2.932034,70.000000,0.046548,0.050000,-4.627225,4.600000,0.900000,-1.419730,0.900000,0.001000,1.150050,1.000000,-1.110177,africa
4,26,-3.218714,70.000000,0.057470,0.050000,-4.598926,4.600000,0.900000,-1.419730,0.900000,0.001000,1.048456,1.000000,-1.052039,africa
5,26,-3.607115,70.000000,0.057069,0.050000,-4.566662,4.600000,0.900000,-1.419730,0.900000,0.001000,1.059122,1.000000,-1.064721,africa
6,26,-2.622331,70.000000,0.047825,0.050000,-4.620161,4.600000,0.900000,-1.419730,0.900000,0.001000,1.047394,1.000000,-1.056267,africa
7,26,-2.832327,70.000000,0.047672,0.050000,-4.621256,4.600000,0.900000,-1.419730,0.900000,0.001000,1.050521,1.000000,-1.073036,africa
8,26,-2.406030,70.000000,0.049077,0.050000,-4.633999,4.600000,0.900000,-1.419730,0.900000,0.001000,1.042543,1.000000,-1.038294,africa
9,26,-2.987819,70.000000,0.047233,0.050000,-4.599885,4.600000,0.900000,-1.419730,0.900000,0.001000,1.075206,1.000000,-1.018555,africa
10,26,-3.005725,70.000000,0.049605,0.050000,-4.569393,4.600000,0.900000,-1.419730,0.900000,0.001000,1.106325,1.000000,-1.066096,africa
1,27,-3.317575,70.000000,0.046651,0.050000,-4.701081,4.600000,0.900000,-1.419730,0.900000,0.001000,0.609706,1.000000,-1.096970,africa
2,27,-2.922999,70.000000,0.054209,0.050000,-4.565268,4.600000,0.900000,-1.419730,0.900000,0.001000,0.616906,1.000000,-1.039198,africa
3,27,-2.878653,70.000000,0.049105,0.050000,-4.590086,4.600000,0.900000,-1.419730,0.900000,0.001000,0.732423,1.000000,-1.100392,africa
4,27,-2.095957,70.000000,0.047261,0.050000,-4.663268,4.600000,0.900000,-1.419730,0.900000,0.001000,0.635246,1.000000,-1.077924,africa
5,27,-2.807627,70.000000,0.057146,0.050000,-4.599816,4.600000,0.900000,-1.419730,0.900000,0.001000,0.717586,1.000000,-1.124657,africa
6,27,-3.135263,70.000000,0.057201,0.050000,-4.616209,4.600000,0.900000,-1.419730,0.900000,0.001000,0.610195,1.000000,-1.045348,africa
7,27,-3.546946,70.000000,0.047845,0.050000,-4.664436,4.600000,0.900000,-1.419730,0.900000,0.001000,0.546551,1.000000,-1.063209,africa
8,27,-2.597803,70.000000,0.049683,0.050000,-4.689028,4.600000,0.900000,-1.419730,0.900000,0.001000,0.669233,1.000000,-1.109030,africa
9,27,-3.058902,70.000000,0.048633,0.050000,-4.703628,4.600000,0.900000,-1.419730,0.900000,0.001000,0.604034,1.000000,-1.127536,africa
10,27,-2.982311,70.000000,0.053126,0.050000,-4.679085,4.600000,0.900000,-1.419730,0.900000,0.001000,0.507590,1.000000,-1.018151,africa
1,28,-2.142250,70.000000,0.049049,0.050000,-4.693662,4.600000,0.900000,-1.419730,0.900000,0.001000,0.557203,1.000000,-1.010207,africa
2,28,-2.128503,70.000000,0.050000,0.050000,-4.696336,4.600000,0.900000,-1.419730,0.900000,0.001000,0.593404,1.000000,-1.031761,africa
3,28,-2.915907,70.000000,0.050494,0.050000,-4.708820,4.600000,0.900000,-1.419730,0.900000,0.001000,0.527814,1.000000,-1.063309,africa
4,28,-2.362738,70.000000,0.052421,0.050000,-4.693201,4.600000,0.900000,-1.419730,0.900000,0.001000,0.489172,1.000000,-1.019920,africa
5,28,-2.542869,70.000000,0.049149,0.050000,-4.712809,4.600000,0.900000,-1.419730,0.900000,0.001000,0.501202,1.000000,-1.020474,africa
6,28,-1.803921,70.000000,0.055308,0.050000,-4.662462,4.600000,0.900000,-1.419730,0.900000,0.001000,0.567869,1.000000,-1.072053,africa
7,28,-3.126778,70.000000,0.058166,0.050000,-4.625686,4.600000,0.900000,-1.419730,0.900000,0.001000,0.623277,1.000000,-1.068267,africa
8,28,-2.266695,70.000000,0.050758,0.050000,-4.675428,4.600000,0.900000,-1.419730,0.900000,0.001000,0.527002,1.000000,-0.981221,africa
9,28,-2.643300,70.000000,0.056596,0.050000,-4.637273,4.600000,0.900000,-1.419730,0.900000,0.001000,0.556725,1.000000,-1.060183,africa
10,28,-3.280521,70.000000,0.052040,0.050000,-4.703936,4.600000,0.900000,-1.419730,0.900000,0.001000,0.640053,1.000000,-1.078866,africa
1,29,-2.925727,70.000000,0.052122,0.050000,-4.545777,4.600000,0.900000,-1.419730,0.900000,0.001000,0.573640,1.000000,-1.111166,africa
2,29,-2.123879,70.000000,0.049075,0.050000,-4.544589,4.600000,0.900000,-1.419730,0.900000,0.001000,0.563721,1.000000,-1.086725,africa
3,29,-2.403923,70.000000,0.050265,0.050000,-4.576566,4.600000,0.900000,-1.419730,0.900000,0.001000,0.479830,1.000000,-1.040521,africa
4,29,-2.895436,70.000000,0.056974,0.050000,-4.537468,4.600000,0.900000,-1.419730,0.900000,0.001000,0.619809,1.000000,-1.119964,africa
5,29,-3.062464,70.000000,0.048984,0.050000,-4.599345,4.600000,0.900000,-1.419730,0.900000,0.001000,0.532168,1.000000,-1.077285,africa
6,29,-2.571359,70.000000,0.044534,0.050000,-4.593527,4.600000,0.900000,-1.419730,0.900000,0.001000,0.520836,1.000000,-1.000769,africa
7,29,-2.226759,70.000000,0.045700,0.050000,-4.644277,4.600000,0.900000,-1.419730,0.900000,0.001000,0.566023,1.000000,-1.092669,africa
8,29,-2.433388,70.000000,0.045887,0.050000,-4.652362,4.600000,0.900000,-1.419730,0.900000,0.001000,0.565622,1.000000,-1.081657,africa
9,29,-2.259497,70.000000,0.041390,0.050000,-4.578740,4.600000,0.900000,-1.419730,0.900000,0.001000,0.564374,1.000000,-1.069842,africa
10,29,-2.321465,70.000000,0.048245,0.050000,-4.593096,4.600000,0.900000,-1.419730,0.900000,0.001000,0.486731,1.000000,-1.025441,africa
1,30,-3.101381,70.000000,0.050183,0.050000,-4.754442,4.600000,0.900000,-1.419730,0.900000,0.001000,0.631998,1.000000,-1.171749,africa
2,30,-2.448924,70.000000,0.048347,0.050000,-4.754058,4.600000,0.900000,-1.419730,0.900000,0.001000,0.671337,1.000000,-1.103237,africa
3,30,-1.851533,70.000000,0.052894,0.050000,-4.690401,4.600000,0.900000,-1.419730,0.900000,0.001000,0.463548,1.000000,-1.017381,africa
4,30,-3.155207,70.000000,0.051996,0.050000,-4.719983,4.600000,0.900000,-1.419730,0.900000,0.001000,0.508974,1.000000,-1.084938,africa
5,30,-1.999292,70.000000,0.052654,0.050000,-4.668693,4.600000,0.900000,-1.419730,0.900000,0.001000,0.551583,1.000000,-1.104376,africa
6,30,-2.447863,70.000000,0.050014,0.050000,-4.719492,4.600000,0.900000,-1.419730,0.900000,0.001000,0.539626,1.000000,-1.031813,africa
7,30,-3.055885,70.000000,0.053918,0.050000,-4.675920,4.600000,0.900000,-1.419730,0.900000,0.001000,0.559158,1.000000,-1.095417,africa
8,30,-2.821762,70.000000,0.047704,0.050000,-4.754934,4.600000,0.900000,-1.419730,0.900000,0.001000,0.422525,1.000000,-0.987983,africa
9,30,-2.978030,70.000000,0.054174,0.050000,-4.708582,4.600000,0.900000,-1.419730,0.900000,0.001000,0.526832,1.000000,-1.091459,africa
10,30,-1.663887,70.000000,0.058393,0.050000,-4.630395,4.600000,0.900000,-1.419730,0.900000,0.001000,0.590345,1.000000,-1.130457,africa
1,31,-1.922742,70.000000,0.053233,0.050000,-4.613443,4.600000,0.900000,-1.419730,0.900000,0.001000,0.906368,1.000000,-1.039225,africa
2,31,-3.222577,70.000000,0.056061,0.050000,-4.649340,4.600000,0.900000,-1.419730,0.900000,0.001000,0.823788,1.000000,-1.078814,africa
3,31,-2.465998,70.000000,0.051806,0.050000,-4.666888,4.600000,0.900000,-1.419730,0.900000,0.001000,0.776831,1.000000,-1.031471,africa
4,31,-2.877513,70.000000,0.053033,0.050000,-4.641110,4.600000,0.900000,-1.419730,0.900000,0.001000,0.901106,1.000000,-1.104976,africa
5,31,-2.973154,70.000000,0.051015,0.050000,-4.664070,4.600000,0.900000,-1.419730,0.900000,0.001000,0.781767,1.000000,-1.043769,africa
6,31,-2.937816,70.000000,0.050332,0.050000,-4.680891,4.600000,0.900000,-1.419730,0.900000,0.001000,0.744997,1.000000,-0.987153,africa
7,31,-3.662106,70.000000,0.053431,0.050000,-4.669162,4.600000,0.900000,-1.419730,0.900000,0.001000,0.864355,1.000000,-1.090819,africa
8,31,-2.486108,70.000000,0.049128,0.050000,-4.659497,4.600000,0.900000,-1.419730,0.900000,0.001000,0.869462,1.000000,-1.049071,africa
9,31,-2.781926,70.000000,0.055172,0.050000,-4.621881,4.600000,0.900000,-1.419730,0.900000,0.001000,0.829714,1.000000,-1.079651,africa
10,31,-2.455384,70.000000,0.050254,0.050000,-4.684863,4.600000,0.900000,-1.419730,0.900000,0.001000,0.800616,1.000000,-1.020715,africa
1,32,-3.337306,70.000000,0.048134,0.050000,-4.521394,4.600000,0.900000,-1.419730,0.900000,0.001000,1.025772,1.000000,-1.040702,africa
2,32,-3.379614,70.000000,0.048350,0.050000,-4.563998,4.600000,0.900000,-1.419730,0.900000,0.001000,0.963620,1.000000,-1.056484,africa
3,32,-3.247447,70.000000,0.051742,0.050000,-4.518516,4.600000,0.900000,-1.419730,0.900000,0.001000,0.935803,1.000000,-1.068608,africa
4,32,-3.274202,70.000000,0.050416,0.050000,-4.513259,4.600000,0.900000,-1.419730,0.900000,0.001000,0.856066,1.000000,-1.018372,africa
5,32,-3.078157,70.000000,0.046633,0.050000,-4.543328,4.600000,0.900000,-1.419730,0.900000,0.001000,0.886003,1.000000,-1.062017,africa
6,32,-3.095099,70.000000,0.045968,0.050000,-4.574297,4.600000,0.900000,-1.419730,0.900000,0.001000,0.817234,1.000000,-1.031190,africa
7,32,-2.843807,70.000000,0.044587,0.050000,-4.638560,4.600000,0.900000,-1.419730,0.900000,0.001000,1.088315,1.000000,-1.091840,africa
8,32,-3.550023,70.000000,0.046558,0.050000,-4.553787,4.600000,0.900000,-1.419730,0.900000,0.001000,0.883024,1.000000,-1.050604,africa
9,32,-2.994618,70.000000,0.045181,0.050000,-4.562871,4.600000,0.900000,-1.419730,0.900000,0.001000,0.858810,1.000000,-1.115086,africa
10,32,-3.368391,70.000000,0.047914,0.050000,-4.568220,4.600000,0.900000,-1.419730,0.900000,0.001000,1.024229,1.000000,-1.045683,africa
1,33,-2.870583,70.000000,0.060281,0.050000,-4.628343,4.600000,0.900000,-1.419730,0.900000,0.001000,0.783288,1.000000,-1.085368,africa
2,33,-1.985569,70.000000,0.056027,0.050000,-4.630799,4.600000,0.900000,-1.419730,0.900000,0.001000,0.770346,1.000000,-1.048316,africa
3,33,-2.173663,70.000000,0.041800,0.050000,-4.749061,4.600000,0.900000,-1.419730,0.900000,0.001000,0.722130,1.000000,-1.076822,africa
4,33,-2.955384,70.000000,0.048589,0.050000,-4.672083,4.600000,0.900000,-1.419730,0.900000,0.001000,0.875840,1.000000,-1.174058,africa
5,33,-3.433997,70.000000,0.053523,0.050000,-4.650201,4.600000,0.900000,-1.419730,0.900000,0.001000,0.723959,1.000000,-1.069291,africa
6,33,-2.933499,70.000000,0.050608,0.050000,-4.649428,4.600000,0.900000,-1.419730,0.900000,0.001000,0.800293,1.000000,-1.077956,africa
7,33,-2.866708,70.000000,0.049286,0.050000,-4.680758,4.600000,0.900000,-1.419730,0.900000,0.001000,0.830740,1.000000,-1.013760,africa
8,33,-2.160278,70.000000,0.045896,0.050000,-4.667174,4.600000,0.900000,-1.419730,0.900000,0.001000,0.789273,1.000000,-1.064103,africa
9,33,-2.885962,70.000000,0.051273,0.050000,-4.678250,4.600000,0.900000,-1.419730,0.900000,0.001000,0.710246,1.000000,-1.064334,africa
10,33,-2.318171,70.000000,0.053927,0.050000,-4.669263,4.600000,0.900000,-1.419730,0.900000,0.001000,0.786908,1.000000,-1.086864,africa
1,34,-3.070880,70.000000,0.046118,0.050000,-4.763641,4.600000,0.900000,-1.419730,0.900000,0.001000,1.226019,1.000000,-1.037109,africa
2,34,-2.392859,70.000000,0.048950,0.050000,-4.642532,4.600000,0.900000,-1.419730,0.900000,0.001000,1.265366,1.000000,-1.123298,africa
3,34,-2.063776,70.000000,0.043161,0.050000,-4.733511,4.600000,0.900000,-1.419730,0.900000,0.001000,1.542993,1.000000,-1.064042,africa
4,34,-2.880947,70.000000,0.056196,0.050000,-4.624907,4.600000,0.900000,-1.419730,0.900000,0.001000,1.335557,1.000000,-0.973227,africa
5,34,-1.916708,70.000000,0.052298,0.050000,-4.643279,4.600000,0.900000,-1.419730,0.900000,0.001000,1.167019,1.000000,-1.064565,africa
6,34,-2.793263,70.000000,0.052004,0.050000,-4.625686,4.600000,0.900000,-1.419730,0.900000,0.001000,1.171270,1.000000,-1.096729,africa
7,34,-2.765040,70.000000,0.055311,0.050000,-4.637774,4.600000,0.900000,-1.419730,0.900000,0.001000,1.153810,1.000000,-1.018453,africa
8,34,-1.983041,70.000000,0.051041,0.050000,-4.707329,4.600000,0.900000,-1.419730,0.900000,0.001000,1.344321,1.000000,-1.071484,africa
9,34,-2.379551,70.000000,0.050075,0.050000,-4.646842,4.600000,0.900000,-1.419730,0.900000,0.001000,1.332592,1.000000,-1.037427,africa
10,34,-1.846985,70.000000,0.053168,0.050000,-4.693460,4.600000,0.900000,-1.419730,0.900000,0.001000,1.090552,1.000000,-1.084739,africa
