rep,ID,eta_initT_simulated,eta_dS_simulated,eta_lBt0_simulated,eta_dI_simulated,eta_n_simulated,split,color,filter
1,10066,-3.89421,0,-0.908097,0,-0.63565,All,#4682B4,0
2,10066,-0.082996,0,-1.47697,0,-0.665502,All,#4682B4,0
3,10066,-1.42241,0,-0.88526,0,-0.616576,All,#4682B4,0
4,10066,-2.43214,0,-1.50398,0,-0.681454,All,#4682B4,0
5,10066,-1.42066,0,-0.544308,0,-0.511576,All,#4682B4,0
6,10066,-2.10756,0,-1.38072,0,-0.672665,All,#4682B4,0
7,10066,-1.98353,0,-0.766887,0,-0.560286,All,#4682B4,0
8,10066,-3.0057,0,-1.29861,0,-0.668192,All,#4682B4,0
9,10066,-2.89842,0,-0.638824,0,-0.503045,All,#4682B4,0
10,10066,-2.40154,0,-1.4913,0,-0.670753,All,#4682B4,0
1,10203,4.38792,0,1.19549,0,0.731742,All,#4682B4,0
2,10203,-0.253929,0,1.07199,0,0.611403,All,#4682B4,0
3,10203,3.18626,0,1.24674,0,0.746715,All,#4682B4,0
4,10203,2.44067,0,0.960037,0,0.576419,All,#4682B4,0
5,10203,-2.77268,0,1.18129,0,0.656475,All,#4682B4,0
6,10203,2.25097,0,1.08744,0,0.582075,All,#4682B4,0
7,10203,1.07593,0,1.06741,0,0.661207,All,#4682B4,0
8,10203,1.02181,0,1.09737,0,0.649542,All,#4682B4,0
9,10203,1.73529,0,0.920341,0,0.615371,All,#4682B4,0
10,10203,0.829449,0,1.02432,0,0.655579,All,#4682B4,0
1,10220,1.64059,0,2.41773,0,0.983997,All,#4682B4,0
2,10220,3.10548,0,2.38818,0,1.00312,All,#4682B4,0
3,10220,3.14211,0,2.36324,0,0.94769,All,#4682B4,0
4,10220,1.97923,0,2.37673,0,1.00083,All,#4682B4,0
5,10220,2.34951,0,2.2649,0,0.907695,All,#4682B4,0
6,10220,1.82012,0,2.42996,0,1.0257,All,#4682B4,0
7,10220,3.24032,0,2.251,0,0.916897,All,#4682B4,0
8,10220,3.84957,0,2.10433,0,0.858183,All,#4682B4,0
9,10220,2.39821,0,2.26527,0,0.91931,All,#4682B4,0
10,10220,3.37956,0,2.19623,0,0.91463,All,#4682B4,0
1,10428,-4.58296,0,0.910658,0,0.0840636,All,#4682B4,0
2,10428,-3.46692,0,0.212465,0,-0.160842,All,#4682B4,0
3,10428,-3.39835,0,0.825584,0,0.089757,All,#4682B4,0
4,10428,-0.229355,0,0.377171,0,-0.0461023,All,#4682B4,0
5,10428,-1.95652,0,0.736936,0,0.0455371,All,#4682B4,0
6,10428,-0.469277,0,0.317344,0,-0.034962,All,#4682B4,0
7,10428,-3.1773,0,0.841421,0,0.0482172,All,#4682B4,0
8,10428,-2.25032,0,0.530877,0,0.015787,All,#4682B4,0
9,10428,-3.10437,0,0.731204,0,0.0511524,All,#4682B4,0
10,10428,-2.52998,0,0.517868,0,-0.0128836,All,#4682B4,0
1,10435,-1.63068,0,-1.35383,0,-0.624338,All,#4682B4,0
2,10435,-3.50826,0,-0.773238,0,-0.431973,All,#4682B4,0
3,10435,-1.09126,0,-1.32939,0,-0.599196,All,#4682B4,0
4,10435,-5.39323,0,-0.567905,0,-0.384485,All,#4682B4,0
5,10435,-0.731015,0,-1.31109,0,-0.587944,All,#4682B4,0
6,10435,-6.11921,0,-0.698035,0,-0.415415,All,#4682B4,0
7,10435,-2.28346,0,-1.233,0,-0.586905,All,#4682B4,0
8,10435,-3.17414,0,-0.700056,0,-0.412679,All,#4682B4,0
9,10435,-2.4104,0,-1.17324,0,-0.573547,All,#4682B4,0
10,10435,-3.01059,0,-0.812102,0,-0.409682,All,#4682B4,0
1,10463,4.54279,0,-0.988302,0,-0.330587,All,#4682B4,0
2,10463,4.61483,0,-0.647011,0,-0.344157,All,#4682B4,0
3,10463,5.12203,0,-1.02293,0,-0.280283,All,#4682B4,0
4,10463,4.57872,0,-0.686473,0,-0.383471,All,#4682B4,0
5,10463,5.16478,0,-1.092,0,-0.296414,All,#4682B4,0
6,10463,3.88933,0,-0.654293,0,-0.3006,All,#4682B4,0
7,10463,3.25181,0,-0.744387,0,-0.247573,All,#4682B4,0
8,10463,4.11715,0,-0.703872,0,-0.309143,All,#4682B4,0
9,10463,4.14084,0,-0.730713,0,-0.301251,All,#4682B4,0
10,10463,4.3401,0,-0.627149,0,-0.288069,All,#4682B4,0
1,10723,-5.29708,0,0.505339,0,0.0858762,All,#4682B4,0
2,10723,1.31506,0,0.826272,0,0.370113,All,#4682B4,0
3,10723,0.284509,0,0.216726,0,-0.023577,All,#4682B4,0
4,10723,1.10117,0,0.8177,0,0.328158,All,#4682B4,0
5,10723,1.32518,0,0.249673,0,0.092558,All,#4682B4,0
6,10723,1.47926,0,0.527925,0,0.229363,All,#4682B4,0
7,10723,-0.0342635,0,0.307071,0,0.0873714,All,#4682B4,0
8,10723,0.744215,0,0.738477,0,0.298349,All,#4682B4,0
9,10723,-0.485579,0,0.398323,0,0.0885711,All,#4682B4,0
10,10723,-0.177523,0,0.847749,0,0.262004,All,#4682B4,0
1,10739,-2.71231,0,-0.045196,0,-0.439058,All,#4682B4,0
2,10739,0.437805,0,-1.11519,0,-0.716778,All,#4682B4,0
3,10739,-0.856946,0,-0.11368,0,-0.405067,All,#4682B4,0
4,10739,0.809278,0,-1.2702,0,-0.740325,All,#4682B4,0
5,10739,-1.91124,0,-0.583106,0,-0.603906,All,#4682B4,0
6,10739,2.53589,0,-1.34754,0,-0.781461,All,#4682B4,0
7,10739,2.10882,0,-0.787195,0,-0.58166,All,#4682B4,0
8,10739,0.912347,0,-1.32528,0,-0.806807,All,#4682B4,0
9,10739,1.28656,0,-0.780632,0,-0.570806,All,#4682B4,0
10,10739,0.595725,0,-0.979812,0,-0.671132,All,#4682B4,0
1,10742,1.4691,0,-0.700959,0,-0.462823,All,#4682B4,0
2,10742,0.275851,0,-0.588645,0,-0.48098,All,#4682B4,0
3,10742,0.254666,0,-0.477658,0,-0.404116,All,#4682B4,0
4,10742,-0.707949,0,-0.530863,0,-0.509687,All,#4682B4,0
5,10742,-0.534129,0,-0.68593,0,-0.461934,All,#4682B4,0
6,10742,-0.331164,0,-0.498314,0,-0.498582,All,#4682B4,0
7,10742,0.669768,0,-0.450474,0,-0.395055,All,#4682B4,0
8,10742,-0.692929,0,-0.678332,0,-0.54404,All,#4682B4,0
9,10742,0.529835,0,-0.188097,0,-0.292328,All,#4682B4,0
10,10742,0.375181,0,-0.763374,0,-0.534093,All,#4682B4,0
1,40007,2.71796,0,-1.40297,0,-0.854262,All,#4682B4,0
2,40007,2.34647,0,-0.132931,0,-0.369333,All,#4682B4,0
3,40007,2.7191,0,-1.49156,0,-0.839768,All,#4682B4,0
4,40007,1.51345,0,0.257214,0,-0.288639,All,#4682B4,0
5,40007,2.23037,0,-1.36966,0,-0.872824,All,#4682B4,0
6,40007,1.18542,0,0.101777,0,-0.348394,All,#4682B4,0
7,40007,2.64088,0,-1.274,0,-0.830861,All,#4682B4,0
8,40007,-0.0243288,0,-0.0459507,0,-0.418553,All,#4682B4,0
9,40007,1.06529,0,-1.0265,0,-0.752883,All,#4682B4,0
10,40007,0.0752714,0,0.0369027,0,-0.395601,All,#4682B4,0
1,40061,5.58699,0,1.72485,0,0.907561,All,#4682B4,0
2,40061,5.36116,0,1.00925,0,0.570296,All,#4682B4,0
3,40061,5.72631,0,1.70892,0,0.845341,All,#4682B4,0
4,40061,4.73512,0,1.04394,0,0.567524,All,#4682B4,0
5,40061,5.20742,0,1.62748,0,0.787982,All,#4682B4,0
6,40061,4.63848,0,1.11005,0,0.656363,All,#4682B4,0
7,40061,4.89182,0,1.61259,0,0.757031,All,#4682B4,0
8,40061,3.58621,0,1.04061,0,0.600473,All,#4682B4,0
9,40061,4.1158,0,1.82448,0,0.793341,All,#4682B4,0
10,40061,5.35715,0,0.994894,0,0.549083,All,#4682B4,0
1,40094,-3.52873,0,1.44435,0,0.299857,All,#4682B4,0
2,40094,-1.92996,0,1.29212,0,0.222101,All,#4682B4,0
3,40094,-5.99161,0,1.51561,0,0.301281,All,#4682B4,0
4,40094,-2.60779,0,1.21537,0,0.207761,All,#4682B4,0
5,40094,-1.85303,0,1.35771,0,0.271212,All,#4682B4,0
6,40094,-0.371852,0,1.08179,0,0.218537,All,#4682B4,0
7,40094,-2.50828,0,1.68202,0,0.327181,All,#4682B4,0
8,40094,-2.1362,0,1.22845,0,0.235043,All,#4682B4,0
9,40094,-1.63199,0,1.65393,0,0.42298,All,#4682B4,0
10,40094,-2.16734,0,1.39067,0,0.326324,All,#4682B4,0
1,40100,-0.374981,0,-1.48296,0,-0.886719,All,#4682B4,0
2,40100,0.111247,0,-1.60861,0,-0.811079,All,#4682B4,0
3,40100,0.0132648,0,-1.12185,0,-0.741512,All,#4682B4,0
4,40100,2.69434,0,-1.97842,0,-0.857478,All,#4682B4,0
5,40100,-0.71362,0,-0.982121,0,-0.703581,All,#4682B4,0
6,40100,0.693274,0,-1.80286,0,-0.935115,All,#4682B4,0
7,40100,-1.40677,0,-0.837446,0,-0.645051,All,#4682B4,0
8,40100,-1.9071,0,-1.74516,0,-0.965252,All,#4682B4,0
9,40100,-1.26788,0,-0.972309,0,-0.71301,All,#4682B4,0
10,40100,-3.19593,0,-1.4105,0,-0.905254,All,#4682B4,0
1,40123,0.450435,0,2.24127,0,0.587701,All,#4682B4,0
2,40123,0.884606,0,2.08697,0,0.545669,All,#4682B4,0
3,40123,2.35587,0,2.20682,0,0.589436,All,#4682B4,0
4,40123,0.498297,0,1.92612,0,0.484867,All,#4682B4,0
5,40123,2.09637,0,1.90118,0,0.483045,All,#4682B4,0
6,40123,0.155341,0,1.81224,0,0.419123,All,#4682B4,0
7,40123,1.07877,0,1.91431,0,0.461592,All,#4682B4,0
8,40123,3.22596,0,1.98365,0,0.546666,All,#4682B4,0
9,40123,2.09953,0,2.07106,0,0.55897,All,#4682B4,0
10,40123,2.13261,0,1.80619,0,0.470063,All,#4682B4,0
1,40168,-0.64401,0,-0.840992,0,-0.614362,All,#4682B4,0
2,40168,2.09825,0,0.295914,0,-0.09039,All,#4682B4,0
3,40168,1.22853,0,-0.344924,0,-0.347439,All,#4682B4,0
4,40168,0.491306,0,0.251488,0,-0.212655,All,#4682B4,0
5,40168,2.70341,0,-0.269509,0,-0.300588,All,#4682B4,0
6,40168,-1.09725,0,0.347873,0,-0.220392,All,#4682B4,0
7,40168,2.4733,0,-0.335731,0,-0.231311,All,#4682B4,0
8,40168,-0.0581661,0,0.541895,0,-0.0904203,All,#4682B4,0
9,40168,2.82206,0,-0.0741229,0,-0.225901,All,#4682B4,0
10,40168,1.70682,0,0.544633,0,-0.0495175,All,#4682B4,0
1,40231,-2.5479,0,0.315979,0,0.0162006,All,#4682B4,0
2,40231,0.37749,0,0.355656,0,0.0150291,All,#4682B4,0
3,40231,-3.5878,0,0.387695,0,0.00881633,All,#4682B4,0
4,40231,-2.34632,0,0.203455,0,-0.00463551,All,#4682B4,0
5,40231,-1.47519,0,0.307146,0,0.013529,All,#4682B4,0
6,40231,-0.376785,0,0.0197845,0,-0.0596468,All,#4682B4,0
7,40231,-2.2754,0,0.416266,0,0.022925,All,#4682B4,0
8,40231,-0.199778,0,0.239036,0,-0.0247419,All,#4682B4,0
9,40231,-3.53647,0,0.46679,0,0.0435874,All,#4682B4,0
10,40231,-3.26758,0,0.196072,0,-0.0441764,All,#4682B4,0
1,40250,0.0271615,0,1.37484,0,0.24116,All,#4682B4,0
2,40250,-0.199972,0,0.410466,0,-0.150719,All,#4682B4,0
3,40250,-1.08797,0,1.5826,0,0.266425,All,#4682B4,0
4,40250,2.00647,0,0.304559,0,-0.15879,All,#4682B4,0
5,40250,-1.54411,0,1.47636,0,0.230171,All,#4682B4,0
6,40250,2.8626,0,0.366249,0,-0.102511,All,#4682B4,0
7,40250,0.346183,0,1.21904,0,0.150194,All,#4682B4,0
8,40250,2.29128,0,0.685393,0,0.0705494,All,#4682B4,0
9,40250,-0.0404903,0,1.42381,0,0.25521,All,#4682B4,0
10,40250,0.205394,0,0.385284,0,-0.0860732,All,#4682B4,0
1,40257,-0.682712,0,-0.394829,0,-0.396388,All,#4682B4,0
2,40257,1.59722,0,-0.591718,0,-0.452825,All,#4682B4,0
3,40257,2.99263,0,-0.830127,0,-0.473148,All,#4682B4,0
4,40257,1.08123,0,-0.407139,0,-0.402566,All,#4682B4,0
5,40257,1.60777,0,-0.986895,0,-0.580249,All,#4682B4,0
6,40257,2.52954,0,-0.877356,0,-0.532461,All,#4682B4,0
7,40257,1.14801,0,-0.627727,0,-0.489135,All,#4682B4,0
8,40257,1.59601,0,-0.614322,0,-0.463619,All,#4682B4,0
9,40257,2.11924,0,-0.573613,0,-0.417647,All,#4682B4,0
10,40257,2.71672,0,-0.795286,0,-0.487244,All,#4682B4,0
1,40265,-0.519009,0,2.24053,0,0.513903,All,#4682B4,0
2,40265,2.95737,0,1.63344,0,0.414344,All,#4682B4,0
3,40265,0.0487336,0,2.31497,0,0.591495,All,#4682B4,0
4,40265,2.93694,0,1.29267,0,0.316093,All,#4682B4,0
5,40265,-0.411296,0,2.21141,0,0.536604,All,#4682B4,0
6,40265,0.867906,0,1.45848,0,0.314628,All,#4682B4,0
7,40265,0.777557,0,2.29471,0,0.558505,All,#4682B4,0
8,40265,2.12205,0,1.28928,0,0.222349,All,#4682B4,0
9,40265,0.51338,0,2.0324,0,0.524547,All,#4682B4,0
10,40265,3.43063,0,1.36437,0,0.329565,All,#4682B4,0
1,40353,3.35854,0,1.35751,0,0.664132,All,#4682B4,0
2,40353,4.07065,0,1.07988,0,0.548446,All,#4682B4,0
3,40353,3.3632,0,1.41792,0,0.668849,All,#4682B4,0
4,40353,3.53415,0,1.16372,0,0.557144,All,#4682B4,0
5,40353,3.75667,0,1.41274,0,0.652898,All,#4682B4,0
6,40353,3.57045,0,1.10996,0,0.546225,All,#4682B4,0
7,40353,3.54298,0,1.37649,0,0.641535,All,#4682B4,0
8,40353,4.11651,0,1.06773,0,0.503445,All,#4682B4,0
9,40353,1.61984,0,1.52363,0,0.655303,All,#4682B4,0
10,40353,2.36827,0,1.10064,0,0.503563,All,#4682B4,0
1,40363,4.14871,0,0.794883,0,0.120685,All,#4682B4,0
2,40363,3.66498,0,0.909556,0,0.158534,All,#4682B4,0
3,40363,3.8682,0,0.756457,0,0.0542578,All,#4682B4,0
4,40363,4.02585,0,0.919117,0,0.192381,All,#4682B4,0
5,40363,3.96026,0,0.682603,0,0.0446437,All,#4682B4,0
6,40363,3.31687,0,0.63163,0,0.0194034,All,#4682B4,0
7,40363,2.69865,0,0.798099,0,0.0625873,All,#4682B4,0
8,40363,3.48827,0,0.733044,0,0.0613403,All,#4682B4,0
9,40363,3.52932,0,1.17886,0,0.242873,All,#4682B4,0
10,40363,3.4957,0,0.64974,0,0.0779174,All,#4682B4,0
1,40511,2.06441,0,-0.243421,0,-0.00929745,All,#4682B4,0
2,40511,0.474807,0,0.0231234,0,0.105896,All,#4682B4,0
3,40511,0.67433,0,0.0652842,0,0.139589,All,#4682B4,0
4,40511,0.726009,0,0.389514,0,0.266825,All,#4682B4,0
5,40511,2.9258,0,-0.504324,0,-0.110987,All,#4682B4,0
6,40511,0.49313,0,0.105713,0,0.138139,All,#4682B4,0
7,40511,-3.45141,0,-0.400205,0,-0.118895,All,#4682B4,0
8,40511,-0.545142,0,0.109637,0,0.00877208,All,#4682B4,0
9,40511,0.740166,0,-0.252692,0,-0.000654423,All,#4682B4,0
10,40511,2.99694,0,-0.358037,0,0.0859489,All,#4682B4,0
1,40512,-1.57738,0,0.372537,0,-0.224366,All,#4682B4,0
2,40512,0.491603,0,1.29684,0,0.207539,All,#4682B4,0
3,40512,0.592043,0,0.470629,0,-0.0482585,All,#4682B4,0
4,40512,1.64773,0,1.21716,0,0.236401,All,#4682B4,0
5,40512,1.91106,0,0.525668,0,-0.00231197,All,#4682B4,0
6,40512,2.62157,0,0.684453,0,0.079781,All,#4682B4,0
7,40512,1.14474,0,0.419782,0,-0.133075,All,#4682B4,0
8,40512,0.492148,0,0.790899,0,0.0107721,All,#4682B4,0
9,40512,-0.400121,0,0.629355,0,-0.0880992,All,#4682B4,0
10,40512,0.279471,0,0.992652,0,0.0582887,All,#4682B4,0
1,40577,1.94338,0,-2.00975,0,-1.06706,All,#4682B4,0
2,40577,-2.59517,0,-0.899966,0,-0.792745,All,#4682B4,0
3,40577,1.70535,0,-2.04821,0,-1.08303,All,#4682B4,0
4,40577,-2.19341,0,-0.88805,0,-0.76779,All,#4682B4,0
5,40577,-1.17287,0,-1.89827,0,-1.07651,All,#4682B4,0
6,40577,-1.10899,0,-0.884755,0,-0.669936,All,#4682B4,0
7,40577,-0.546611,0,-1.82232,0,-1.06687,All,#4682B4,0
8,40577,-1.74683,0,-0.757322,0,-0.683772,All,#4682B4,0
9,40577,1.83019,0,-1.9503,0,-1.04197,All,#4682B4,0
10,40577,-0.155228,0,-0.782934,0,-0.634579,All,#4682B4,0
1,10753,-1.79708,0,-0.187068,0,-0.515642,All,#4682B4,0
2,10753,-0.456898,0,0.401954,0,-0.28203,All,#4682B4,0
3,10753,-3.56032,0,0.143529,0,-0.554446,All,#4682B4,0
4,10753,-1.26099,0,0.521399,0,-0.333406,All,#4682B4,0
5,10753,-2.11962,0,0.240132,0,-0.451278,All,#4682B4,0
6,10753,0.816387,0,0.375871,0,-0.281909,All,#4682B4,0
7,10753,1.58299,0,-0.656343,0,-0.586698,All,#4682B4,0
8,10753,0.503572,0,0.516307,0,-0.236446,All,#4682B4,0
9,10753,2.44717,0,-0.394365,0,-0.568101,All,#4682B4,0
10,10753,0.450224,0,0.080589,0,-0.382401,All,#4682B4,0
1,40032,1.65352,0,1.91421,0,0.924049,All,#4682B4,0
2,40032,4.00867,0,-1.20157,0,-0.0697722,All,#4682B4,0
3,40032,0.317365,0,1.83775,0,0.77187,All,#4682B4,0
4,40032,4.99465,0,-1.11463,0,0.112613,All,#4682B4,0
5,40032,0.549304,0,1.73047,0,0.734664,All,#4682B4,0
6,40032,6.3255,0,-1.03489,0,0.301747,All,#4682B4,0
7,40032,1.41927,0,2.03509,0,0.820583,All,#4682B4,0
8,40032,4.62634,0,-0.581165,0,0.425285,All,#4682B4,0
9,40032,1.44337,0,1.3528,0,0.706323,All,#4682B4,0
10,40032,6.30895,0,-0.383412,0,0.405293,All,#4682B4,0
1,40211,-1.12062,0,-1.1452,0,0.58886,All,#4682B4,0
2,40211,0.159869,0,0.745106,0,0.245448,All,#4682B4,0
3,40211,0.268912,0,-0.234561,0,0.135298,All,#4682B4,0
4,40211,0.777037,0,0.0968347,0,0.0336216,All,#4682B4,0
5,40211,-1.35888,0,0.3033,0,0.0329508,All,#4682B4,0
6,40211,0.146216,0,0.284168,0,0.122291,All,#4682B4,0
7,40211,1.03305,0,-0.322412,0,0.0648088,All,#4682B4,0
8,40211,-0.826113,0,0.691084,0,0.244457,All,#4682B4,0
9,40211,-3.06764,0,-0.0458216,0,-0.0846054,All,#4682B4,0
10,40211,-2.7515,0,0.815019,0,0.234277,All,#4682B4,0
1,40503,3.19051,0,0.509407,0,-0.0156947,All,#4682B4,0
2,40503,4.04642,0,-0.233368,0,-0.313444,All,#4682B4,0
3,40503,3.60388,0,0.609967,0,-0.0176765,All,#4682B4,0
4,40503,2.85133,0,-0.207661,0,-0.354004,All,#4682B4,0
5,40503,5.57948,0,0.459928,0,0.120584,All,#4682B4,0
6,40503,1.244,0,-0.039942,0,-0.314259,All,#4682B4,0
7,40503,3.48265,0,0.295042,0,-0.135424,All,#4682B4,0
8,40503,3.10905,0,-0.012946,0,-0.279649,All,#4682B4,0
9,40503,3.74842,0,0.512189,0,-0.00940693,All,#4682B4,0
10,40503,2.22516,0,-0.15739,0,-0.336247,All,#4682B4,0
1,40646,5.70568,0,-1.78074,0,-0.751268,All,#4682B4,0
2,40646,4.84272,0,-1.38986,0,-0.653807,All,#4682B4,0
3,40646,4.56255,0,-1.72067,0,-0.731399,All,#4682B4,0
4,40646,5.19814,0,-1.51657,0,-0.677933,All,#4682B4,0
5,40646,5.04871,0,-1.69818,0,-0.643892,All,#4682B4,0
6,40646,4.94403,0,-1.62589,0,-0.712834,All,#4682B4,0
7,40646,4.66218,0,-1.86971,0,-0.710303,All,#4682B4,0
8,40646,5.15801,0,-1.60228,0,-0.735003,All,#4682B4,0
9,40646,4.11406,0,-1.87891,0,-0.704317,All,#4682B4,0
10,40646,4.07147,0,-1.5685,0,-0.725403,All,#4682B4,0
1,10204,-1.01015,0,-0.833932,0,-0.589328,All,#4682B4,0
2,10204,-0.666712,0,-1.14173,0,-0.662606,All,#4682B4,0
3,10204,-2.48692,0,-0.872036,0,-0.584155,All,#4682B4,0
4,10204,-0.500524,0,-1.27303,0,-0.745098,All,#4682B4,0
5,10204,-1.06093,0,-0.89157,0,-0.590796,All,#4682B4,0
6,10204,-0.315139,0,-1.27417,0,-0.751469,All,#4682B4,0
7,10204,-2.6793,0,-1.03378,0,-0.664535,All,#4682B4,0
8,10204,0.303116,0,-1.35172,0,-0.753751,All,#4682B4,0
9,10204,-2.96412,0,-1.10175,0,-0.710383,All,#4682B4,0
10,10204,0.275636,0,-1.29095,0,-0.686583,All,#4682B4,0
1,10374,-5.47481,0,-0.825112,0,-0.13734,All,#4682B4,0
2,10374,-3.11792,0,-1.57926,0,-0.244592,All,#4682B4,0
3,10374,-2.26125,0,-1.13931,0,-0.256106,All,#4682B4,0
4,10374,0.394455,0,-1.72585,0,-0.285108,All,#4682B4,0
5,10374,-0.721715,0,-1.1964,0,-0.195874,All,#4682B4,0
6,10374,0.944074,0,0.602935,0,0.579542,All,#4682B4,0
7,10374,-2.17904,0,-1.14186,0,-0.0915789,All,#4682B4,0
8,10374,-3.21749,0,0.261749,0,0.515717,All,#4682B4,0
9,10374,0.493385,0,-1.06638,0,-0.041689,All,#4682B4,0
10,10374,4.24857,0,0.213575,0,0.709235,All,#4682B4,0
1,10502,-0.991262,0,-1.3836,0,-0.166973,All,#4682B4,0
2,10502,-1.86036,0,-1.84695,0,-0.157858,All,#4682B4,0
3,10502,-2.86438,0,-1.49563,0,-0.24789,All,#4682B4,0
4,10502,-1.07293,0,-1.80926,0,-0.171447,All,#4682B4,0
5,10502,-1.8514,0,-1.3945,0,-0.214126,All,#4682B4,0
6,10502,-2.20295,0,-1.7601,0,-0.134176,All,#4682B4,0
7,10502,-2.46927,0,-1.61132,0,-0.298946,All,#4682B4,0
8,10502,-2.53731,0,-1.72122,0,-0.106998,All,#4682B4,0
9,10502,-0.648097,0,-1.68006,0,-0.2543,All,#4682B4,0
10,10502,-1.80825,0,-1.7436,0,-0.0897266,All,#4682B4,0
1,40067,-2.85177,0,-0.260366,0,0.217493,All,#4682B4,0
2,40067,-2.02598,0,-0.0712389,0,0.233959,All,#4682B4,0
3,40067,-0.784252,0,-0.27673,0,0.163217,All,#4682B4,0
4,40067,-5.67617,0,-0.282585,0,0.104892,All,#4682B4,0
5,40067,0.89848,0,-0.142807,0,0.370178,All,#4682B4,0
6,40067,-0.857958,0,-0.416415,0,0.267449,All,#4682B4,0
7,40067,-0.128535,0,0.559395,0,0.571008,All,#4682B4,0
8,40067,2.50538,0,-1.21153,0,0.0500818,All,#4682B4,0
9,40067,-3.59288,0,0.776185,0,0.539177,All,#4682B4,0
10,40067,0.844558,0,-0.815993,0,0.0964856,All,#4682B4,0
1,40096,-1.49993,0,0.253556,0,-0.19481,All,#4682B4,0
2,40096,1.24991,0,-0.239452,0,-0.243134,All,#4682B4,0
3,40096,-3.32797,0,0.466335,0,-0.126721,All,#4682B4,0
4,40096,1.7356,0,-0.0904875,0,-0.172132,All,#4682B4,0
5,40096,-2.46073,0,0.374628,0,-0.0862514,All,#4682B4,0
6,40096,-0.386298,0,-0.0342084,0,-0.203372,All,#4682B4,0
7,40096,-1.92688,0,0.11767,0,-0.191059,All,#4682B4,0
8,40096,1.03564,0,-1.00661,0,-0.565394,All,#4682B4,0
9,40096,-3.16825,0,0.0727756,0,-0.219973,All,#4682B4,0
10,40096,-2.74076,0,-0.942961,0,-0.576452,All,#4682B4,0
1,40134,-1.66797,0,-0.397866,0,-0.0189472,All,#4682B4,0
2,40134,-1.55823,0,-0.0937634,0,0.0115732,All,#4682B4,0
3,40134,-0.536034,0,-0.348442,0,-0.0356804,All,#4682B4,0
4,40134,0.470976,0,-0.476373,0,-0.03656,All,#4682B4,0
5,40134,-4.7691,0,-0.36703,0,-0.0915529,All,#4682B4,0
6,40134,-4.66831,0,-0.525528,0,-0.033288,All,#4682B4,0
7,40134,0.353827,0,-0.535247,0,-0.093536,All,#4682B4,0
8,40134,0.358296,0,-0.657693,0,-0.0447752,All,#4682B4,0
9,40134,2.74193,0,-0.576187,0,0.0701619,All,#4682B4,0
10,40134,0.933664,0,-0.736025,0,-0.0337902,All,#4682B4,0
1,40139,-5.11429,0,0.750428,0,0.823051,All,#4682B4,0
2,40139,-4.24994,0,-0.423248,0,0.712264,All,#4682B4,0
3,40139,-4.07861,0,0.78146,0,0.824964,All,#4682B4,0
4,40139,-2.71807,0,-0.436114,0,0.805832,All,#4682B4,0
5,40139,-4.56208,0,0.779563,0,0.821328,All,#4682B4,0
6,40139,-3.66745,0,-0.572382,0,0.781196,All,#4682B4,0
7,40139,-2.34325,0,0.695046,0,0.821788,All,#4682B4,0
8,40139,-2.34759,0,-0.485414,0,0.727295,All,#4682B4,0
9,40139,-3.54542,0,0.586328,0,0.848328,All,#4682B4,0
10,40139,0.118592,0,-0.483172,0,0.829043,All,#4682B4,0
1,40242,-2.15964,0,1.26826,0,0.430881,All,#4682B4,0
2,40242,0.442795,0,0.865428,0,0.397034,All,#4682B4,0
3,40242,-2.13996,0,0.974059,0,0.284072,All,#4682B4,0
4,40242,4.2455,0,0.836592,0,0.90085,All,#4682B4,0
5,40242,2.11694,0,0.522901,0,0.323829,All,#4682B4,0
6,40242,3.99825,0,0.222378,0,0.292503,All,#4682B4,0
7,40242,-4.17553,0,0.572106,0,0.0943859,All,#4682B4,0
8,40242,1.63224,0,0.899938,0,0.423421,All,#4682B4,0
9,40242,0.104909,0,0.259654,0,0.124309,All,#4682B4,0
10,40242,1.13074,0,-0.553596,0,-0.0424218,All,#4682B4,0
1,40283,4.02632,0,-1.81358,0,-0.00913746,All,#4682B4,0
2,40283,0.00663953,0,-0.236427,0,0.160797,All,#4682B4,0
3,40283,3.62887,0,-1.54276,0,0.0835691,All,#4682B4,0
4,40283,0.271488,0,-0.42278,0,0.0237837,All,#4682B4,0
5,40283,3.58906,0,-1.27069,0,0.0879148,All,#4682B4,0
6,40283,-1.65583,0,-0.344407,0,0.013897,All,#4682B4,0
7,40283,2.93321,0,-1.24567,0,0.163772,All,#4682B4,0
8,40283,-3.30787,0,-0.0164254,0,0.097457,All,#4682B4,0
9,40283,3.77698,0,-1.51091,0,0.0999132,All,#4682B4,0
10,40283,-1.14313,0,0.0810555,0,0.144514,All,#4682B4,0
1,40195,0.202186,0,-1.35556,0,-0.0490459,All,#4682B4,0
2,40195,-2.02332,0,1.30873,0,0.28712,All,#4682B4,0
3,40195,-2.11808,0,-0.940519,0,0.0310875,All,#4682B4,0
4,40195,0.978258,0,0.647736,0,0.0875942,All,#4682B4,0
5,40195,-4.18736,0,0.384299,0,0.389925,All,#4682B4,0
6,40195,-1.37262,0,0.915204,0,0.167225,All,#4682B4,0
7,40195,-1.5445,0,0.184216,0,0.424955,All,#4682B4,0
8,40195,-4.56006,0,0.938897,0,0.159662,All,#4682B4,0
9,40195,-2.86975,0,0.186585,0,0.58619,All,#4682B4,0
10,40195,1.56856,0,0.852194,0,0.177495,All,#4682B4,0
1,40435,-5.12577,0,-0.391866,0,0.0433006,All,#4682B4,0
2,40435,-2.99959,0,-0.562959,0,0.289426,All,#4682B4,0
3,40435,-2.25159,0,-0.205488,0,0.0648534,All,#4682B4,0
4,40435,0.935313,0,-0.493352,0,0.24401,All,#4682B4,0
5,40435,3.1818,0,-0.249681,0,-0.035908,All,#4682B4,0
6,40435,0.723506,0,-0.460897,0,0.102048,All,#4682B4,0
7,40435,-1.39072,0,-0.648453,0,0.0174811,All,#4682B4,0
8,40435,4.54449,0,-0.787053,0,0.372356,All,#4682B4,0
9,40435,-2.44946,0,-0.64558,0,0.086906,All,#4682B4,0
10,40435,-0.630745,0,-0.621336,0,0.312021,All,#4682B4,0
1,40492,2.33672,0,-0.235848,0,0.297386,All,#4682B4,0
2,40492,-5.74082,0,-1.02694,0,-0.250229,All,#4682B4,0
3,40492,-1.65377,0,0.537565,0,-0.0040671,All,#4682B4,0
4,40492,-5.87318,0,-0.971587,0,-0.422828,All,#4682B4,0
5,40492,1.49418,0,-1.04735,0,-0.128698,All,#4682B4,0
6,40492,1.20988,0,-0.681483,0,-0.15419,All,#4682B4,0
7,40492,-1.24546,0,-1.12747,0,-0.489008,All,#4682B4,0
8,40492,1.93622,0,0.21669,0,0.0146381,All,#4682B4,0
9,40492,3.94308,0,-1.13049,0,-0.356552,All,#4682B4,0
10,40492,-0.585036,0,-0.288885,0,-0.288105,All,#4682B4,0
1,40528,-2.04146,0,0.829121,0,0.193298,All,#4682B4,0
2,40528,-0.544139,0,0.645295,0,0.495892,All,#4682B4,0
3,40528,-3.2744,0,1.33359,0,0.406287,All,#4682B4,0
4,40528,-1.1253,0,0.439116,0,0.191419,All,#4682B4,0
5,40528,-0.240836,0,1.28668,0,0.59245,All,#4682B4,0
6,40528,-5.7488,0,-0.699183,0,0.186446,All,#4682B4,0
7,40528,-5.43986,0,1.31659,0,0.468259,All,#4682B4,0
8,40528,-1.65242,0,-1.23995,0,0.335873,All,#4682B4,0
9,40528,-2.25961,0,0.784093,0,0.266252,All,#4682B4,0
10,40528,-2.85438,0,-0.556828,0,0.394302,All,#4682B4,0
1,40640,-3.82922,0,2.03225,0,0.771411,All,#4682B4,0
2,40640,-1.50928,0,-0.267932,0,0.298729,All,#4682B4,0
3,40640,0.1475,0,0.75921,0,0.302209,All,#4682B4,0
4,40640,-1.91039,0,-0.51515,0,0.217615,All,#4682B4,0
5,40640,-1.98259,0,0.979422,0,0.247918,All,#4682B4,0
6,40640,-2.77259,0,-0.695109,0,0.248168,All,#4682B4,0
7,40640,-1.08313,0,0.47459,0,0.0652863,All,#4682B4,0
8,40640,-2.65186,0,-0.802094,0,0.335818,All,#4682B4,0
9,40640,-0.223458,0,0.117146,0,0.081733,All,#4682B4,0
10,40640,-1.26603,0,-0.62447,0,0.331383,All,#4682B4,0
1,40652,0.0639187,0,-0.503676,0,0.204139,All,#4682B4,0
2,40652,0.232549,0,-1.09037,0,-0.0528404,All,#4682B4,0
3,40652,-0.804182,0,-0.854832,0,0.199037,All,#4682B4,0
4,40652,2.73001,0,-0.82662,0,0.152326,All,#4682B4,0
5,40652,3.1491,0,-0.712252,0,0.186419,All,#4682B4,0
6,40652,-0.51803,0,-0.773093,0,0.192232,All,#4682B4,0
7,40652,4.09033,0,-0.501847,0,0.186205,All,#4682B4,0
8,40652,5.01813,0,-1.3687,0,0.0978188,All,#4682B4,0
9,40652,-0.370118,0,-0.496165,0,0.0496217,All,#4682B4,0
10,40652,2.45391,0,-1.53796,0,0.0272886,All,#4682B4,0
1,40700,-1.27552,0,0.31629,0,0.40863,All,#4682B4,0
2,40700,-4.46936,0,-0.579466,0,0.0515108,All,#4682B4,0
3,40700,-3.04512,0,-0.624937,0,-0.279243,All,#4682B4,0
4,40700,-4.87451,0,-0.690436,0,-0.153806,All,#4682B4,0
5,40700,-1.40751,0,-1.61995,0,-0.266398,All,#4682B4,0
6,40700,-2.12832,0,-0.186806,0,0.548667,All,#4682B4,0
7,40700,0.337641,0,-1.9606,0,-0.312332,All,#4682B4,0
8,40700,-0.556468,0,0.476513,0,0.529752,All,#4682B4,0
9,40700,-2.71193,0,-1.11918,0,-0.247861,All,#4682B4,0
10,40700,-0.950561,0,0.595942,0,0.617574,All,#4682B4,0
1,41002,-1.96147,0,-0.280378,0,-0.271844,All,#4682B4,0
2,41002,0.960657,0,-1.93268,0,0.0184359,All,#4682B4,0
3,41002,-2.32485,0,-0.340277,0,-0.492634,All,#4682B4,0
4,41002,-2.86117,0,-1.91773,0,0.0246585,All,#4682B4,0
5,41002,1.09546,0,-0.399323,0,-0.375762,All,#4682B4,0
6,41002,-3.89283,0,-1.71752,0,-0.0836819,All,#4682B4,0
7,41002,0.672593,0,-0.423734,0,-0.199499,All,#4682B4,0
8,41002,-1.87615,0,-1.67222,0,-0.0915542,All,#4682B4,0
9,41002,-0.222948,0,-2.12718,0,-0.10868,All,#4682B4,0
10,41002,-0.114476,0,-1.60055,0,0.117579,All,#4682B4,0
1,40436,-0.667207,0,0.460384,0,-0.0459293,All,#4682B4,0
2,40436,-0.59934,0,0.17884,0,-0.112699,All,#4682B4,0
3,40436,-0.419793,0,0.364161,0,-0.0338662,All,#4682B4,0
4,40436,1.12339,0,-0.121214,0,-0.18473,All,#4682B4,0
5,40436,-1.42424,0,0.170825,0,-0.0475414,All,#4682B4,0
6,40436,0.716366,0,-0.0561469,0,-0.206935,All,#4682B4,0
7,40436,0.10943,0,0.16225,0,0.00542314,All,#4682B4,0
8,40436,0.986026,0,-0.127946,0,-0.124182,All,#4682B4,0
9,40436,-0.853424,0,0.119006,0,-0.0531454,All,#4682B4,0
10,40436,0.962275,0,-0.185011,0,-0.0887031,All,#4682B4,0
1,40491,-3.33016,0,-1.22976,0,-0.761591,All,#4682B4,0
2,40491,0.113299,0,-0.220966,0,-0.0723808,All,#4682B4,0
3,40491,-3.85164,0,-1.43385,0,-0.836687,All,#4682B4,0
4,40491,0.941863,0,-0.751795,0,-0.13813,All,#4682B4,0
5,40491,-4.46197,0,-1.26696,0,-0.76682,All,#4682B4,0
6,40491,3.02371,0,-0.66323,0,-0.0325386,All,#4682B4,0
7,40491,-8.48417,0,-1.05853,0,-0.735847,All,#4682B4,0
8,40491,4.72505,0,-0.67955,0,0.0734894,All,#4682B4,0
9,40491,-8.81117,0,-1.10114,0,-0.820742,All,#4682B4,0
10,40491,3.59992,0,-0.561411,0,0.171529,All,#4682B4,0
1,40737,-5.65884,0,0.169072,0,0.38078,All,#4682B4,0
2,40737,0.195464,0,-0.706419,0,-0.036857,All,#4682B4,0
3,40737,-5.11464,0,1.21434,0,0.530511,All,#4682B4,0
4,40737,0.588817,0,0.421559,0,0.165381,All,#4682B4,0
5,40737,-1.5466,0,-0.839221,0,0.0668051,All,#4682B4,0
6,40737,-0.890848,0,0.331043,0,0.129116,All,#4682B4,0
7,40737,-0.900409,0,-0.979528,0,-0.0445557,All,#4682B4,0
8,40737,-0.0436892,0,0.479391,0,0.224729,All,#4682B4,0
9,40737,0.426774,0,0.971846,0,0.57813,All,#4682B4,0
10,40737,-5.96373,0,0.702637,0,0.231205,All,#4682B4,0
