rep,id,eta_initT,eta_aS,eta_dS,eta_tau,eta_lBt0,eta_lp,eta_dI,eta_lk,eta_lae,eta_lw,eta_dE,eta_lE50,data
1,35,-2.929768,-0.012683,-0.010014,0.000000,0.007126,0.000000,0.000000,0.012708,0.336417,0.091595,1.583858,0.000000,thai
2,35,-5.152417,0.005389,0.014982,0.000000,-0.015348,0.000000,0.000000,-0.365407,-0.244543,0.139883,1.667293,0.000000,thai
3,35,-3.027353,0.000424,0.027755,0.000000,0.005400,0.000000,0.000000,0.167578,-0.126136,-0.213809,1.075179,0.000000,thai
4,35,-2.833604,-0.002346,-0.022901,0.000000,-0.002429,0.000000,0.000000,0.193496,0.264958,0.596013,3.633820,0.000000,thai
5,35,-4.465252,0.006410,-0.009128,0.000000,0.007201,0.000000,0.000000,-0.128839,0.019628,0.085498,1.154549,0.000000,thai
6,35,-3.930410,0.007756,0.005386,0.000000,-0.000105,0.000000,0.000000,-0.071893,-0.074595,0.332644,2.445793,0.000000,thai
7,35,-2.317084,-0.005416,-0.041409,0.000000,0.004429,0.000000,0.000000,0.277607,0.055718,-0.227642,1.289720,0.000000,thai
8,35,-4.275615,-0.023763,0.035602,0.000000,0.006862,0.000000,0.000000,-0.259931,0.056407,-0.324846,0.255731,0.000000,thai
9,35,-1.981451,-0.012351,-0.042897,0.000000,-0.004124,0.000000,0.000000,-0.625227,0.254723,0.100222,0.430762,0.000000,thai
10,35,-7.191789,-0.012211,0.061641,0.000000,-0.005387,0.000000,0.000000,-0.494876,0.142205,0.008062,0.741208,0.000000,thai
1,36,5.889751,0.012382,0.011723,0.000000,0.013280,0.000000,0.000000,0.928115,-0.010157,0.796541,-0.526278,0.000000,thai
2,36,2.898526,-0.001130,0.013809,0.000000,0.000811,0.000000,0.000000,0.558005,0.301466,0.623167,-0.887501,0.000000,thai
3,36,4.002816,0.000185,-0.050671,0.000000,-0.012542,0.000000,0.000000,1.081809,-0.079646,0.028147,-0.755093,0.000000,thai
4,36,6.661878,0.026749,-0.010944,0.000000,-0.003647,0.000000,0.000000,0.231545,0.297977,0.862790,-0.617219,0.000000,thai
5,36,6.507461,0.017798,-0.021785,0.000000,-0.009198,0.000000,0.000000,-0.213947,0.089719,1.358517,-0.997687,0.000000,thai
6,36,8.450176,0.013183,-0.045543,0.000000,0.008174,0.000000,0.000000,0.483509,-0.126749,0.800246,-0.947630,0.000000,thai
7,36,4.853609,0.004781,0.013677,0.000000,-0.008669,0.000000,0.000000,0.816241,0.067313,0.832117,-0.203994,0.000000,thai
8,36,3.131313,-0.011765,0.003078,0.000000,-0.007683,0.000000,0.000000,0.948544,0.206933,0.866006,-0.436326,0.000000,thai
9,36,7.362829,-0.003043,-0.017128,0.000000,0.003983,0.000000,0.000000,0.424839,-0.202778,0.681618,-0.967555,0.000000,thai
10,36,3.416141,0.011343,-0.011028,0.000000,-0.009981,0.000000,0.000000,0.655717,0.416554,1.093472,-0.681815,0.000000,thai
1,37,0.061970,0.019341,-0.005443,0.000000,0.000121,0.000000,0.000000,-0.524994,0.063432,0.410952,0.960600,0.000000,thai
2,37,-0.971825,-0.023585,0.001235,0.000000,0.011801,0.000000,0.000000,0.291978,0.037553,0.034596,2.113514,0.000000,thai
3,37,0.876044,0.019892,0.010550,0.000000,0.008745,0.000000,0.000000,0.134029,0.102284,-0.751142,0.181723,0.000000,thai
4,37,1.317157,0.002146,-0.038894,0.000000,0.013260,0.000000,0.000000,-0.423810,0.050840,0.451867,1.607603,0.000000,thai
5,37,2.649552,0.008946,-0.034636,0.000000,0.014484,0.000000,0.000000,-0.235061,0.035739,0.288018,1.557365,0.000000,thai
6,37,0.680126,0.008477,-0.049814,0.000000,-0.012644,0.000000,0.000000,-0.068036,0.186358,-0.104849,1.015378,0.000000,thai
7,37,0.995194,-0.014529,-0.042138,0.000000,0.015183,0.000000,0.000000,-0.162117,0.133910,-0.010205,1.109287,0.000000,thai
8,37,-0.356953,-0.009993,0.025390,0.000000,0.000990,0.000000,0.000000,-0.595597,-0.102636,0.671741,1.502613,0.000000,thai
9,37,0.103920,-0.010536,-0.032780,0.000000,-0.000707,0.000000,0.000000,-0.406767,0.291715,0.047542,0.561056,0.000000,thai
10,37,1.182953,0.028336,-0.014681,0.000000,0.002661,0.000000,0.000000,-0.683256,-0.036281,0.821530,2.141949,0.000000,thai
1,38,0.000411,-0.001225,0.024024,0.000000,0.007071,0.000000,0.000000,-0.167020,-0.121446,0.223599,-0.835616,0.000000,thai
2,38,-3.315130,0.005327,0.052953,0.000000,-0.009803,0.000000,0.000000,0.421577,-0.127628,-0.515211,-0.816613,0.000000,thai
3,38,1.658989,0.011388,-0.004037,0.000000,0.011545,0.000000,0.000000,0.506599,-0.035711,-0.653348,-0.545165,0.000000,thai
4,38,-0.157231,0.003573,0.025848,0.000000,0.014511,0.000000,0.000000,0.017841,0.124610,-0.454626,-0.678925,0.000000,thai
5,38,-0.900796,-0.000776,0.038008,0.000000,0.004636,0.000000,0.000000,0.411218,-0.004589,-0.563037,-0.377155,0.000000,thai
6,38,-1.438980,0.001126,0.015367,0.000000,0.007961,0.000000,0.000000,0.832813,0.082608,-0.956614,-0.770711,0.000000,thai
7,38,0.797113,0.004120,-0.034492,0.000000,-0.001697,0.000000,0.000000,-0.013846,-0.017747,-0.565379,0.118285,0.000000,thai
8,38,0.974169,-0.003350,-0.013598,0.000000,-0.001976,0.000000,0.000000,-0.504855,0.001890,0.130385,-0.856490,0.000000,thai
9,38,0.634025,-0.000166,-0.020010,0.000000,0.001062,0.000000,0.000000,0.169572,0.064669,-0.393971,-0.608354,0.000000,thai
10,38,0.094507,0.013926,-0.015952,0.000000,0.004591,0.000000,0.000000,-0.189955,-0.079939,-0.551914,0.258034,0.000000,thai
1,39,-6.306398,-0.020818,-0.036185,0.000000,0.001768,0.000000,0.000000,1.363777,0.063354,-1.046713,-0.848926,0.000000,thai
2,39,-2.539305,0.009772,-0.039310,0.000000,0.006352,0.000000,0.000000,1.400712,-0.061280,-0.930823,-1.132884,0.000000,thai
3,39,-7.820265,-0.014371,0.024764,0.000000,0.009968,0.000000,0.000000,1.388560,-0.083894,-1.447231,-1.010508,0.000000,thai
4,39,-5.507874,0.005879,-0.036610,0.000000,-0.011224,0.000000,0.000000,1.087798,0.228295,-0.849123,-1.082437,0.000000,thai
5,39,-0.361792,0.000657,0.019944,0.000000,-0.016336,0.000000,0.000000,0.944953,0.227214,-0.218770,-0.420993,0.000000,thai
6,39,4.901108,0.006998,0.008196,0.000000,0.008638,0.000000,0.000000,0.234415,-0.049549,-0.875033,-0.228206,0.000000,thai
7,39,-0.133947,-0.010470,-0.022732,0.000000,0.004666,0.000000,0.000000,0.844804,0.276346,-0.543775,-1.116644,0.000000,thai
8,39,0.437687,-0.029151,-0.027030,0.000000,0.002881,0.000000,0.000000,0.876199,0.275256,-0.606616,-1.010586,0.000000,thai
9,39,-4.224041,0.000088,-0.013956,0.000000,-0.010737,0.000000,0.000000,1.113951,0.391022,-0.693125,-0.440574,0.000000,thai
10,39,-0.285610,0.023984,0.000100,0.000000,-0.003121,0.000000,0.000000,1.037046,0.145181,-0.635780,-1.013627,0.000000,thai
1,40,-1.672406,0.006612,-0.056057,0.000000,0.002266,0.000000,0.000000,0.078954,0.077394,0.313215,1.535243,0.000000,thai
2,40,-1.265870,0.006142,-0.000010,0.000000,-0.008712,0.000000,0.000000,0.331539,0.120908,0.022008,1.801603,0.000000,thai
3,40,-2.991470,-0.038153,0.032694,0.000000,0.008223,0.000000,0.000000,-0.046043,-0.280335,0.078044,1.580043,0.000000,thai
4,40,-3.586650,-0.005981,0.006921,0.000000,-0.003568,0.000000,0.000000,0.562262,-0.014860,-0.137673,1.812153,0.000000,thai
5,40,-2.108427,-0.013341,0.008219,0.000000,0.009901,0.000000,0.000000,0.401177,-0.014863,-0.356971,1.323740,0.000000,thai
6,40,-1.338614,0.029762,0.010156,0.000000,0.004893,0.000000,0.000000,0.099559,-0.174981,0.196669,2.459934,0.000000,thai
7,40,-4.513793,-0.008833,0.064080,0.000000,-0.002638,0.000000,0.000000,0.182959,0.014331,0.007200,1.398328,0.000000,thai
8,40,-4.928266,-0.007233,0.010566,0.000000,-0.011396,0.000000,0.000000,0.555573,0.000158,-0.052573,1.973597,0.000000,thai
9,40,-2.073637,-0.000378,0.006096,0.000000,0.005040,0.000000,0.000000,-0.142552,0.309692,0.101949,0.927972,0.000000,thai
10,40,-0.257575,-0.017112,-0.023858,0.000000,0.000824,0.000000,0.000000,0.041132,0.016696,0.525742,2.590116,0.000000,thai
1,41,2.180675,-0.001333,-0.031282,0.000000,0.006413,0.000000,0.000000,0.220209,-0.146587,-1.013949,0.684046,0.000000,thai
2,41,2.961114,-0.011023,-0.019626,0.000000,0.011625,0.000000,0.000000,-0.166461,0.057610,-0.358044,-0.278428,0.000000,thai
3,41,3.729314,0.006796,-0.017150,0.000000,-0.008452,0.000000,0.000000,-0.376231,0.002341,-0.438179,0.116911,0.000000,thai
4,41,4.428023,0.007485,-0.066260,0.000000,0.014020,0.000000,0.000000,-0.519451,-0.064029,-0.253495,-0.101782,0.000000,thai
5,41,2.084110,0.007091,0.001011,0.000000,-0.002597,0.000000,0.000000,-0.186731,-0.037136,-0.393056,0.096108,0.000000,thai
6,41,2.614228,-0.015745,0.002595,0.000000,0.011113,0.000000,0.000000,-0.673060,0.033678,0.229237,-0.243055,0.000000,thai
7,41,1.173634,-0.006890,-0.035233,0.000000,-0.003629,0.000000,0.000000,-0.001221,-0.029186,-0.862649,0.893051,0.000000,thai
8,41,2.203537,0.005695,0.030651,0.000000,0.007712,0.000000,0.000000,0.143480,-0.225530,-0.676575,1.325604,0.000000,thai
9,41,3.253332,0.000583,-0.002851,0.000000,0.014762,0.000000,0.000000,0.164800,0.276093,-0.393590,-0.734695,0.000000,thai
10,41,2.636640,0.002993,0.008572,0.000000,0.002637,0.000000,0.000000,0.554952,-0.262410,-0.040698,-0.255297,0.000000,thai
1,42,3.030152,0.013569,-0.009963,0.000000,0.010861,0.000000,0.000000,0.223380,0.049206,-0.717737,0.849220,0.000000,thai
2,42,1.852191,0.003923,-0.016178,0.000000,0.001311,0.000000,0.000000,0.308378,0.022817,-0.711502,0.511036,0.000000,thai
3,42,0.990366,0.025363,0.011802,0.000000,-0.000618,0.000000,0.000000,-0.446183,0.011239,-0.049239,0.469117,0.000000,thai
4,42,2.485165,0.005946,0.047300,0.000000,0.004820,0.000000,0.000000,-0.361511,0.135345,-0.357522,0.181387,0.000000,thai
5,42,1.598346,-0.015384,0.002042,0.000000,0.011607,0.000000,0.000000,-0.228877,0.045849,-0.412803,0.202840,0.000000,thai
6,42,1.394527,0.020494,0.009890,0.000000,0.000346,0.000000,0.000000,-0.112456,-0.474866,-0.531762,0.319064,0.000000,thai
7,42,2.666389,0.022337,-0.008134,0.000000,0.005411,0.000000,0.000000,0.395071,0.143354,-0.996621,0.342846,0.000000,thai
8,42,3.031779,-0.002009,-0.013336,0.000000,0.002880,0.000000,0.000000,-1.029472,-0.067724,0.687960,0.920848,0.000000,thai
9,42,1.658875,0.010300,0.016864,0.000000,0.011740,0.000000,0.000000,-0.458949,0.076048,0.099745,1.520139,0.000000,thai
10,42,3.472626,0.023075,0.050336,0.000000,0.001423,0.000000,0.000000,-0.420180,-0.303698,-0.221988,0.535360,0.000000,thai
1,43,3.322561,0.021917,0.006327,0.000000,0.004311,0.000000,0.000000,-0.718035,0.131609,0.520284,0.750558,0.000000,thai
2,43,-0.537800,0.008010,0.065153,0.000000,0.000239,0.000000,0.000000,-0.057919,0.056200,0.473990,0.886905,0.000000,thai
3,43,1.638975,-0.002078,-0.012043,0.000000,-0.005035,0.000000,0.000000,0.230935,0.341695,-0.381773,0.184752,0.000000,thai
4,43,3.081986,0.007462,0.017266,0.000000,0.004813,0.000000,0.000000,0.403722,0.188384,0.375045,1.639630,0.000000,thai
5,43,4.922538,0.007991,-0.020627,0.000000,0.007165,0.000000,0.000000,-0.618227,-0.239492,0.438783,0.835905,0.000000,thai
6,43,1.489946,0.019447,-0.000798,0.000000,-0.005020,0.000000,0.000000,0.038822,0.156653,0.305954,1.977995,0.000000,thai
7,43,5.215636,0.014856,-0.043009,0.000000,0.002705,0.000000,0.000000,0.359284,-0.213194,-0.319811,1.225862,0.000000,thai
8,43,1.798915,-0.015375,0.001639,0.000000,0.008636,0.000000,0.000000,0.802174,-0.057542,-0.320058,1.341725,0.000000,thai
9,43,-0.665681,-0.043341,0.029256,0.000000,-0.015319,0.000000,0.000000,0.909657,0.132529,-0.236881,1.923164,0.000000,thai
10,43,1.829599,0.000881,-0.003819,0.000000,-0.006760,0.000000,0.000000,0.482181,0.009553,-0.314277,0.821015,0.000000,thai
1,44,-6.536749,0.011119,0.018675,0.000000,0.002044,0.000000,0.000000,-0.227814,-0.131470,-0.309096,1.457832,0.000000,thai
2,44,-7.583012,-0.007449,-0.049975,0.000000,0.011800,0.000000,0.000000,-1.016844,0.010655,0.354187,1.216293,0.000000,thai
3,44,-2.148056,0.009932,0.014931,0.000000,0.006973,0.000000,0.000000,-0.045938,0.131078,0.530390,-0.847210,0.000000,thai
4,44,-4.100815,-0.021664,-0.003272,0.000000,-0.013578,0.000000,0.000000,-0.105117,0.269944,0.585355,-0.694211,0.000000,thai
5,44,-1.737369,0.010897,0.013490,0.000000,0.004228,0.000000,0.000000,0.086306,0.041306,0.640497,-0.699806,0.000000,thai
6,44,-2.961352,0.001493,0.008503,0.000000,0.013702,0.000000,0.000000,0.262543,0.081198,0.327288,-0.806872,0.000000,thai
7,44,-1.433963,-0.016414,-0.025890,0.000000,0.012064,0.000000,0.000000,-0.102990,-0.350982,0.242600,-0.703789,0.000000,thai
8,44,-1.713640,0.018836,0.036343,0.000000,0.003633,0.000000,0.000000,-0.537342,-0.071883,0.547702,-0.679221,0.000000,thai
9,44,1.004881,0.021582,-0.042496,0.000000,-0.001664,0.000000,0.000000,0.240997,0.082512,0.735525,-0.259821,0.000000,thai
10,44,-3.116150,-0.008524,-0.041549,0.000000,-0.006162,0.000000,0.000000,0.910482,0.030046,-0.314009,-0.598913,0.000000,thai
1,45,3.668799,-0.016460,-0.000636,0.000000,-0.002744,0.000000,0.000000,0.400354,-0.086212,-0.729458,-0.998974,0.000000,thai
2,45,4.464670,0.009521,0.002363,0.000000,-0.007027,0.000000,0.000000,0.364254,0.192146,0.204618,-1.336678,0.000000,thai
3,45,4.115201,-0.019622,-0.023865,0.000000,-0.013528,0.000000,0.000000,-0.066667,0.019649,0.153265,-1.398486,0.000000,thai
4,45,1.853919,0.007945,0.050275,0.000000,-0.010451,0.000000,0.000000,-0.589861,0.115627,0.275593,-1.335447,0.000000,thai
5,45,3.851979,-0.014530,-0.002609,0.000000,0.001135,0.000000,0.000000,-0.130002,0.041090,-0.097332,-1.134503,0.000000,thai
6,45,2.960368,-0.013991,0.003956,0.000000,-0.001980,0.000000,0.000000,0.069591,0.021229,-0.293450,-1.198865,0.000000,thai
7,45,3.186400,-0.010962,0.011057,0.000000,0.008375,0.000000,0.000000,0.544017,-0.007142,-0.452530,-1.203078,0.000000,thai
8,45,3.134869,-0.004853,0.010524,0.000000,0.001665,0.000000,0.000000,0.043298,0.083523,0.220608,-1.262794,0.000000,thai
9,45,3.127326,-0.000603,0.021936,0.000000,-0.000894,0.000000,0.000000,0.321379,0.006663,-0.617290,-0.984533,0.000000,thai
10,45,4.271293,-0.003856,-0.002559,0.000000,-0.001037,0.000000,0.000000,-0.109236,0.074214,-0.031703,-0.958364,0.000000,thai
1,46,2.277593,0.030484,-0.059304,0.000000,0.016288,0.000000,0.000000,0.679425,-0.101381,0.078098,0.965073,0.000000,thai
2,46,-6.002095,-0.002966,0.041898,0.000000,-0.010061,0.000000,0.000000,-0.661251,-0.114353,0.297361,1.291798,0.000000,thai
3,46,-2.908546,-0.001847,0.011863,0.000000,0.004712,0.000000,0.000000,0.699436,-0.146663,-0.081083,-0.135346,0.000000,thai
4,46,-0.812842,0.017157,0.007127,0.000000,0.005631,0.000000,0.000000,0.226837,-0.069771,0.205169,0.323028,0.000000,thai
5,46,-2.712966,-0.036785,0.004558,0.000000,0.011775,0.000000,0.000000,0.388856,0.014464,0.003939,-1.206836,0.000000,thai
6,46,-1.974405,-0.016562,-0.026485,0.000000,-0.008251,0.000000,0.000000,-0.238143,0.269485,0.468458,0.402526,0.000000,thai
7,46,-0.166745,-0.012963,-0.000541,0.000000,-0.000935,0.000000,0.000000,0.479687,-0.003466,-0.263185,2.909734,0.000000,thai
8,46,0.085596,-0.003255,-0.036356,0.000000,0.003394,0.000000,0.000000,-0.619432,0.289475,-0.235933,0.523949,0.000000,thai
9,46,1.181948,-0.004481,0.000284,0.000000,0.027243,0.000000,0.000000,-0.273731,-0.102437,0.161691,-0.398716,0.000000,thai
10,46,-2.655487,-0.016077,0.009268,0.000000,-0.002513,0.000000,0.000000,-0.918384,0.167583,0.202550,0.334776,0.000000,thai
1,47,0.220022,0.008495,0.033315,0.000000,-0.012651,0.000000,0.000000,-0.058631,0.084498,-0.198558,-0.475699,0.000000,thai
2,47,2.535380,-0.011918,0.001233,0.000000,-0.004713,0.000000,0.000000,0.006486,-0.131818,0.245187,-0.540298,0.000000,thai
3,47,3.797680,0.011428,-0.011144,0.000000,0.008034,0.000000,0.000000,0.224726,-0.026026,0.307024,-0.572015,0.000000,thai
4,47,1.362283,-0.010539,0.039420,0.000000,0.019472,0.000000,0.000000,0.721339,0.055620,-0.389149,-1.123774,0.000000,thai
5,47,3.033582,-0.006046,0.031810,0.000000,0.005795,0.000000,0.000000,-0.348155,-0.227725,0.934665,-0.801494,0.000000,thai
6,47,3.034744,-0.001213,0.014900,0.000000,0.010242,0.000000,0.000000,-0.266516,0.057426,-0.448436,0.016728,0.000000,thai
7,47,0.479209,-0.021693,0.026644,0.000000,-0.008967,0.000000,0.000000,-0.259942,0.051923,0.262672,-1.089342,0.000000,thai
8,47,2.721056,-0.008333,-0.016154,0.000000,0.007662,0.000000,0.000000,0.383093,0.070419,-0.850208,-0.122204,0.000000,thai
9,47,2.530573,-0.007303,-0.011263,0.000000,-0.009415,0.000000,0.000000,-0.185752,0.082779,0.956390,-0.630337,0.000000,thai
10,47,4.500334,-0.025215,-0.055489,0.000000,-0.006206,0.000000,0.000000,0.151354,0.068226,-0.526452,-0.269976,0.000000,thai
1,48,1.692513,-0.011504,0.028822,0.000000,0.009154,0.000000,0.000000,-0.594751,0.028234,0.061143,0.148387,0.000000,thai
2,48,1.176218,-0.009116,0.038491,0.000000,-0.011532,0.000000,0.000000,-0.431981,0.070211,-0.066578,1.782397,0.000000,thai
3,48,2.209124,-0.008793,-0.011988,0.000000,-0.007326,0.000000,0.000000,0.050641,-0.042980,-0.382934,0.309219,0.000000,thai
4,48,4.062803,-0.008922,0.017602,0.000000,0.007227,0.000000,0.000000,0.343244,0.047902,-0.809785,0.028191,0.000000,thai
5,48,1.840730,0.025686,0.054882,0.000000,0.008487,0.000000,0.000000,0.671588,0.083428,-1.186985,1.078583,0.000000,thai
6,48,-1.509227,-0.014635,0.033978,0.000000,-0.003876,0.000000,0.000000,0.101015,-0.216974,-0.645178,0.056860,0.000000,thai
7,48,2.502963,-0.012600,0.027699,0.000000,-0.005095,0.000000,0.000000,-0.859977,0.000418,0.544051,0.312440,0.000000,thai
8,48,3.032608,-0.021556,0.016804,0.000000,0.007469,0.000000,0.000000,-0.366999,-0.060119,-0.009789,-0.548889,0.000000,thai
9,48,0.966801,0.004222,0.058189,0.000000,-0.004240,0.000000,0.000000,0.236419,0.031130,-0.790170,-0.265350,0.000000,thai
10,48,1.177685,0.034299,0.032480,0.000000,-0.014134,0.000000,0.000000,0.546286,0.038875,-0.144962,1.690742,0.000000,thai
1,49,9.053297,0.001850,-0.028495,0.000000,-0.004354,0.000000,0.000000,0.071049,-0.032949,0.731367,-1.583765,0.000000,thai
2,49,9.565532,0.010868,-0.043059,0.000000,0.007150,0.000000,0.000000,0.255988,-0.072928,0.438595,-1.493383,0.000000,thai
3,49,6.568798,0.000663,0.031508,0.000000,-0.009356,0.000000,0.000000,0.175311,0.214183,1.086204,-1.481794,0.000000,thai
4,49,8.549988,0.004473,-0.009773,0.000000,0.004822,0.000000,0.000000,-0.236185,0.040141,0.909589,-1.590904,0.000000,thai
5,49,8.109143,-0.007360,0.009642,0.000000,-0.002079,0.000000,0.000000,0.209480,0.088026,0.842996,-1.485700,0.000000,thai
6,49,8.082337,0.027756,0.065770,0.000000,0.000618,0.000000,0.000000,0.019028,-0.045201,0.987816,-1.467519,0.000000,thai
7,49,8.599346,0.013321,-0.026742,0.000000,0.006985,0.000000,0.000000,-0.847661,0.257031,1.119313,-1.424507,0.000000,thai
8,49,7.296669,0.024675,0.005074,0.000000,-0.018433,0.000000,0.000000,-0.488176,-0.115034,0.951350,-1.363172,0.000000,thai
9,49,7.264236,-0.024580,0.021881,0.000000,0.009385,0.000000,0.000000,-0.077589,-0.016510,0.782262,-1.572834,0.000000,thai
10,49,6.304953,-0.014111,0.053093,0.000000,0.009896,0.000000,0.000000,-0.440648,-0.198740,1.335465,-1.478560,0.000000,thai
1,50,5.628577,0.016791,-0.055949,0.000000,0.004176,0.000000,0.000000,-0.363852,-0.049967,0.467535,-0.093081,0.000000,thai
2,50,4.226730,-0.009598,-0.018033,0.000000,-0.005269,0.000000,0.000000,-0.143005,0.084790,-0.090572,0.730961,0.000000,thai
3,50,4.053943,-0.001097,-0.013264,0.000000,0.008219,0.000000,0.000000,0.870345,0.077196,0.413273,1.305788,0.000000,thai
4,50,4.566655,-0.007468,-0.045684,0.000000,0.010537,0.000000,0.000000,0.497288,-0.149954,-0.299152,0.096725,0.000000,thai
5,50,4.694979,0.002216,-0.049746,0.000000,-0.003042,0.000000,0.000000,0.135047,0.101713,0.712863,1.123721,0.000000,thai
6,50,3.667762,0.005778,-0.011186,0.000000,-0.004885,0.000000,0.000000,-0.270656,-0.013063,-0.086059,0.455640,0.000000,thai
7,50,3.841549,-0.018004,0.009965,0.000000,0.012097,0.000000,0.000000,0.466316,-0.140670,0.294943,1.266473,0.000000,thai
8,50,4.843344,0.013989,-0.073439,0.000000,-0.011324,0.000000,0.000000,-0.018418,0.024304,1.001984,-0.053400,0.000000,thai
9,50,4.542713,0.012427,0.017475,0.000000,0.011236,0.000000,0.000000,0.260742,0.120970,-0.552296,0.398876,0.000000,thai
10,50,3.064267,-0.012254,-0.019084,0.000000,-0.010663,0.000000,0.000000,-0.066993,0.083446,-0.041906,0.647868,0.000000,thai
1,51,0.006055,-0.003609,0.042313,0.000000,-0.007470,0.000000,0.000000,-0.359105,-0.017103,-0.002990,-0.802857,0.000000,thai
2,51,0.725900,-0.005780,0.004747,0.000000,-0.006932,0.000000,0.000000,-0.346902,0.164525,-0.489472,-0.321491,0.000000,thai
3,51,1.500178,0.000356,-0.003375,0.000000,0.002227,0.000000,0.000000,-0.065508,-0.231626,-0.638603,-0.086393,0.000000,thai
4,51,1.137068,-0.008314,0.022369,0.000000,-0.004167,0.000000,0.000000,0.326632,-0.009620,-0.767616,-0.676169,0.000000,thai
5,51,1.039355,0.025595,0.008690,0.000000,0.011106,0.000000,0.000000,-0.494755,0.122902,-0.324704,-0.528182,0.000000,thai
6,51,2.235951,0.018807,-0.024005,0.000000,0.000147,0.000000,0.000000,-0.478539,-0.004525,-0.035301,1.579905,0.000000,thai
7,51,-0.974662,-0.023557,0.038543,0.000000,-0.000602,0.000000,0.000000,0.442960,0.154282,-0.538928,-1.344543,0.000000,thai
8,51,0.356334,-0.000635,-0.015951,0.000000,0.000746,0.000000,0.000000,0.199887,-0.167842,-1.107301,-0.130262,0.000000,thai
9,51,1.116499,-0.013839,-0.010094,0.000000,0.002788,0.000000,0.000000,0.566245,0.009483,-1.013184,-0.478017,0.000000,thai
10,51,-0.923076,-0.001483,0.009507,0.000000,0.000693,0.000000,0.000000,-0.497879,0.226630,-0.290683,0.531070,0.000000,thai
1,1,-0.655040,0.006658,0.029970,0.000000,0.001585,0.000000,0.000000,-0.858961,-0.038720,-0.185910,1.544097,0.000000,africa
2,1,-0.920558,-0.002972,0.031621,0.000000,-0.012697,0.000000,0.000000,-1.056942,-0.084522,0.301564,-0.344114,0.000000,africa
3,1,0.815995,0.002315,0.036088,0.000000,0.007152,0.000000,0.000000,-1.098023,-0.069546,0.683162,1.518632,0.000000,africa
4,1,2.148109,-0.003307,-0.033179,0.000000,0.005033,0.000000,0.000000,-1.166811,-0.313931,0.331335,0.580745,0.000000,africa
5,1,-1.573793,-0.025066,0.029582,0.000000,0.002308,0.000000,0.000000,-1.194234,-0.058183,0.368281,0.890419,0.000000,africa
6,1,-0.536652,-0.022823,0.014579,0.000000,-0.003726,0.000000,0.000000,-0.752561,0.089818,-0.131263,-0.047158,0.000000,africa
7,1,2.335442,-0.007485,-0.026165,0.000000,0.006008,0.000000,0.000000,-0.444656,-0.292760,-0.106965,0.778734,0.000000,africa
8,1,-1.287357,-0.014725,-0.016024,0.000000,-0.010290,0.000000,0.000000,-0.351978,-0.084364,-0.505535,-0.005823,0.000000,africa
9,1,1.409014,0.007005,-0.021964,0.000000,-0.000175,0.000000,0.000000,0.046521,-0.092058,-0.512070,1.846294,0.000000,africa
10,1,-1.550416,-0.021264,0.010843,0.000000,-0.018066,0.000000,0.000000,-0.334736,0.079437,-0.518774,0.038099,0.000000,africa
1,2,2.811978,-0.022205,-0.014171,0.000000,0.011305,0.000000,0.000000,0.425001,-0.025394,-0.332271,-0.821912,0.000000,africa
2,2,0.665946,-0.004502,0.040800,0.000000,0.005707,0.000000,0.000000,-0.371965,-0.014907,-0.953492,0.568291,0.000000,africa
3,2,0.617130,0.001514,0.014400,0.000000,-0.008609,0.000000,0.000000,-0.534922,0.313425,-0.376032,0.750498,0.000000,africa
4,2,2.721269,-0.009115,-0.018968,0.000000,0.001788,0.000000,0.000000,-0.057345,0.084842,-0.039727,-0.234265,0.000000,africa
5,2,3.742363,0.003218,-0.020954,0.000000,0.003175,0.000000,0.000000,-0.005395,-0.046724,-0.029510,-0.602216,0.000000,africa
6,2,3.654638,0.004495,-0.027282,0.000000,-0.000567,0.000000,0.000000,-0.143820,0.093286,0.174104,-0.824166,0.000000,africa
7,2,3.683964,0.009262,-0.039244,0.000000,-0.005030,0.000000,0.000000,0.132496,0.122506,-0.042164,-0.866390,0.000000,africa
8,2,1.143566,-0.020737,-0.001826,0.000000,-0.002437,0.000000,0.000000,-0.188417,0.012438,-0.598750,-0.170699,0.000000,africa
9,2,0.813051,-0.009616,0.075846,0.000000,0.001500,0.000000,0.000000,0.502234,-0.272167,-0.540408,-0.320491,0.000000,africa
10,2,0.880745,-0.007644,-0.000501,0.000000,-0.005072,0.000000,0.000000,-0.532073,-0.091755,-0.153910,0.757499,0.000000,africa
1,3,0.751097,-0.020053,0.018855,0.000000,0.005230,0.000000,0.000000,-0.025446,0.343845,-0.601961,0.637351,0.000000,africa
2,3,0.712556,-0.025452,-0.011363,0.000000,-0.003443,0.000000,0.000000,0.380449,-0.258780,-1.008118,0.611808,0.000000,africa
3,3,-0.641229,-0.008763,0.043097,0.000000,0.002542,0.000000,0.000000,0.162422,-0.105630,-0.562843,1.576687,0.000000,africa
4,3,2.616453,0.005478,0.011203,0.000000,0.006473,0.000000,0.000000,0.029619,-0.062802,-0.343718,1.871369,0.000000,africa
5,3,2.892798,0.005424,-0.012613,0.000000,0.004046,0.000000,0.000000,-0.006505,0.252113,-0.714892,0.627841,0.000000,africa
6,3,-0.395991,0.007652,0.012027,0.000000,-0.008137,0.000000,0.000000,0.491046,0.107675,-0.766109,0.218077,0.000000,africa
7,3,2.861761,0.014916,-0.024952,0.000000,-0.011981,0.000000,0.000000,-0.258460,0.158092,-0.625825,0.390993,0.000000,africa
8,3,1.153373,0.006952,-0.003955,0.000000,-0.006901,0.000000,0.000000,-0.281602,0.091088,-0.253123,0.218112,0.000000,africa
9,3,0.160900,0.027445,0.025970,0.000000,-0.005512,0.000000,0.000000,-0.573097,-0.221391,0.093475,0.670063,0.000000,africa
10,3,0.602650,0.036853,0.045352,0.000000,-0.002772,0.000000,0.000000,-0.361460,-0.053292,-0.324693,-0.223970,0.000000,africa
1,4,-2.199577,-0.038275,0.023451,0.000000,0.002515,0.000000,0.000000,0.396377,0.103792,0.324082,-1.395333,0.000000,africa
2,4,-0.074165,0.003734,-0.006311,0.000000,-0.003411,0.000000,0.000000,-0.180230,-0.132323,0.168404,-1.291931,0.000000,africa
3,4,1.257109,0.008622,-0.040299,0.000000,0.006499,0.000000,0.000000,0.486460,0.203942,-0.346753,-1.331785,0.000000,africa
4,4,-0.326426,-0.003904,-0.038036,0.000000,-0.006052,0.000000,0.000000,-0.078597,0.195749,-0.309562,-1.038408,0.000000,africa
5,4,1.925141,0.007401,0.023304,0.000000,0.004636,0.000000,0.000000,0.279098,-0.042413,0.224654,-1.406923,0.000000,africa
6,4,1.600981,0.023436,-0.000295,0.000000,0.010620,0.000000,0.000000,0.378796,0.157342,0.018920,-1.360635,0.000000,africa
7,4,-0.156651,-0.005981,0.004960,0.000000,-0.006638,0.000000,0.000000,-0.213672,0.180739,0.475832,-1.318870,0.000000,africa
8,4,-4.196973,-0.003009,0.007910,0.000000,0.000797,0.000000,0.000000,0.418824,0.097511,0.107103,-1.393824,0.000000,africa
9,4,1.808372,-0.011988,0.010652,0.000000,0.000227,0.000000,0.000000,-0.011039,-0.115800,0.137609,-1.456741,0.000000,africa
10,4,0.884332,0.013727,-0.035582,0.000000,0.005941,0.000000,0.000000,0.749162,0.010184,-0.322114,-1.317345,0.000000,africa
1,5,-0.796588,0.009683,0.009878,0.000000,-0.002618,0.000000,0.000000,-0.780096,0.089756,0.144654,-0.175859,0.000000,africa
2,5,0.325196,-0.009096,-0.013391,0.000000,-0.008552,0.000000,0.000000,-0.211058,-0.298262,-0.266161,-0.069039,0.000000,africa
3,5,2.093048,-0.004345,-0.044402,0.000000,0.015612,0.000000,0.000000,-0.015353,0.213633,0.006137,1.932342,0.000000,africa
4,5,-0.104231,0.000073,-0.010329,0.000000,0.005112,0.000000,0.000000,0.187314,0.375765,-0.399013,-0.389734,0.000000,africa
5,5,0.102497,0.019264,0.014326,0.000000,-0.002945,0.000000,0.000000,0.212910,0.112014,0.296646,-0.737337,0.000000,africa
6,5,-2.207198,-0.009327,-0.029264,0.000000,-0.002841,0.000000,0.000000,-0.316045,0.292122,0.124129,-0.189625,0.000000,africa
7,5,0.282500,0.006964,-0.001271,0.000000,-0.007173,0.000000,0.000000,0.103589,-0.087710,-0.713296,0.117020,0.000000,africa
8,5,0.672272,-0.001097,-0.002844,0.000000,-0.001360,0.000000,0.000000,0.298314,-0.225204,-0.241270,-0.367917,0.000000,africa
9,5,-0.912706,-0.007897,0.024618,0.000000,0.001284,0.000000,0.000000,0.091069,-0.105675,-0.506407,-0.136283,0.000000,africa
10,5,-3.633188,-0.005294,0.040873,0.000000,-0.003256,0.000000,0.000000,-0.119541,-0.011988,-0.593118,-0.025052,0.000000,africa
1,6,-2.784315,-0.004619,0.021530,0.000000,-0.006391,0.000000,0.000000,0.422516,-0.261278,0.832902,0.109648,0.000000,africa
2,6,-5.573692,-0.015614,0.004001,0.000000,-0.006281,0.000000,0.000000,1.170489,0.069924,-0.279696,-0.239197,0.000000,africa
3,6,-3.048195,0.000562,-0.037895,0.000000,-0.009726,0.000000,0.000000,0.456111,-0.019622,0.498129,-0.651566,0.000000,africa
4,6,-2.727324,-0.002793,-0.046333,0.000000,-0.007839,0.000000,0.000000,0.347540,-0.155030,0.316616,-0.343973,0.000000,africa
5,6,-1.037407,0.011212,0.013926,0.000000,0.006608,0.000000,0.000000,0.367033,0.110155,0.670021,-0.327254,0.000000,africa
6,6,-2.113299,0.033390,-0.056084,0.000000,-0.002370,0.000000,0.000000,0.217243,-0.326688,0.673032,-0.467199,0.000000,africa
7,6,-3.929603,-0.027321,-0.008308,0.000000,0.009967,0.000000,0.000000,0.062111,0.036931,0.785213,-0.416152,0.000000,africa
8,6,-3.184709,0.010229,0.009788,0.000000,-0.007908,0.000000,0.000000,0.648652,0.090587,0.522667,-0.476369,0.000000,africa
9,6,-4.576948,0.020521,-0.008008,0.000000,0.011214,0.000000,0.000000,0.085345,-0.091544,0.225748,-0.349985,0.000000,africa
10,6,-2.139370,0.014372,0.030331,0.000000,0.000019,0.000000,0.000000,0.229081,-0.065897,1.025235,0.008337,0.000000,africa
1,7,0.428484,-0.007591,-0.027430,0.000000,-0.000789,0.000000,0.000000,0.719823,0.335071,1.235957,-1.584021,0.000000,africa
2,7,-1.421902,-0.019399,-0.004436,0.000000,0.002317,0.000000,0.000000,0.942060,0.347266,1.649053,-0.791556,0.000000,africa
3,7,-3.746933,-0.003405,0.006680,0.000000,0.001110,0.000000,0.000000,0.915916,0.110237,1.017930,-1.612727,0.000000,africa
4,7,-5.643419,-0.022096,-0.001318,0.000000,-0.008093,0.000000,0.000000,0.905131,0.020909,0.961405,-1.708943,0.000000,africa
5,7,-3.059541,0.013580,0.021479,0.000000,-0.000809,0.000000,0.000000,0.738362,0.145544,0.910911,-1.922955,0.000000,africa
6,7,-4.818513,-0.013484,0.006893,0.000000,-0.001997,0.000000,0.000000,0.936056,0.095907,0.959424,-1.527293,0.000000,africa
7,7,-6.536180,0.006542,0.040322,0.000000,0.004860,0.000000,0.000000,0.691433,0.299779,1.432283,-1.805103,0.000000,africa
8,7,-2.350820,0.004412,0.001280,0.000000,0.004791,0.000000,0.000000,0.686987,0.247180,1.110487,-1.844992,0.000000,africa
9,7,-5.506657,-0.009583,-0.009148,0.000000,0.001733,0.000000,0.000000,0.780808,0.118661,0.734711,-1.951634,0.000000,africa
10,7,-4.769780,-0.010458,0.024831,0.000000,-0.009559,0.000000,0.000000,0.672616,0.242165,1.209686,-1.767396,0.000000,africa
1,8,-2.616426,-0.000303,0.010323,0.000000,0.001253,0.000000,0.000000,0.427968,0.142293,-1.212817,1.544009,0.000000,africa
2,8,-1.215429,-0.019197,-0.008728,0.000000,0.004708,0.000000,0.000000,-0.670076,-0.041987,-0.443312,1.018670,0.000000,africa
3,8,-1.108089,0.009461,0.014408,0.000000,-0.003014,0.000000,0.000000,-0.722098,0.019944,-0.584914,0.217417,0.000000,africa
4,8,0.083241,-0.014857,-0.023317,0.000000,0.011815,0.000000,0.000000,0.726678,0.056967,-1.370381,1.257889,0.000000,africa
5,8,-0.764383,-0.018383,0.005881,0.000000,0.011708,0.000000,0.000000,0.064258,0.380165,-0.838556,1.328899,0.000000,africa
6,8,-0.783177,-0.003682,0.000356,0.000000,0.005716,0.000000,0.000000,-0.165028,0.307996,-0.622970,1.706581,0.000000,africa
7,8,-1.256887,-0.006073,-0.012938,0.000000,-0.006037,0.000000,0.000000,-0.266442,0.309799,-0.782006,0.725975,0.000000,africa
8,8,-0.995213,0.002220,-0.011531,0.000000,-0.012496,0.000000,0.000000,-0.736430,-0.140364,-0.331045,0.059476,0.000000,africa
9,8,-1.596753,-0.006710,-0.015593,0.000000,-0.004806,0.000000,0.000000,-0.778426,0.061380,-0.023658,1.773447,0.000000,africa
10,8,-1.007175,0.055875,0.015105,0.000000,-0.002988,0.000000,0.000000,-0.981158,0.089404,-0.119094,1.776248,0.000000,africa
1,9,-6.325836,0.024208,0.011377,0.000000,0.002108,0.000000,0.000000,0.657619,0.102729,0.020602,-1.928589,0.000000,africa
2,9,-2.537901,0.020437,0.020389,0.000000,-0.005925,0.000000,0.000000,0.318676,-0.026328,0.033941,-1.851306,0.000000,africa
3,9,-0.705448,-0.003297,-0.001396,0.000000,-0.006553,0.000000,0.000000,0.027664,0.272092,0.473486,-1.863567,0.000000,africa
4,9,-5.769757,-0.004528,0.055675,0.000000,-0.012199,0.000000,0.000000,0.094958,0.157815,0.338108,-1.850270,0.000000,africa
5,9,-0.496483,0.002836,-0.005843,0.000000,0.004839,0.000000,0.000000,0.278973,0.270275,0.280206,-1.701809,0.000000,africa
6,9,-3.546198,-0.015630,0.015486,0.000000,0.009476,0.000000,0.000000,0.432066,-0.015589,-0.174448,-1.838124,0.000000,africa
7,9,-1.540836,0.011497,0.006377,0.000000,-0.003186,0.000000,0.000000,0.168821,0.180867,0.581444,-1.755295,0.000000,africa
8,9,-2.286020,0.002875,0.010945,0.000000,-0.010508,0.000000,0.000000,0.477410,-0.092557,0.332480,-1.788680,0.000000,africa
9,9,1.097598,-0.003285,-0.042205,0.000000,0.011306,0.000000,0.000000,0.036392,-0.191977,0.263653,-1.687166,0.000000,africa
10,9,-1.115872,0.002299,0.030618,0.000000,0.001931,0.000000,0.000000,0.059361,0.191794,0.534458,-1.852816,0.000000,africa
1,10,-1.844140,0.012837,-0.026671,0.000000,-0.004667,0.000000,0.000000,-0.372621,-0.083129,-0.429057,-0.866325,0.000000,africa
2,10,-0.569219,0.014315,-0.027156,0.000000,-0.003368,0.000000,0.000000,-0.355907,-0.113019,-0.794117,-0.363429,0.000000,africa
3,10,-2.023136,-0.006432,-0.002646,0.000000,0.009739,0.000000,0.000000,0.255567,0.235965,-1.316470,0.509789,0.000000,africa
4,10,-2.741607,0.002182,-0.024766,0.000000,-0.007801,0.000000,0.000000,-0.434601,-0.217461,-0.772544,-0.755052,0.000000,africa
5,10,-0.972677,-0.017305,-0.017237,0.000000,0.005993,0.000000,0.000000,-0.627569,-0.121772,-0.201516,-0.484286,0.000000,africa
6,10,-1.654708,0.008309,-0.036951,0.000000,0.003593,0.000000,0.000000,-0.058047,-0.166003,-0.922756,0.671829,0.000000,africa
7,10,-1.817512,0.015510,-0.018816,0.000000,-0.001170,0.000000,0.000000,-0.126165,0.109998,-0.751525,-0.835608,0.000000,africa
8,10,-2.088210,0.012101,-0.015894,0.000000,0.009668,0.000000,0.000000,-0.379196,-0.027533,-1.415254,0.691233,0.000000,africa
9,10,-1.861987,0.013959,-0.009510,0.000000,0.004423,0.000000,0.000000,-0.304199,-0.357305,-0.958903,-0.260086,0.000000,africa
10,10,-0.724482,-0.007560,-0.035890,0.000000,0.000516,0.000000,0.000000,-0.749492,-0.036233,-0.197581,0.214478,0.000000,africa
1,11,2.673490,-0.039550,-0.049495,0.000000,-0.003675,0.000000,0.000000,-0.542089,0.337059,-0.216541,-0.443817,0.000000,africa
2,11,3.387014,0.023903,-0.013571,0.000000,0.000388,0.000000,0.000000,-0.376488,0.013504,-0.453660,0.836902,0.000000,africa
3,11,2.741557,-0.001326,-0.014990,0.000000,-0.010810,0.000000,0.000000,-0.337673,0.030433,-0.182737,-0.516752,0.000000,africa
4,11,3.290755,0.014533,-0.024411,0.000000,-0.005859,0.000000,0.000000,-0.205124,0.082491,-0.636192,-0.349179,0.000000,africa
5,11,1.346635,-0.004926,0.011312,0.000000,-0.001094,0.000000,0.000000,-0.621636,0.151400,0.372283,2.035908,0.000000,africa
6,11,3.988090,0.009636,0.005236,0.000000,-0.004250,0.000000,0.000000,-0.886671,0.142027,0.118996,0.380884,0.000000,africa
7,11,2.609176,-0.000199,-0.005156,0.000000,0.005143,0.000000,0.000000,-0.420232,-0.072058,-0.173259,-0.060048,0.000000,africa
8,11,2.845811,0.023185,0.024380,0.000000,0.005567,0.000000,0.000000,-0.567772,0.170486,-0.211317,-0.080374,0.000000,africa
9,11,2.234770,-0.013055,-0.010176,0.000000,-0.002624,0.000000,0.000000,-0.260152,-0.154464,-0.225500,-0.835245,0.000000,africa
10,11,2.271279,-0.023573,0.014425,0.000000,0.005575,0.000000,0.000000,-0.764818,0.218703,0.245697,0.550899,0.000000,africa
1,12,-0.808736,0.007682,0.066893,0.000000,0.003197,0.000000,0.000000,-0.481312,-0.017572,0.569129,-1.490342,0.000000,africa
2,12,-2.333219,-0.003407,0.019509,0.000000,-0.012557,0.000000,0.000000,-0.305884,-0.261947,0.709131,-1.533338,0.000000,africa
3,12,-4.148837,-0.011046,0.015245,0.000000,-0.011655,0.000000,0.000000,0.441907,-0.194790,-0.380765,-1.406855,0.000000,africa
4,12,2.121815,-0.003328,-0.029817,0.000000,0.014364,0.000000,0.000000,0.633375,0.040246,0.204654,-1.478583,0.000000,africa
5,12,-3.347896,-0.008449,0.003798,0.000000,-0.003559,0.000000,0.000000,0.533357,-0.069467,-0.373548,-1.368179,0.000000,africa
6,12,0.621558,0.002366,0.002041,0.000000,-0.003733,0.000000,0.000000,0.280539,-0.086890,0.289025,-1.273523,0.000000,africa
7,12,-1.139865,-0.002658,-0.037240,0.000000,-0.001286,0.000000,0.000000,-0.797455,0.013993,0.440900,-1.108329,0.000000,africa
8,12,0.728229,0.016630,0.003423,0.000000,0.012331,0.000000,0.000000,0.198210,-0.052190,-0.371041,-1.277731,0.000000,africa
9,12,-2.542387,-0.014595,-0.017269,0.000000,-0.000966,0.000000,0.000000,0.645141,-0.022704,-0.888946,-1.155966,0.000000,africa
10,12,-0.558153,0.026592,0.012029,0.000000,-0.007653,0.000000,0.000000,0.461191,-0.024393,-0.284493,-1.251820,0.000000,africa
1,13,-0.886342,-0.008019,0.033835,0.000000,0.004212,0.000000,0.000000,0.662301,-0.056596,0.077582,-1.285602,0.000000,africa
2,13,1.362808,-0.011315,-0.035766,0.000000,0.000311,0.000000,0.000000,0.860316,0.225931,-0.236717,-1.232902,0.000000,africa
3,13,-3.750156,0.018273,0.046512,0.000000,-0.006996,0.000000,0.000000,0.695872,0.177986,-0.016302,-1.375008,0.000000,africa
4,13,-0.155295,0.030623,0.045921,0.000000,-0.003211,0.000000,0.000000,0.899182,0.174156,0.338264,-0.929835,0.000000,africa
5,13,-1.889886,-0.026275,0.026224,0.000000,-0.009355,0.000000,0.000000,0.628104,0.087198,-0.025217,-1.419016,0.000000,africa
6,13,-2.031446,-0.017035,-0.004560,0.000000,0.006541,0.000000,0.000000,1.339743,0.067811,0.216419,-0.395769,0.000000,africa
7,13,-2.888725,-0.002824,-0.015597,0.000000,0.003953,0.000000,0.000000,0.736972,0.345462,0.169399,-1.462741,0.000000,africa
8,13,1.113063,0.021766,0.010446,0.000000,-0.007885,0.000000,0.000000,0.721281,0.054229,-0.589741,-1.106109,0.000000,africa
9,13,3.425549,0.002521,-0.015341,0.000000,-0.010959,0.000000,0.000000,-0.213702,0.021278,0.709311,-1.201152,0.000000,africa
10,13,-4.855458,0.008622,0.033424,0.000000,0.004247,0.000000,0.000000,0.865027,0.117024,-0.024389,-1.506678,0.000000,africa
1,14,1.481619,0.005562,0.027585,0.000000,0.001037,0.000000,0.000000,0.980431,-0.202108,0.302517,-0.979198,0.000000,africa
2,14,2.827001,0.003743,0.003841,0.000000,0.016501,0.000000,0.000000,1.367402,-0.235559,-0.210975,-0.626123,0.000000,africa
3,14,3.125679,0.019324,0.001962,0.000000,-0.013963,0.000000,0.000000,0.885469,0.061562,0.596264,-0.887859,0.000000,africa
4,14,3.283858,0.007808,0.022558,0.000000,0.002085,0.000000,0.000000,0.712619,0.011819,0.578584,-0.881373,0.000000,africa
5,14,3.357251,-0.002508,-0.009279,0.000000,-0.002898,0.000000,0.000000,-0.179821,-0.092314,0.736153,-0.657931,0.000000,africa
6,14,2.006140,-0.015479,0.003828,0.000000,-0.000202,0.000000,0.000000,0.651674,0.214151,0.559399,-0.650975,0.000000,africa
7,14,5.467169,-0.008687,-0.077771,0.000000,0.003726,0.000000,0.000000,0.452717,-0.102449,0.414275,-0.929942,0.000000,africa
8,14,4.358478,-0.007821,-0.061184,0.000000,0.007143,0.000000,0.000000,0.581833,-0.317265,0.064456,-0.902599,0.000000,africa
9,14,4.634954,0.012296,0.028580,0.000000,0.005123,0.000000,0.000000,0.593184,0.190797,0.708603,-0.831068,0.000000,africa
10,14,3.165942,0.036495,-0.004502,0.000000,-0.003936,0.000000,0.000000,0.699226,-0.350280,0.028420,-1.090463,0.000000,africa
1,15,0.292181,0.008209,0.002528,0.000000,0.007763,0.000000,0.000000,-0.585457,-0.059745,0.231456,0.881425,0.000000,africa
2,15,1.236664,0.004735,0.023241,0.000000,-0.002770,0.000000,0.000000,-0.023664,0.051478,-0.197999,0.048044,0.000000,africa
3,15,1.275550,0.010280,0.018145,0.000000,0.000104,0.000000,0.000000,0.031541,-0.026878,-0.424918,0.807728,0.000000,africa
4,15,-0.155245,-0.015659,0.009439,0.000000,-0.004320,0.000000,0.000000,-0.465899,0.046342,0.157078,-0.351566,0.000000,africa
5,15,-1.147383,-0.008083,0.039721,0.000000,-0.002062,0.000000,0.000000,-0.735611,-0.033020,0.230662,1.003348,0.000000,africa
6,15,0.176286,0.002460,-0.030766,0.000000,-0.011631,0.000000,0.000000,-0.144476,0.157654,0.314948,2.509274,0.000000,africa
7,15,0.965816,-0.002655,0.011554,0.000000,0.005843,0.000000,0.000000,-0.344369,-0.133724,0.248830,1.769887,0.000000,africa
8,15,2.606366,-0.002506,-0.050910,0.000000,0.004702,0.000000,0.000000,-0.490269,0.013426,0.524335,2.517005,0.000000,africa
9,15,2.190627,0.003593,-0.025940,0.000000,-0.003941,0.000000,0.000000,0.002902,0.202807,-0.126867,1.347575,0.000000,africa
10,15,1.771013,-0.012742,-0.006132,0.000000,0.010719,0.000000,0.000000,-0.835555,0.276189,0.184654,0.745664,0.000000,africa
1,16,3.371043,-0.011011,0.010615,0.000000,0.014052,0.000000,0.000000,0.067255,0.061273,-0.161596,1.754463,0.000000,africa
2,16,2.721348,0.013199,0.028452,0.000000,-0.001137,0.000000,0.000000,0.067582,0.049515,-0.686475,-0.295067,0.000000,africa
3,16,4.701128,0.019642,-0.018980,0.000000,0.011139,0.000000,0.000000,-1.224055,0.122993,0.599869,-0.110204,0.000000,africa
4,16,2.716819,0.027732,0.032759,0.000000,-0.004614,0.000000,0.000000,-0.109514,-0.000079,-0.044905,-0.240621,0.000000,africa
5,16,1.321243,-0.000610,0.005866,0.000000,-0.000875,0.000000,0.000000,0.030188,0.004839,-0.148443,2.122362,0.000000,africa
6,16,4.696057,-0.005828,-0.005969,0.000000,0.017679,0.000000,0.000000,-0.596477,0.014205,0.417239,1.178856,0.000000,africa
7,16,3.941439,0.012810,-0.016708,0.000000,0.008363,0.000000,0.000000,0.110382,0.078634,0.298224,2.890157,0.000000,africa
8,16,0.432640,0.001716,0.042327,0.000000,-0.016315,0.000000,0.000000,-1.255234,-0.027142,1.113093,0.212880,0.000000,africa
9,16,0.414443,-0.026615,0.036168,0.000000,0.003706,0.000000,0.000000,0.034204,0.204980,-0.229028,1.040159,0.000000,africa
10,16,4.809822,0.015170,-0.001710,0.000000,0.006141,0.000000,0.000000,-0.055998,0.096198,-0.047269,-0.057048,0.000000,africa
1,17,-1.168298,-0.009295,0.054664,0.000000,0.015216,0.000000,0.000000,-0.091659,0.268358,-0.082418,1.954940,0.000000,africa
2,17,-0.033394,0.009846,-0.000850,0.000000,0.001837,0.000000,0.000000,0.430003,0.205576,-0.551978,-0.744301,0.000000,africa
3,17,0.447551,0.003728,0.005616,0.000000,-0.002432,0.000000,0.000000,-0.285216,0.319517,0.055051,1.239871,0.000000,africa
4,17,-0.510984,-0.008126,-0.000517,0.000000,0.002801,0.000000,0.000000,-0.645547,0.022980,0.414224,1.519974,0.000000,africa
5,17,-2.377955,0.021617,0.069635,0.000000,-0.007705,0.000000,0.000000,0.285431,0.219865,-1.051162,-0.274506,0.000000,africa
6,17,1.078563,-0.002518,-0.043079,0.000000,-0.003376,0.000000,0.000000,0.211274,0.013553,-0.381981,-0.765666,0.000000,africa
7,17,0.845091,0.021972,0.022934,0.000000,-0.004175,0.000000,0.000000,0.015510,-0.018182,-0.942175,0.931556,0.000000,africa
8,17,1.210094,-0.005961,-0.003127,0.000000,0.000557,0.000000,0.000000,-0.057960,0.014266,0.305129,-2.070220,0.000000,africa
9,17,-2.237608,-0.013990,-0.017512,0.000000,-0.000189,0.000000,0.000000,0.144760,-0.045982,0.101204,0.836674,0.000000,africa
10,17,1.894229,-0.007815,-0.052362,0.000000,-0.002310,0.000000,0.000000,-0.302626,0.082638,-0.847703,-1.227563,0.000000,africa
1,18,8.715539,-0.003236,0.036379,0.000000,0.002771,0.000000,0.000000,0.684811,-0.029397,0.492780,-1.261612,0.000000,africa
2,18,5.047269,0.016021,0.058100,0.000000,0.000010,0.000000,0.000000,0.730675,0.001520,0.359330,-1.690216,0.000000,africa
3,18,9.268729,0.019804,0.031706,0.000000,-0.012577,0.000000,0.000000,0.302030,-0.100794,0.646093,-1.295886,0.000000,africa
4,18,7.972547,-0.014100,0.007099,0.000000,0.002720,0.000000,0.000000,0.412528,0.094676,0.403393,-1.605431,0.000000,africa
5,18,9.810127,-0.000401,0.018251,0.000000,0.006836,0.000000,0.000000,-0.063527,0.069310,0.647431,-1.585557,0.000000,africa
6,18,10.163365,0.011298,-0.002122,0.000000,-0.005412,0.000000,0.000000,-0.134833,0.165619,0.852992,-1.473265,0.000000,africa
7,18,6.814144,-0.013309,-0.007736,0.000000,-0.003947,0.000000,0.000000,0.534746,0.127413,0.772354,-1.482931,0.000000,africa
8,18,8.419908,-0.042105,0.020834,0.000000,-0.001771,0.000000,0.000000,-0.522430,-0.094558,1.423320,-1.612247,0.000000,africa
9,18,6.906959,-0.006958,0.087669,0.000000,-0.002670,0.000000,0.000000,0.196826,0.003843,0.997969,-1.444622,0.000000,africa
10,18,8.809312,-0.014504,0.009406,0.000000,-0.006599,0.000000,0.000000,0.068702,-0.009886,0.494908,-1.536315,0.000000,africa
1,19,-4.136004,-0.034649,0.039254,0.000000,-0.003964,0.000000,0.000000,0.035953,-0.132587,0.238921,0.315215,0.000000,africa
2,19,-1.790393,0.001954,-0.038665,0.000000,0.003373,0.000000,0.000000,-0.520051,-0.235089,0.167561,0.995295,0.000000,africa
3,19,-2.652567,0.004541,-0.017218,0.000000,-0.004774,0.000000,0.000000,0.314533,0.016352,-0.729549,1.155163,0.000000,africa
4,19,-3.501428,0.007285,-0.041235,0.000000,-0.013499,0.000000,0.000000,-0.149481,-0.185776,-0.249316,0.545689,0.000000,africa
5,19,-3.617966,0.015770,0.005872,0.000000,0.000304,0.000000,0.000000,-0.424273,-0.355980,0.199195,0.573527,0.000000,africa
6,19,-6.071269,0.001944,0.011506,0.000000,-0.007067,0.000000,0.000000,-0.649707,-0.061491,0.292775,0.653911,0.000000,africa
7,19,-6.493259,0.007254,0.041151,0.000000,-0.005659,0.000000,0.000000,0.399673,-0.130618,-0.640003,0.530986,0.000000,africa
8,19,-4.013371,0.020238,-0.012788,0.000000,-0.010909,0.000000,0.000000,0.158817,0.052964,-0.242914,0.866573,0.000000,africa
9,19,-8.422092,-0.012218,0.010431,0.000000,-0.004373,0.000000,0.000000,-0.314689,-0.105597,0.069362,0.430236,0.000000,africa
10,19,-4.378010,-0.001609,0.029235,0.000000,0.002261,0.000000,0.000000,-0.318503,0.414681,0.121404,1.280100,0.000000,africa
1,20,1.321159,0.005494,-0.007838,0.000000,0.009191,0.000000,0.000000,-0.609454,-0.158953,-1.242431,-1.426144,0.000000,africa
2,20,2.731291,0.014526,-0.011548,0.000000,0.007425,0.000000,0.000000,-0.676653,-0.083825,-0.452767,-2.359147,0.000000,africa
3,20,0.027081,-0.039015,-0.010430,0.000000,0.008012,0.000000,0.000000,-0.454393,0.222018,-0.560109,0.711111,0.000000,africa
4,20,3.342621,-0.013714,-0.060512,0.000000,-0.005161,0.000000,0.000000,-0.111894,-0.033719,0.152931,1.416410,0.000000,africa
5,20,-0.261278,0.001954,0.027434,0.000000,0.005857,0.000000,0.000000,0.351095,-0.111530,-0.932500,-1.343122,0.000000,africa
6,20,1.017442,0.019448,0.006254,0.000000,-0.007400,0.000000,0.000000,0.123479,0.300411,-0.409053,1.097557,0.000000,africa
7,20,1.314099,-0.006672,-0.002952,0.000000,0.007738,0.000000,0.000000,-0.364146,0.076138,-0.395127,-0.945805,0.000000,africa
8,20,1.390931,0.036568,-0.018104,0.000000,-0.003919,0.000000,0.000000,0.421247,0.015862,-0.742166,0.892483,0.000000,africa
9,20,-0.372203,-0.033336,0.009213,0.000000,-0.007450,0.000000,0.000000,-0.296515,-0.001968,-0.277746,-0.428076,0.000000,africa
10,20,-1.544535,0.009433,0.035811,0.000000,-0.004193,0.000000,0.000000,-0.738270,0.051512,-0.610315,-0.224957,0.000000,africa
1,21,-0.401933,-0.000794,0.002623,0.000000,0.012263,0.000000,0.000000,0.663592,-0.242312,-0.851644,0.468096,0.000000,africa
2,21,1.575637,0.021738,-0.080694,0.000000,-0.004820,0.000000,0.000000,0.490986,0.061363,-0.353407,1.314450,0.000000,africa
3,21,-2.309567,-0.013269,-0.025080,0.000000,0.004854,0.000000,0.000000,-0.392467,0.062259,0.974148,1.228379,0.000000,africa
4,21,-0.748615,-0.014657,-0.016273,0.000000,0.005552,0.000000,0.000000,0.394843,-0.289240,-0.422972,0.531428,0.000000,africa
5,21,-0.073266,-0.015215,-0.065651,0.000000,0.000245,0.000000,0.000000,-0.597843,-0.019339,0.464046,0.701208,0.000000,africa
6,21,-4.747345,-0.016267,0.014937,0.000000,-0.004352,0.000000,0.000000,-0.087162,-0.215452,0.356571,1.610937,0.000000,africa
7,21,-2.530230,0.010182,0.003109,0.000000,-0.002054,0.000000,0.000000,1.186460,0.352920,-0.116569,2.431491,0.000000,africa
8,21,-2.409011,-0.009687,0.013578,0.000000,0.002789,0.000000,0.000000,0.550741,-0.209996,-0.161842,1.577880,0.000000,africa
9,21,-3.397067,-0.009988,-0.024099,0.000000,-0.000787,0.000000,0.000000,0.078307,0.101941,0.170999,1.120545,0.000000,africa
10,21,-1.735542,-0.001196,0.001533,0.000000,0.001695,0.000000,0.000000,0.166278,0.015067,0.302188,1.146123,0.000000,africa
1,22,-6.899856,0.041798,-0.006959,0.000000,-0.009348,0.000000,0.000000,0.538260,0.069355,0.096881,-0.893625,0.000000,africa
2,22,-4.340849,0.011813,0.023700,0.000000,-0.000248,0.000000,0.000000,0.037912,-0.150932,0.344720,-0.768538,0.000000,africa
3,22,-5.896655,0.007006,-0.063214,0.000000,-0.002288,0.000000,0.000000,0.630077,0.101100,-0.591134,-0.618841,0.000000,africa
4,22,-4.318888,0.010693,-0.032520,0.000000,0.000794,0.000000,0.000000,0.532699,-0.119025,-0.037258,-0.875957,0.000000,africa
5,22,-4.870893,0.008558,0.005261,0.000000,-0.000829,0.000000,0.000000,0.441440,0.267717,0.165005,-0.823464,0.000000,africa
6,22,-2.840981,0.014704,-0.051866,0.000000,0.002832,0.000000,0.000000,0.000541,0.052595,0.038615,-0.839424,0.000000,africa
7,22,-2.397590,-0.007273,-0.055135,0.000000,0.007476,0.000000,0.000000,0.879577,-0.111996,0.313713,-0.449372,0.000000,africa
8,22,-6.264713,0.020528,-0.002310,0.000000,0.002342,0.000000,0.000000,-0.299950,0.044445,0.496154,-0.916313,0.000000,africa
9,22,-3.387053,0.007708,-0.035332,0.000000,0.009295,0.000000,0.000000,0.430569,0.061558,-0.121931,-0.835598,0.000000,africa
10,22,-5.959470,-0.018307,-0.020381,0.000000,-0.009004,0.000000,0.000000,-0.384390,0.103598,0.849146,-0.920921,0.000000,africa
1,23,-0.356150,-0.000852,0.023598,0.000000,0.007526,0.000000,0.000000,-0.616360,0.026145,-0.704725,-0.912515,0.000000,africa
2,23,-0.045795,0.010103,-0.047108,0.000000,-0.009545,0.000000,0.000000,-0.739923,-0.271323,-0.411473,1.480507,0.000000,africa
3,23,-0.173770,-0.007948,-0.020274,0.000000,0.004385,0.000000,0.000000,-0.763079,0.058328,-0.592517,0.593501,0.000000,africa
4,23,-0.566019,0.012526,0.029321,0.000000,-0.001424,0.000000,0.000000,-0.705158,0.312156,-0.326630,1.806705,0.000000,africa
5,23,-2.775159,0.009790,0.031059,0.000000,-0.001178,0.000000,0.000000,-0.641994,0.197950,-0.713827,1.147620,0.000000,africa
6,23,-4.517382,0.007877,0.009798,0.000000,-0.001336,0.000000,0.000000,-0.007339,0.340583,-0.269185,3.781279,0.000000,africa
7,23,0.662340,-0.011738,-0.044605,0.000000,0.011411,0.000000,0.000000,-0.157269,-0.225594,-0.946054,0.347048,0.000000,africa
8,23,1.084763,-0.009214,-0.063311,0.000000,-0.004920,0.000000,0.000000,-0.375091,0.050847,-0.201730,2.217327,0.000000,africa
9,23,-3.074378,-0.020761,0.017315,0.000000,0.001344,0.000000,0.000000,0.048877,0.223465,-1.481058,-0.710347,0.000000,africa
10,23,-1.871452,-0.018711,-0.033832,0.000000,-0.004787,0.000000,0.000000,-1.462411,-0.170474,0.455950,1.451924,0.000000,africa
1,24,0.102959,0.015222,0.015491,0.000000,-0.005136,0.000000,0.000000,-0.749715,-0.193823,0.084231,0.414794,0.000000,africa
2,24,0.168608,0.019191,0.007817,0.000000,0.007111,0.000000,0.000000,-0.321945,0.036415,0.572227,3.673591,0.000000,africa
3,24,-0.002879,0.007609,-0.016862,0.000000,0.004456,0.000000,0.000000,0.363848,-0.047031,-0.922537,0.146868,0.000000,africa
4,24,-0.722860,0.002360,0.033493,0.000000,0.019590,0.000000,0.000000,-0.304720,0.342600,-0.212560,1.223104,0.000000,africa
5,24,1.390720,0.009744,-0.020908,0.000000,0.004106,0.000000,0.000000,0.399207,0.070567,-0.866378,0.745172,0.000000,africa
6,24,-3.080196,0.003845,0.025557,0.000000,-0.007515,0.000000,0.000000,-0.301072,0.140478,-0.386159,0.242721,0.000000,africa
7,24,-0.349556,-0.011425,0.035242,0.000000,-0.004294,0.000000,0.000000,-0.699128,0.073330,-0.042927,-0.584810,0.000000,africa
8,24,1.586277,0.017743,0.016849,0.000000,0.000822,0.000000,0.000000,-0.750182,0.028235,-0.166759,-0.148376,0.000000,africa
9,24,2.928003,0.011126,0.004479,0.000000,0.017907,0.000000,0.000000,-0.480947,0.069689,-0.094817,0.117660,0.000000,africa
10,24,0.443772,0.015424,0.013367,0.000000,0.003206,0.000000,0.000000,-0.506575,0.069959,0.245916,1.656133,0.000000,africa
1,25,-0.705419,0.008518,0.006835,0.000000,-0.008513,0.000000,0.000000,-0.291268,-0.066376,0.756258,-1.500299,0.000000,africa
2,25,-0.536526,0.000601,-0.007580,0.000000,-0.012656,0.000000,0.000000,0.993521,-0.061771,0.317380,-1.144000,0.000000,africa
3,25,-3.995179,0.000960,0.053492,0.000000,0.002165,0.000000,0.000000,1.208062,-0.399606,0.132281,-1.277666,0.000000,africa
4,25,-0.001339,-0.018118,0.014210,0.000000,-0.002712,0.000000,0.000000,0.289266,-0.064198,0.302611,-1.465681,0.000000,africa
5,25,-4.210069,0.017310,-0.040446,0.000000,0.001941,0.000000,0.000000,1.218929,0.023548,0.312286,-1.175798,0.000000,africa
6,25,-6.191942,-0.020666,-0.056391,0.000000,-0.006723,0.000000,0.000000,1.039059,0.008645,0.138718,-1.447564,0.000000,africa
7,25,-2.200101,-0.013616,-0.051282,0.000000,0.006068,0.000000,0.000000,0.816397,0.021334,-0.303663,-1.640163,0.000000,africa
8,25,-3.001526,0.007240,0.002466,0.000000,0.004152,0.000000,0.000000,0.770064,-0.017832,-0.166271,-1.566651,0.000000,africa
9,25,-1.921021,-0.001103,0.052679,0.000000,0.003997,0.000000,0.000000,0.303064,0.137810,0.134190,-1.358230,0.000000,africa
10,25,0.255613,0.014171,-0.031088,0.000000,0.003455,0.000000,0.000000,0.681393,0.087292,-0.000204,-1.437591,0.000000,africa
1,26,-1.024624,0.003672,-0.042471,0.000000,0.007140,0.000000,0.000000,0.763423,-0.093885,0.467300,-1.639696,0.000000,africa
2,26,-0.978421,0.022193,-0.025287,0.000000,0.004530,0.000000,0.000000,0.194998,-0.037586,0.546948,-1.643963,0.000000,africa
3,26,-4.666187,0.013066,-0.026610,0.000000,-0.009371,0.000000,0.000000,0.492623,0.158749,0.581180,-1.807428,0.000000,africa
4,26,-4.391292,0.011809,0.007082,0.000000,-0.006159,0.000000,0.000000,0.101049,-0.259897,0.752081,-1.807428,0.000000,africa
5,26,-2.868512,-0.010150,0.034120,0.000000,0.000649,0.000000,0.000000,-0.353425,0.177322,1.335004,-1.799697,0.000000,africa
6,26,-5.092816,-0.002461,-0.029156,0.000000,-0.008825,0.000000,0.000000,0.775594,-0.004370,0.748977,-1.748687,0.000000,africa
7,26,-3.160471,0.005504,-0.014088,0.000000,0.013561,0.000000,0.000000,0.588630,0.024147,0.234494,-1.825431,0.000000,africa
8,26,-2.968353,0.002832,-0.060477,0.000000,0.005834,0.000000,0.000000,0.527411,0.200552,0.356876,-1.701451,0.000000,africa
9,26,-4.042818,0.006366,0.029687,0.000000,0.009091,0.000000,0.000000,0.318967,0.040510,0.813511,-1.727263,0.000000,africa
10,26,-2.722471,0.010283,-0.011729,0.000000,0.002280,0.000000,0.000000,-0.246024,0.124282,1.076313,-1.779485,0.000000,africa
1,27,-0.853962,-0.007613,0.004911,0.000000,-0.008471,0.000000,0.000000,-0.107752,-0.394761,-0.855230,0.295718,0.000000,africa
2,27,0.640257,-0.012608,-0.021958,0.000000,0.002264,0.000000,0.000000,-0.343137,0.083563,-0.164878,1.937666,0.000000,africa
3,27,-1.917200,0.022621,0.023045,0.000000,0.001744,0.000000,0.000000,-1.241044,-0.132449,0.002913,-0.448419,0.000000,africa
4,27,-0.941931,0.024216,0.037971,0.000000,0.001149,0.000000,0.000000,-0.633913,-0.007246,-0.417636,0.767252,0.000000,africa
5,27,-1.387719,-0.024150,0.017835,0.000000,-0.004881,0.000000,0.000000,-1.212037,0.284714,-0.435333,-0.529575,0.000000,africa
6,27,-0.649869,0.011204,-0.025211,0.000000,-0.001945,0.000000,0.000000,-0.355891,-0.172845,-0.686095,1.076637,0.000000,africa
7,27,-2.393000,-0.009607,0.018122,0.000000,-0.002083,0.000000,0.000000,-1.113856,-0.140742,-0.082083,-0.888403,0.000000,africa
8,27,-1.191975,-0.039278,-0.031472,0.000000,0.002875,0.000000,0.000000,0.291214,0.059023,-0.709833,1.845014,0.000000,africa
9,27,0.034158,-0.001483,-0.008582,0.000000,-0.008968,0.000000,0.000000,-0.824505,-0.047261,-0.140396,-0.444045,0.000000,africa
10,27,-0.957284,-0.001348,0.012920,0.000000,0.000263,0.000000,0.000000,-0.809681,-0.193581,-0.431400,0.016004,0.000000,africa
1,28,2.214581,0.030195,-0.021526,0.000000,-0.000085,0.000000,0.000000,-0.374161,-0.022592,-0.526770,2.141266,0.000000,africa
2,28,2.872762,0.037741,0.009557,0.000000,0.008385,0.000000,0.000000,-1.298748,-0.071973,-0.227126,1.382123,0.000000,africa
3,28,0.891668,0.030787,0.034242,0.000000,0.001731,0.000000,0.000000,-0.225399,0.082672,-0.856305,0.056427,0.000000,africa
4,28,-0.198106,0.000698,-0.009373,0.000000,-0.008062,0.000000,0.000000,-0.706642,-0.020000,-0.375535,0.410082,0.000000,africa
5,28,1.226670,0.014937,-0.003129,0.000000,-0.013418,0.000000,0.000000,-0.128789,-0.245724,-0.616711,-0.619777,0.000000,africa
6,28,3.102109,0.025372,-0.007775,0.000000,0.008503,0.000000,0.000000,-0.331997,-0.098023,-0.461165,1.751214,0.000000,africa
7,28,0.077622,-0.009048,-0.023106,0.000000,-0.008024,0.000000,0.000000,-0.330514,-0.029413,-0.473099,0.482403,0.000000,africa
8,28,-0.284220,-0.015187,0.010996,0.000000,-0.008097,0.000000,0.000000,-0.374180,0.118286,-1.206739,0.725883,0.000000,africa
9,28,1.696565,0.004836,0.013398,0.000000,-0.005374,0.000000,0.000000,-0.552815,0.093147,-0.333787,0.402673,0.000000,africa
10,28,1.460328,0.003331,-0.005884,0.000000,0.010995,0.000000,0.000000,0.194292,-0.190126,-0.851684,1.618170,0.000000,africa
1,29,-3.777930,0.016443,0.011110,0.000000,-0.000265,0.000000,0.000000,0.318188,0.353138,-0.226927,-0.109116,0.000000,africa
2,29,-5.722543,0.001909,-0.044097,0.000000,-0.011512,0.000000,0.000000,0.111016,0.129416,0.347543,1.933522,0.000000,africa
3,29,-4.608101,0.010846,0.023425,0.000000,-0.000447,0.000000,0.000000,0.129020,-0.102730,0.130090,1.609145,0.000000,africa
4,29,-6.883248,0.004692,0.035246,0.000000,0.001346,0.000000,0.000000,0.063888,-0.327561,0.645198,3.101842,0.000000,africa
5,29,-5.819519,-0.024648,-0.008885,0.000000,0.003655,0.000000,0.000000,0.843705,0.012274,-0.571808,0.905871,0.000000,africa
6,29,-2.631127,0.013169,-0.006761,0.000000,-0.001395,0.000000,0.000000,0.152970,0.002686,0.132216,0.338605,0.000000,africa
7,29,-2.983257,-0.018139,-0.028539,0.000000,0.008648,0.000000,0.000000,-0.197902,0.092658,0.224667,1.697070,0.000000,africa
8,29,-5.253461,0.008129,0.012990,0.000000,0.010636,0.000000,0.000000,0.016404,-0.162457,0.041735,1.188734,0.000000,africa
9,29,-5.741361,0.008936,-0.034446,0.000000,-0.013736,0.000000,0.000000,0.460540,-0.019042,0.352210,2.590241,0.000000,africa
10,29,-3.450069,0.008790,-0.040698,0.000000,0.004080,0.000000,0.000000,-0.204674,0.010131,-0.120594,0.790580,0.000000,africa
1,30,4.102719,0.020605,0.005758,0.000000,0.000717,0.000000,0.000000,0.670016,-0.316079,0.300443,1.448204,0.000000,africa
2,30,-1.252123,-0.007699,0.026824,0.000000,-0.002085,0.000000,0.000000,0.275736,0.410197,0.675667,0.589539,0.000000,africa
3,30,3.257656,0.008876,-0.037375,0.000000,0.006638,0.000000,0.000000,0.734791,0.103809,-0.342159,0.577028,0.000000,africa
4,30,2.112369,0.004405,0.025309,0.000000,0.006195,0.000000,0.000000,-0.486198,0.142836,0.043423,1.506569,0.000000,africa
5,30,-1.151951,-0.036639,0.010562,0.000000,-0.011162,0.000000,0.000000,-0.238975,-0.013966,0.659853,1.947582,0.000000,africa
6,30,2.116684,0.021070,-0.010749,0.000000,-0.010891,0.000000,0.000000,0.452246,0.040843,-0.263854,0.679597,0.000000,africa
7,30,0.891960,-0.017322,0.049538,0.000000,0.011900,0.000000,0.000000,-0.938229,-0.166536,0.404508,0.721292,0.000000,africa
8,30,1.984556,0.025153,-0.012077,0.000000,-0.012070,0.000000,0.000000,0.088284,0.291846,-0.523627,1.048896,0.000000,africa
9,30,-0.360626,0.002365,0.041482,0.000000,0.000672,0.000000,0.000000,-0.924943,0.186536,0.863948,1.062419,0.000000,africa
10,30,0.229355,-0.003614,-0.022956,0.000000,-0.007820,0.000000,0.000000,-0.001660,0.048639,0.677604,1.385259,0.000000,africa
1,31,-0.511670,-0.031491,-0.007353,0.000000,-0.007920,0.000000,0.000000,0.076860,-0.116121,-0.360704,-1.544460,0.000000,africa
2,31,0.777896,-0.000738,0.029839,0.000000,0.005413,0.000000,0.000000,0.198741,-0.060919,-0.290251,-1.676227,0.000000,africa
3,31,1.103466,0.002288,-0.035334,0.000000,0.010561,0.000000,0.000000,-0.255362,0.191615,-0.903355,-1.108645,0.000000,africa
4,31,2.218349,-0.005957,-0.025257,0.000000,0.006461,0.000000,0.000000,0.089422,-0.002453,-0.531226,-1.255934,0.000000,africa
5,31,0.719201,0.010394,0.012926,0.000000,-0.000263,0.000000,0.000000,0.188468,-0.365444,-0.525935,-1.622292,0.000000,africa
6,31,-1.848815,-0.026112,0.003168,0.000000,-0.001853,0.000000,0.000000,-0.684361,0.090522,-0.154532,-1.493002,0.000000,africa
7,31,0.750671,0.006582,-0.006518,0.000000,-0.003040,0.000000,0.000000,-0.369847,0.071267,-0.374624,-1.435020,0.000000,africa
8,31,-1.134547,-0.001530,0.011553,0.000000,0.012558,0.000000,0.000000,0.378958,0.035910,-0.914118,-1.588389,0.000000,africa
9,31,0.985297,0.012931,0.008523,0.000000,0.012219,0.000000,0.000000,0.530203,-0.030540,-0.542504,-1.678941,0.000000,africa
10,31,-2.438755,-0.019374,0.025025,0.000000,-0.009302,0.000000,0.000000,-0.199923,0.179309,0.202422,-1.839062,0.000000,africa
1,32,-11.725542,-0.005159,-0.012597,0.000000,0.002619,0.000000,0.000000,-0.465830,-0.184118,-0.966014,1.774108,0.000000,africa
2,32,-6.849419,0.010008,-0.061609,0.000000,-0.008546,0.000000,0.000000,0.664718,0.021082,-1.224926,2.003973,0.000000,africa
3,32,-8.951756,0.017636,-0.050761,0.000000,-0.011712,0.000000,0.000000,0.223970,0.225502,-1.224371,1.242219,0.000000,africa
4,32,-4.876678,0.022465,-0.064082,0.000000,-0.000376,0.000000,0.000000,-0.558282,0.049222,-0.731891,-0.734910,0.000000,africa
5,32,-5.937746,0.014580,-0.018023,0.000000,0.008453,0.000000,0.000000,-0.340918,0.076425,-1.711963,-0.400688,0.000000,africa
6,32,-10.051795,0.019402,-0.018661,0.000000,0.018603,0.000000,0.000000,-0.899582,0.096559,-0.680225,-0.624204,0.000000,africa
7,32,-5.735876,0.013376,0.029232,0.000000,-0.002647,0.000000,0.000000,-0.582126,-0.180997,0.474624,-1.640954,0.000000,africa
8,32,-11.590195,-0.012097,-0.007911,0.000000,0.004230,0.000000,0.000000,-0.601699,0.295377,-0.678127,-0.823099,0.000000,africa
9,32,-7.346562,0.007601,0.011188,0.000000,0.018245,0.000000,0.000000,-0.777730,0.411494,-0.383220,2.395653,0.000000,africa
10,32,-10.562950,0.006256,-0.054793,0.000000,-0.008966,0.000000,0.000000,-0.582538,0.050656,-0.557361,1.357819,0.000000,africa
1,33,3.088602,0.025106,-0.039070,0.000000,0.002012,0.000000,0.000000,-0.815050,0.024831,-0.741037,-0.215120,0.000000,africa
2,33,-0.577466,0.019735,-0.002100,0.000000,0.008422,0.000000,0.000000,0.447665,-0.073832,-0.853554,-1.235257,0.000000,africa
3,33,1.112996,0.002141,-0.014670,0.000000,-0.003744,0.000000,0.000000,0.129989,0.153718,-0.464923,-1.289902,0.000000,africa
4,33,3.632133,0.021726,-0.054406,0.000000,0.002609,0.000000,0.000000,-0.252812,0.159171,-0.722288,-1.079062,0.000000,africa
5,33,0.339490,0.025131,-0.002800,0.000000,-0.002823,0.000000,0.000000,0.288959,0.005931,-0.453497,-1.552325,0.000000,africa
6,33,0.142098,-0.021749,0.011308,0.000000,0.003376,0.000000,0.000000,0.094181,0.279748,-0.427948,-1.445519,0.000000,africa
7,33,-1.403017,-0.000359,0.030385,0.000000,-0.011300,0.000000,0.000000,0.074884,0.055819,-0.209593,-1.633430,0.000000,africa
8,33,-1.873177,-0.007441,0.055967,0.000000,-0.002036,0.000000,0.000000,0.423172,-0.073644,-0.290778,-1.610675,0.000000,africa
9,33,-2.237661,-0.004977,0.038377,0.000000,-0.003777,0.000000,0.000000,0.372299,0.074953,-0.395204,-1.452959,0.000000,africa
10,33,1.483594,0.006721,0.004552,0.000000,0.004853,0.000000,0.000000,-0.959271,0.004171,0.329630,-1.335100,0.000000,africa
1,34,0.315787,-0.006308,-0.012124,0.000000,-0.008703,0.000000,0.000000,0.252395,-0.173304,1.499950,-1.660517,0.000000,africa
2,34,-0.114386,0.010991,-0.023906,0.000000,-0.005201,0.000000,0.000000,0.446171,0.096310,1.238559,-1.673740,0.000000,africa
3,34,-2.098778,0.009027,0.000392,0.000000,-0.006352,0.000000,0.000000,0.363085,0.146950,1.409154,-1.860955,0.000000,africa
4,34,-3.520039,-0.006813,0.033118,0.000000,0.009819,0.000000,0.000000,0.330396,0.153785,1.111348,-1.890621,0.000000,africa
5,34,-0.093004,0.006954,-0.012551,0.000000,-0.003702,0.000000,0.000000,0.436824,0.003574,1.313241,-1.705622,0.000000,africa
6,34,1.467797,-0.028193,0.007954,0.000000,0.010623,0.000000,0.000000,0.808276,-0.278256,1.008298,-1.635506,0.000000,africa
7,34,-0.978874,0.028594,0.031331,0.000000,-0.002245,0.000000,0.000000,0.517345,-0.028836,1.257125,-1.715519,0.000000,africa
8,34,-0.344083,-0.000754,-0.015236,0.000000,0.007479,0.000000,0.000000,0.551116,-0.023571,0.974318,-1.775816,0.000000,africa
9,34,-0.737971,-0.023720,-0.006683,0.000000,0.002380,0.000000,0.000000,0.291632,-0.027794,1.428029,-1.693378,0.000000,africa
10,34,-0.564112,0.007905,0.031762,0.000000,-0.000768,0.000000,0.000000,0.353072,-0.217659,1.515452,-1.741869,0.000000,africa
