rep,id,eta_initT,eta_aS,eta_dS,eta_tau,eta_Bt0,eta_p,eta_g,eta_dI,eta_n,eta_V0,doseTCID50
1,J440,0,-0.515527333151977,0.463700047988423,0,0.290910115500645,0.0445249540993888,0,0,-2.01885713159403,-0.375444493330682,600
2,J440,0,-0.406090718145546,-0.0371107006469347,0,-0.169111686722763,0.00182752096896382,0,0,-0.880948590573556,0.123866646580543,600
3,J440,0,-0.664642732633008,-0.0663883790121007,0,0.0016865073576048,-0.0106608464457056,0,0,-0.339952264309073,-0.397975650514574,600
4,J440,0,-1.04076065952504,-0.122178185621397,0,0.278442086708885,-0.0266043576587968,0,0,-2.56198763990434,-0.0759270559676808,600
5,J440,0,-0.928731451197483,-0.579006898575241,0,-0.0726863392581222,-0.0399441558242293,0,0,-1.98689422756332,0.137810378886438,600
6,J440,0,0.480506831553657,-0.86885893919482,0,-0.0703083950065251,0.00509712197492952,0,0,-0.0682750208617626,-0.409000332147307,600
7,J440,0,0.650016449393431,0.286673179005815,0,0.0540803586488379,-0.00951591719056857,0,0,-1.5578689199229,-0.298748725527849,600
8,J440,0,-0.0954415627069907,1.04062561827097,0,0.131965913886864,-0.024129422522649,0,0,-1.66827938424282,0.612589311837615,600
9,J440,0,-0.63014263217876,-0.0988430100853238,0,0.0779934186602192,-0.00640645260927053,0,0,-0.615444225317356,0.0340192447171775,600
10,J440,0,0.759997981446054,-0.626245305434498,0,-0.691698365351324,-0.0282525705542132,0,0,-1.88522230888926,-0.0656417727099691,600
1,N083,0,-0.751664015336649,-0.0195679245054145,0,0.410568702566734,-0.0175543033986055,0,0,0.183933460814921,-0.24779963703292,600
2,N083,0,-0.252362168974947,-0.156993784720252,0,0.233202665142728,0.013275881242005,0,0,0.150162465263489,0.18580317564104,600
3,N083,0,-0.403405854751116,-0.0138794644623647,0,0.160869671615106,0.0280367667758501,0,0,0.177163685448388,0.338172430650774,600
4,N083,0,0.683225269435472,-0.475367636534475,0,-0.37093453665244,-0.00649929409690327,0,0,0.780523387141978,-0.129778602077008,600
5,N083,0,-0.968629352827409,-0.507345979590769,0,0.307982739707243,0.0144587908220467,0,0,0.101056433143925,0.307579691149944,600
6,N083,0,-1.59139903012919,-0.50434879739705,0,0.293035691327342,0.0022384541303042,0,0,-0.00420604051424361,-0.187422990491744,600
7,N083,0,0.175579345468967,1.07647317646894,0,0.198964106512458,0.0141585956307396,0,0,0.235336993956366,-0.117692238580532,600
8,N083,0,-0.204789258001889,-0.623682279528033,0,0.365646338909134,0.0179726123871436,0,0,0.860436898332197,-0.209400981014256,600
9,N083,0,-0.298371787266034,-0.514950576438909,0,0.0968407652970322,0.00241100407701362,0,0,0.0740103512725622,0.38736416819323,600
10,N083,0,-0.302831667710301,-0.264938845587079,0,0.174545576688867,0.000867040224794571,0,0,0.0643268691622128,0.183930588615782,600
1,I806,0,-0.822667058377142,-0.527698154360334,0,0.00626514594586086,-0.0223153195150112,0,0,1.08030105008038,-0.697142387123876,600
2,I806,0,-0.920757905427035,-0.246797352479691,0,-0.0179823122194892,0.0128163951239056,0,0,0.39844391345772,-0.0878237099606143,600
3,I806,0,-0.80600768242991,0.0218088257870417,0,0.318816274130948,0.015119733293422,0,0,0.601937144738824,-0.15279086371939,600
4,I806,0,-1.72162190652503,-0.110463171583337,0,0.235921420186542,-0.0159241032785137,0,0,0.348182225830891,0.253682206957418,600
5,I806,0,-1.33619541507395,-0.0669666529549878,0,0.00885361886101477,0.0431918467105748,0,0,0.0562770338725123,0.572940793937818,600
6,I806,0,-0.38464917304661,0.11168465110666,0,0.144392540546341,0.0239212581469083,0,0,0.893261488282591,-0.0864319956768893,600
7,I806,0,-0.511738090978349,0.664291285473513,0,-0.0374130943803814,0.0347492043090342,0,0,0.920316720211545,0.406088087542106,600
8,I806,0,-0.855838215697323,0.388147378564048,0,0.233681046070725,-0.0322042585317175,0,0,0.778664622413182,-0.0125112233460016,600
9,I806,0,1.08187639414636,-0.537055620760774,0,-0.398296684389786,-0.0110396996263755,0,0,0.575014109951638,-0.29416036460238,600
10,I806,0,-0.21670527377929,-0.0120832059524167,0,0.221707927607707,-0.00249527438124347,0,0,0.587084084437312,-0.304582127899265,600
1,N462,0,-1.01805943561261,0.10720016598217,0,-0.404837209885163,0.0269180489363457,0,0,-0.316940054414102,-0.152734509280097,300
2,N462,0,-0.796007107176836,0.493549356796679,0,-0.139694952935039,0.0385558296440833,0,0,0.542995851580367,0.0284924423752755,300
3,N462,0,0.0975534824918862,-0.21758022409498,0,0.26489415223006,0.0179551118002542,0,0,1.13495311698754,0.0754030114697885,300
4,N462,0,-1.36499432803538,0.556120599228324,0,0.0975420818285737,-0.0210268404561413,0,0,0.772929992376061,0.373367246153362,300
5,N462,0,-1.56201964070934,0.4133957971211,0,0.309289468893561,-0.0224841797312659,0,0,0.854632651490304,0.312925661991775,300
6,N462,0,-1.42875186989622,-0.384070801982605,0,0.142513424390736,0.000811722086736105,0,0,0.028632827423023,-0.346269536461323,300
7,N462,0,-0.0895764657926788,-0.0476780276875642,0,0.0315021528207759,-0.0248334271756301,0,0,0.933664720141646,0.394001637372557,300
8,N462,0,-1.86249485711437,0.239988571448772,0,0.307762966586163,0.0099160981051106,0,0,-0.624705433699775,-0.137095626986265,300
9,N462,0,-1.4237925724685,0.119766454745616,0,0.0529717639607263,0.0317923985811141,0,0,-0.281672792995047,0.368622339394356,300
10,N462,0,-1.20183960156849,0.349596086102693,0,0.0500779946852607,-6.00650842110264e-5,0,0,0.685535027296385,-0.0123361303353604,300
1,N321,0,-0.984081988927348,-0.427443668785791,0,-0.218941619812051,-0.0377272825263964,0,0,-1.68972671354528,0.345346740683168,300
2,N321,0,0.452336204648633,0.0166263287439147,0,0.0199877838588645,-0.0148343292695548,0,0,-1.07121677177196,-0.0602175479505522,300
3,N321,0,0.357223235696761,0.0319541224728278,0,0.275512183588663,-0.0229058253013078,0,0,-1.39258965812873,0.207910666830599,300
4,N321,0,0.165687012939997,-0.396789252834585,0,-0.474417190605378,0.0100261640291396,0,0,-1.30933197406073,-0.206615117071425,300
5,N321,0,0.46781891387228,-0.45559464102559,0,0.267404922317637,-0.0275499550263718,0,0,-1.70921953905082,0.0853100735703843,300
6,N321,0,-0.0875477406316215,-0.359312333749076,0,0.154852287273014,-0.000490191562067852,0,0,-1.38987380527447,-0.324184495942895,300
7,N321,0,1.01255871072596,0.293609315509957,0,-0.163771723787921,-0.0289565859316982,0,0,-1.97204934539166,0.424153885511505,300
8,N321,0,-0.533377361581646,0.0080037147743971,0,0.102005523090233,-0.028274685379416,0,0,-1.61784815998793,0.258235231562292,300
9,N321,0,0.559090000090687,-0.00630581804005476,0,-0.222847486526261,0.0122651967973483,0,0,-1.35128677505974,0.0165844188810859,300
10,N321,0,0.13354111699267,-0.578201749761527,0,-0.153457721793418,0.045939566121916,0,0,-0.511183996960933,0.979071792862058,300
1,I624,0,0.159365341548196,0.396162749846185,0,0.0895777171744405,0.00376089076801363,0,0,0.486622095927611,-0.35488595229388,300
2,I624,0,-0.37502349171915,-0.0577815328634355,0,0.0105074838437868,-0.0720786029418556,0,0,0.796979813938056,-0.326534215544025,300
3,I624,0,-0.501016085421817,0.274962514073309,0,-0.00924550895831916,0.0295277469368488,0,0,0.510857637034023,0.0920213110386491,300
4,I624,0,0.654884274391867,0.163480776637022,0,0.0687245304507463,0.00744437679783275,0,0,0.703359315804042,-0.109780694408458,300
5,I624,0,-0.324459692145509,0.0941718237335362,0,0.106572223576544,-0.0289625343014232,0,0,0.970946221929213,0.694903680836875,300
6,I624,0,-0.328048620661744,-0.760203181053953,0,-0.119528577961143,-0.000404611044707419,0,0,1.07256160495971,0.154741571443437,300
7,I624,0,-0.435523005584039,-0.183155934651988,0,-0.125767501913838,0.00537567401999707,0,0,0.839670889110844,-0.380642728324629,300
8,I624,0,-0.891858987543843,-0.164117296785803,0,0.0853182484316604,0.0341785358566656,0,0,0.411929735437085,0.302987479840806,300
9,I624,0,-1.01620406680858,-0.377341732240371,0,0.130773929234289,-0.0224530741843506,0,0,0.579546729732994,0.402985629316675,300
10,I624,0,-0.415857736803994,0.676240892920324,0,0.223847865397903,-0.0245985391226911,0,0,0.639723840689962,-0.308386766819813,300
1,M290,0,-2.10628464477078,-0.103958484769869,0,-0.0776250281731005,-0.0105762449541145,0,0,-0.562456129897285,0.282940217890901,100
2,M290,0,-1.75472894133515,0.333248932496469,0,-0.299606833467997,0.00661623501962829,0,0,-0.173246506838701,-0.0410487450809962,100
3,M290,0,-1.76471697558024,0.141634041457182,0,0.0775859866420787,0.00446369126953646,0,0,-0.00534350422323726,-0.402398238016763,100
4,M290,0,-2.38435241494635,0.252578542300466,0,0.167308698183703,0.0314414223343606,0,0,-0.987273887567695,0.578487638344223,100
5,M290,0,-1.07813809664975,0.597975521311499,0,-0.154083587083299,-0.0196249373605732,0,0,-0.560045370021212,0.401368603282991,100
6,M290,0,-2.93981190388277,-0.645660105324567,0,-0.0801167777630769,0.0113281734926281,0,0,-1.784318777708,-0.567358545633607,100
7,M290,0,-1.75507218683704,-0.230857910309947,0,-0.689289783072122,-0.0295418045359202,0,0,-1.84973540075774,-0.225744864108917,100
8,M290,0,-1.03377738321321,0.791845393899102,0,-0.307291902543113,-0.0418767685421419,0,0,0.241224331661215,0.336198967270053,100
9,M290,0,-2.02421317029523,0.106280298212538,0,-0.31728578880756,-0.0188692519032363,0,0,-0.935601970281489,0.644244191185094,100
10,M290,0,-1.26879955093073,0.427713708986329,0,-0.288690384547275,-0.0222524884204596,0,0,-1.25622623517404,0.0909817790789792,100
1,L492,0,1.44479690372264,0.0176791608830577,0,0.331398523523776,0.00537181907600901,0,0,1.11308921457077,0.102725607960116,100
2,L492,0,1.27653581239662,-0.18928217980344,0,0.0861728342533267,-0.0123057127618615,0,0,0.706925327831247,-0.269896796821576,100
3,L492,0,0.718031211850833,0.117112649443233,0,0.466910296334504,0.0223773528688004,0,0,0.814151292745599,-0.437701407874529,100
4,L492,0,2.30784195550108,0.132288657267029,0,-0.3570341671737,0.0105546258165451,0,0,1.07426722304473,-0.0143234232603476,100
5,L492,0,2.83375625794454,0.33769399321716,0,-0.0807574306593958,-0.0433445691876934,0,0,0.933934505010549,0.123858623316668,100
6,L492,0,2.03833920300765,0.577458807364938,0,-0.30160505089319,0.0694231720019411,0,0,0.546581158098226,0.900089922504056,100
7,L492,0,2.21880013112369,0.180810763548346,0,0.0662229245378859,0.0204371637274645,0,0,0.909663670719491,0.181374622036445,100
8,L492,0,1.47150774062701,0.315214090871364,0,-0.0810369711752133,-0.00697469248827289,0,0,0.899036687920744,0.980193702373289,100
9,L492,0,1.95335419541652,0.732334445447846,0,-0.245370480575131,-0.0291298141537898,0,0,0.549041906000714,-0.226280171415037,100
10,L492,0,1.59532517241751,1.19007568765891,0,0.259531342550913,-0.00338079337653283,0,0,0.0689511747190389,0.126497363446554,100
1,H658,0,1.69023101459669,-0.366174050307385,0,0.0466621019012794,-0.00664051652012276,0,0,0.656901133093772,0.226271641728483,100
2,H658,0,3.17935173655238,-0.235517458938407,0,0.0879516747711585,0.0256582067607296,0,0,0.700324771539578,0.218014816106813,100
3,H658,0,2.85386104746214,-0.461522504632244,0,-0.139217350499079,0.00604520419890125,0,0,0.639277413524902,-0.240262398841054,100
4,H658,0,2.93202481794878,-0.313860728390486,0,0.169082884088704,-0.0104436699739907,0,0,0.352788700670348,-0.228667249037647,100
5,H658,0,2.36174393152824,-0.654247644012227,0,-0.0896296670603776,-0.0164227992158881,0,0,0.664802013958353,-0.177338337245017,100
6,H658,0,3.42975185530856,0.315354960106344,0,-0.225380964195808,0.0204452148604045,0,0,0.883970293967141,0.0321847928460337,100
7,H658,0,3.00588896158601,0.359638946759122,0,-0.426668922987455,0.0391228118884618,0,0,0.582090131383518,-0.174828565916009,100
8,H658,0,2.89324015963338,0.335998842223755,0,-0.099012501355252,0.00494614374808674,0,0,0.397112580480153,-0.383086003834715,100
9,H658,0,2.59691826274632,-0.0254952789387797,0,0.146377790316135,-0.0265165164817795,0,0,0.369214949312445,0.713648676682818,100
10,H658,0,2.17820066563307,0.0713601734504207,0,-0.651763422534816,0.00491155547075168,0,0,0.156932116412436,-0.566610575950568,100
