initT_abscissa,initT_cdf,aS_abscissa,aS_cdf,dS_abscissa,dS_cdf,lBt0_abscissa,lBt0_cdf,dI_abscissa,dI_cdf,w_abscissa,w_cdf,split
-15.6661,0.00196078,0.960647,0,0.00344341,0,-4.61859,0,0.04915,0.00196078,0.0121016,0.00196078,All
-14.6234,0.00392157,1.35919,0.00196078,0.00447285,0.00196078,-4.31656,0.00196078,0.0679342,0.00392157,0.015932,0.00392157,All
-12.533,0.00588235,1.36709,0.00392157,0.00466712,0.00392157,-4.28218,0.00392157,0.0755638,0.00588235,0.0186145,0.00588235,All
-12.0492,0.00784314,1.38488,0.00588235,0.00480397,0.00588235,-4.26412,0.00588235,0.081459,0.00784314,0.0186388,0.00784314,All
-11.9042,0.00980392,1.38736,0.00784314,0.00491855,0.00784314,-4.24976,0.00784314,0.0966467,0.00980392,0.0217774,0.00980392,All
-11.6131,0.0117647,1.38771,0.00980392,0.00494299,0.00980392,-4.23586,0.00980392,0.105686,0.0117647,0.0220391,0.0117647,All
-11.4466,0.0137255,1.38843,0.0117647,0.00495642,0.0117647,-4.23352,0.0117647,0.105706,0.0137255,0.0238482,0.0137255,All
-11.2798,0.0156863,1.39241,0.0137255,0.00504518,0.0137255,-4.2334,0.0137255,0.107224,0.0156863,0.0257601,0.0156863,All
-11.0494,0.0176471,1.39613,0.0156863,0.00506103,0.0156863,-4.23198,0.0156863,0.109774,0.0176471,0.0262194,0.0176471,All
-10.8795,0.0196078,1.40018,0.0176471,0.00514784,0.0176471,-4.23127,0.0176471,0.112848,0.0196078,0.0268937,0.0196078,All
-10.7146,0.0215686,1.40439,0.0196078,0.00515817,0.0196078,-4.22992,0.0196078,0.113205,0.0215686,0.0275725,0.0215686,All
-10.4184,0.0235294,1.41012,0.0215686,0.00517045,0.0215686,-4.22984,0.0215686,0.115254,0.0235294,0.0276187,0.0235294,All
-10.2671,0.0254902,1.41113,0.0235294,0.00518403,0.0235294,-4.22822,0.0235294,0.120592,0.0254902,0.027744,0.0254902,All
-10.2011,0.027451,1.41263,0.0254902,0.00521428,0.0254902,-4.22694,0.0254902,0.132072,0.027451,0.0277837,0.027451,All
-10.1547,0.0294118,1.41299,0.027451,0.00524717,0.027451,-4.22115,0.027451,0.135941,0.0294118,0.0279661,0.0294118,All
-10.1462,0.0313725,1.41307,0.0294118,0.005286,0.0294118,-4.21817,0.0294118,0.138901,0.0313725,0.0282544,0.0313725,All
-9.86493,0.0333333,1.41353,0.0313725,0.00528666,0.0313725,-4.21662,0.0313725,0.140276,0.0333333,0.028402,0.0333333,All
-9.77502,0.0352941,1.41364,0.0333333,0.00529406,0.0333333,-4.21346,0.0333333,0.142012,0.0352941,0.0288484,0.0352941,All
-9.63392,0.0372549,1.41395,0.0352941,0.00530988,0.0352941,-4.21212,0.0352941,0.143314,0.0372549,0.0289967,0.0372549,All
-9.54368,0.0392157,1.41637,0.0372549,0.00532257,0.0372549,-4.21105,0.0372549,0.144484,0.0392157,0.0291306,0.0392157,All
-9.36842,0.0411765,1.41761,0.0392157,0.00536891,0.0392157,-4.20783,0.0392157,0.146462,0.0411765,0.0291536,0.0411765,All
-9.3422,0.0431373,1.42248,0.0411765,0.0054354,0.0411765,-4.20711,0.0411765,0.146716,0.0431373,0.0291793,0.0431373,All
-9.28375,0.045098,1.42281,0.0431373,0.00547253,0.0431373,-4.20301,0.0431373,0.158327,0.045098,0.0293183,0.045098,All
-9.18829,0.0470588,1.42775,0.045098,0.00547671,0.045098,-4.20183,0.045098,0.160314,0.0470588,0.0298774,0.0470588,All
-9.18621,0.0490196,1.42831,0.0470588,0.00548182,0.0470588,-4.20038,0.0470588,0.163994,0.0490196,0.0301932,0.0490196,All
-9.09594,0.0509804,1.4294,0.0490196,0.00549121,0.0490196,-4.19363,0.0490196,0.167692,0.0509804,0.0305339,0.0509804,All
-9.08237,0.0529412,1.43053,0.0509804,0.00552629,0.0509804,-4.19116,0.0509804,0.16804,0.0529412,0.0308088,0.0529412,All
-9.07895,0.054902,1.43162,0.0529412,0.00556611,0.0529412,-4.19031,0.0529412,0.170294,0.054902,0.0315637,0.054902,All
-8.89806,0.0568627,1.4322,0.054902,0.00556825,0.054902,-4.18859,0.054902,0.171852,0.0568627,0.0319831,0.0568627,All
-8.89604,0.0588235,1.43231,0.0568627,0.00556953,0.0568627,-4.18565,0.0568627,0.173987,0.0588235,0.0322452,0.0588235,All
-8.82789,0.0607843,1.43295,0.0588235,0.00557793,0.0588235,-4.18466,0.0588235,0.174088,0.0607843,0.0325337,0.0607843,All
-8.71163,0.0627451,1.43615,0.0607843,0.00557797,0.0607843,-4.18443,0.0607843,0.178859,0.0627451,0.0326294,0.0627451,All
-8.69503,0.0647059,1.43713,0.0627451,0.00558138,0.0627451,-4.18386,0.0627451,0.184974,0.0647059,0.0327672,0.0647059,All
-8.67908,0.0666667,1.438,0.0647059,0.00558198,0.0647059,-4.18366,0.0647059,0.185225,0.0666667,0.0331341,0.0666667,All
-8.50408,0.0686275,1.44135,0.0666667,0.0055837,0.0666667,-4.18285,0.0666667,0.18646,0.0686275,0.0333021,0.0686275,All
-8.4899,0.0705882,1.44495,0.0686275,0.00558869,0.0686275,-4.18228,0.0686275,0.189205,0.0705882,0.0337516,0.0705882,All
-8.45028,0.072549,1.44527,0.0705882,0.00559076,0.0705882,-4.18062,0.0705882,0.193871,0.072549,0.033809,0.072549,All
-8.42804,0.0745098,1.44734,0.072549,0.00559851,0.072549,-4.17979,0.072549,0.196967,0.0745098,0.0338445,0.0745098,All
-8.39245,0.0764706,1.4492,0.0745098,0.00561893,0.0745098,-4.17947,0.0745098,0.198294,0.0764706,0.0340004,0.0764706,All
-8.36663,0.0784314,1.4504,0.0764706,0.0056283,0.0764706,-4.17896,0.0764706,0.200013,0.0784314,0.0340798,0.0784314,All
-8.29841,0.0803922,1.45042,0.0784314,0.00562844,0.0784314,-4.17865,0.0784314,0.204484,0.0803922,0.0342647,0.0803922,All
-8.29712,0.0823529,1.4532,0.0803922,0.00563456,0.0803922,-4.17583,0.0803922,0.208282,0.0823529,0.0344545,0.0823529,All
-8.28436,0.0843137,1.45597,0.0823529,0.00565392,0.0823529,-4.17511,0.0823529,0.208831,0.0843137,0.0345622,0.0843137,All
-8.16948,0.0862745,1.45654,0.0843137,0.00565674,0.0843137,-4.17378,0.0843137,0.211306,0.0862745,0.0346063,0.0862745,All
-8.15486,0.0882353,1.45799,0.0862745,0.00567681,0.0862745,-4.17301,0.0862745,0.219284,0.0882353,0.035,0.0882353,All
-8.05789,0.0901961,1.45801,0.0882353,0.00568371,0.0882353,-4.17275,0.0882353,0.221466,0.0901961,0.0351627,0.0901961,All
-8.04506,0.0921569,1.45939,0.0901961,0.0056839,0.0901961,-4.17269,0.0901961,0.221699,0.0921569,0.0351679,0.0921569,All
-8.01548,0.0941176,1.4604,0.0921569,0.00569098,0.0921569,-4.17212,0.0921569,0.223338,0.0941176,0.0354243,0.0941176,All
-8.00614,0.0960784,1.46094,0.0941176,0.00569797,0.0941176,-4.17058,0.0941176,0.223731,0.0960784,0.0355458,0.0960784,All
-7.96871,0.0980392,1.46218,0.0960784,0.00570295,0.0960784,-4.17056,0.0960784,0.224011,0.0980392,0.0356518,0.0980392,All
-7.93016,0.1,1.46484,0.0980392,0.00570355,0.0980392,-4.1696,0.0980392,0.225134,0.1,0.0362237,0.1,All
-7.9207,0.101961,1.4649,0.1,0.00570641,0.1,-4.1695,0.1,0.226645,0.101961,0.0366064,0.101961,All
-7.85519,0.103922,1.46506,0.101961,0.00570654,0.101961,-4.1686,0.101961,0.227714,0.103922,0.0366911,0.103922,All
-7.81562,0.105882,1.46553,0.103922,0.00571742,0.103922,-4.16677,0.103922,0.229103,0.105882,0.0367986,0.105882,All
-7.76926,0.107843,1.46638,0.105882,0.00573811,0.105882,-4.16647,0.105882,0.230356,0.107843,0.036891,0.107843,All
-7.7645,0.109804,1.46659,0.107843,0.00574325,0.107843,-4.1663,0.107843,0.246844,0.109804,0.0370697,0.109804,All
-7.75459,0.111765,1.46702,0.109804,0.0057464,0.109804,-4.16592,0.109804,0.250725,0.111765,0.0371814,0.111765,All
-7.74722,0.113725,1.46745,0.111765,0.00575107,0.111765,-4.16576,0.111765,0.251027,0.113725,0.037293,0.113725,All
-7.71616,0.115686,1.46753,0.113725,0.00575649,0.113725,-4.16485,0.113725,0.252664,0.115686,0.037325,0.115686,All
-7.70873,0.117647,1.46838,0.115686,0.00576738,0.115686,-4.16393,0.115686,0.252861,0.117647,0.0376082,0.117647,All
-7.62908,0.119608,1.46892,0.117647,0.00577453,0.117647,-4.16339,0.117647,0.255709,0.119608,0.0377276,0.119608,All
-7.6209,0.121569,1.47076,0.119608,0.00577921,0.119608,-4.16288,0.119608,0.256562,0.121569,0.0377865,0.121569,All
-7.6144,0.123529,1.47208,0.121569,0.00578148,0.121569,-4.1622,0.121569,0.25895,0.123529,0.0378416,0.123529,All
-7.54012,0.12549,1.47292,0.123529,0.0057898,0.123529,-4.16197,0.123529,0.260297,0.12549,0.0379824,0.12549,All
-7.52385,0.127451,1.47603,0.12549,0.0058209,0.12549,-4.16108,0.12549,0.263867,0.127451,0.0380364,0.127451,All
-7.45942,0.129412,1.47714,0.127451,0.00582158,0.127451,-4.16047,0.127451,0.265206,0.129412,0.0381843,0.129412,All
-7.45792,0.131373,1.47751,0.129412,0.0058246,0.129412,-4.15978,0.129412,0.265731,0.131373,0.0381952,0.131373,All
-7.42174,0.133333,1.4799,0.131373,0.00583083,0.131373,-4.15943,0.131373,0.268279,0.133333,0.0384375,0.133333,All
-7.33032,0.135294,1.48009,0.133333,0.00583196,0.133333,-4.15875,0.133333,0.268537,0.135294,0.0385235,0.135294,All
-7.31417,0.137255,1.48028,0.135294,0.0058434,0.135294,-4.15626,0.135294,0.269225,0.137255,0.0388165,0.137255,All
-7.31358,0.139216,1.48287,0.137255,0.00584479,0.137255,-4.15517,0.137255,0.277621,0.139216,0.0388275,0.139216,All
-7.299,0.141176,1.48319,0.139216,0.00584792,0.139216,-4.15486,0.139216,0.277949,0.141176,0.0388654,0.141176,All
-7.28857,0.143137,1.48325,0.141176,0.00585263,0.141176,-4.15484,0.141176,0.278877,0.143137,0.0390146,0.143137,All
-7.28773,0.145098,1.48387,0.143137,0.00585528,0.143137,-4.1536,0.143137,0.280063,0.145098,0.0392521,0.145098,All
-7.27495,0.147059,1.48476,0.145098,0.00585644,0.145098,-4.15236,0.145098,0.28043,0.147059,0.0394674,0.147059,All
-7.27419,0.14902,1.4848,0.147059,0.00585838,0.147059,-4.15235,0.147059,0.282012,0.14902,0.0395001,0.14902,All
-7.26885,0.15098,1.48647,0.14902,0.00585853,0.14902,-4.1522,0.14902,0.284876,0.15098,0.0398558,0.15098,All
-7.2135,0.152941,1.4867,0.15098,0.00586805,0.15098,-4.15196,0.15098,0.287732,0.152941,0.0399282,0.152941,All
-7.14638,0.154902,1.48674,0.152941,0.00587086,0.152941,-4.15186,0.152941,0.290226,0.154902,0.0399966,0.154902,All
-7.1417,0.156863,1.48874,0.154902,0.00587218,0.154902,-4.15039,0.154902,0.291459,0.156863,0.0401365,0.156863,All
-7.13704,0.158824,1.48985,0.156863,0.00587274,0.156863,-4.15024,0.156863,0.293827,0.158824,0.0402539,0.158824,All
-7.13068,0.160784,1.49123,0.158824,0.00587385,0.158824,-4.14862,0.158824,0.294655,0.160784,0.0403928,0.160784,All
-7.1038,0.162745,1.49173,0.160784,0.00587757,0.160784,-4.14804,0.160784,0.295491,0.162745,0.0404793,0.162745,All
-7.06229,0.164706,1.49295,0.162745,0.00587817,0.162745,-4.14759,0.162745,0.298457,0.164706,0.0404959,0.164706,All
-6.99704,0.166667,1.4938,0.164706,0.00589115,0.164706,-4.14743,0.164706,0.300312,0.166667,0.0409185,0.166667,All
-6.98674,0.168627,1.49407,0.166667,0.00589436,0.166667,-4.1474,0.166667,0.303762,0.168627,0.0410493,0.168627,All
-6.9817,0.170588,1.4947,0.168627,0.00589904,0.168627,-4.14705,0.168627,0.304073,0.170588,0.0410953,0.170588,All
-6.94959,0.172549,1.49596,0.170588,0.00590397,0.170588,-4.14695,0.170588,0.304499,0.172549,0.0417769,0.172549,All
-6.94182,0.17451,1.49691,0.172549,0.00590908,0.172549,-4.14652,0.172549,0.306362,0.17451,0.041846,0.17451,All
-6.92247,0.176471,1.49729,0.17451,0.00591016,0.17451,-4.14519,0.17451,0.306813,0.176471,0.0420281,0.176471,All
-6.91678,0.178431,1.49943,0.176471,0.00591021,0.176471,-4.14432,0.176471,0.307082,0.178431,0.0422789,0.178431,All
-6.88981,0.180392,1.50013,0.178431,0.00592809,0.178431,-4.1443,0.178431,0.310666,0.180392,0.0428108,0.180392,All
-6.87678,0.182353,1.50029,0.180392,0.00593114,0.180392,-4.14412,0.180392,0.312747,0.182353,0.0431728,0.182353,All
-6.86967,0.184314,1.50196,0.182353,0.00593169,0.182353,-4.14374,0.182353,0.316273,0.184314,0.0433512,0.184314,All
-6.86376,0.186275,1.50273,0.184314,0.0059351,0.184314,-4.14241,0.184314,0.32041,0.186275,0.0433586,0.186275,All
-6.86115,0.188235,1.5046,0.186275,0.00595343,0.186275,-4.14213,0.186275,0.321081,0.188235,0.0435322,0.188235,All
-6.85382,0.190196,1.5052,0.188235,0.0059647,0.188235,-4.14194,0.188235,0.330402,0.190196,0.0437461,0.190196,All
-6.84595,0.192157,1.50526,0.190196,0.00596868,0.190196,-4.14178,0.190196,0.333566,0.192157,0.04408,0.192157,All
-6.81285,0.194118,1.50622,0.192157,0.00597455,0.192157,-4.14117,0.192157,0.33777,0.194118,0.0441045,0.194118,All
-6.80705,0.196078,1.50677,0.194118,0.00597792,0.194118,-4.14065,0.194118,0.339931,0.196078,0.044189,0.196078,All
-6.80688,0.198039,1.50706,0.196078,0.00598745,0.196078,-4.14007,0.196078,0.342482,0.198039,0.0441985,0.198039,All
-6.76476,0.2,1.50809,0.198039,0.00598872,0.198039,-4.13997,0.198039,0.349251,0.2,0.0444568,0.2,All
-6.73515,0.201961,1.50945,0.2,0.00599793,0.2,-4.13966,0.2,0.350134,0.201961,0.0447043,0.201961,All
-6.73318,0.203922,1.50949,0.201961,0.00600402,0.201961,-4.13902,0.201961,0.351384,0.203922,0.0447259,0.203922,All
-6.65815,0.205882,1.5096,0.203922,0.00602674,0.203922,-4.13872,0.203922,0.354199,0.205882,0.0447402,0.205882,All
-6.65576,0.207843,1.50963,0.205882,0.00603111,0.205882,-4.13849,0.205882,0.361619,0.207843,0.0447641,0.207843,All
-6.65383,0.209804,1.50994,0.207843,0.00603364,0.207843,-4.13756,0.207843,0.364267,0.209804,0.0449033,0.209804,All
-6.59367,0.211765,1.511,0.209804,0.00603717,0.209804,-4.13735,0.209804,0.365073,0.211765,0.0453216,0.211765,All
-6.58449,0.213725,1.51113,0.211765,0.00604099,0.211765,-4.13719,0.211765,0.366901,0.213725,0.0453989,0.213725,All
-6.57722,0.215686,1.51164,0.213725,0.00604456,0.213725,-4.13693,0.213725,0.367495,0.215686,0.0454798,0.215686,All
-6.56655,0.217647,1.5119,0.215686,0.00604761,0.215686,-4.13622,0.215686,0.36941,0.217647,0.0456362,0.217647,All
-6.56566,0.219608,1.51235,0.217647,0.00605022,0.217647,-4.1362,0.217647,0.372063,0.219608,0.0460196,0.219608,All
-6.55623,0.221569,1.51298,0.219608,0.00605067,0.219608,-4.13519,0.219608,0.372163,0.221569,0.0467403,0.221569,All
-6.55528,0.223529,1.51427,0.221569,0.00605071,0.221569,-4.1351,0.221569,0.374366,0.223529,0.0468815,0.223529,All
-6.52665,0.22549,1.51492,0.223529,0.00605172,0.223529,-4.13462,0.223529,0.381588,0.22549,0.0469359,0.22549,All
-6.50776,0.227451,1.51585,0.22549,0.00605333,0.22549,-4.13269,0.22549,0.382857,0.227451,0.0472474,0.227451,All
-6.4911,0.229412,1.51595,0.227451,0.00605454,0.227451,-4.1323,0.227451,0.388115,0.229412,0.0473323,0.229412,All
-6.48135,0.231373,1.51628,0.229412,0.0060587,0.229412,-4.1321,0.229412,0.390307,0.231373,0.0474234,0.231373,All
-6.47961,0.233333,1.51632,0.231373,0.00606004,0.231373,-4.13102,0.231373,0.39347,0.233333,0.0474555,0.233333,All
-6.45951,0.235294,1.51643,0.233333,0.00606432,0.233333,-4.13025,0.233333,0.394254,0.235294,0.0474841,0.235294,All
-6.43002,0.237255,1.51658,0.235294,0.00607465,0.235294,-4.13024,0.235294,0.40123,0.237255,0.0475032,0.237255,All
-6.41738,0.239216,1.5172,0.237255,0.00607564,0.237255,-4.12987,0.237255,0.403679,0.239216,0.0475958,0.239216,All
-6.36009,0.241176,1.51842,0.239216,0.0060819,0.239216,-4.12951,0.239216,0.404909,0.241176,0.0479078,0.241176,All
-6.35945,0.243137,1.51857,0.241176,0.00608335,0.241176,-4.12837,0.241176,0.40798,0.243137,0.0481325,0.243137,All
-6.34272,0.245098,1.51896,0.243137,0.00608832,0.243137,-4.12736,0.243137,0.41446,0.245098,0.0482426,0.245098,All
-6.32728,0.247059,1.51901,0.245098,0.00609453,0.245098,-4.12712,0.245098,0.416321,0.247059,0.0482879,0.247059,All
-6.30222,0.24902,1.51946,0.247059,0.0060986,0.247059,-4.1256,0.247059,0.416534,0.24902,0.0488829,0.24902,All
-6.2887,0.25098,1.51961,0.24902,0.00610489,0.24902,-4.12553,0.24902,0.41718,0.25098,0.0489074,0.25098,All
-6.28351,0.252941,1.52002,0.25098,0.00611282,0.25098,-4.12535,0.25098,0.420217,0.252941,0.0489274,0.252941,All
-6.28078,0.254902,1.52035,0.252941,0.00611644,0.252941,-4.12427,0.252941,0.422078,0.254902,0.0490028,0.254902,All
-6.27897,0.256863,1.52044,0.254902,0.00612152,0.254902,-4.12345,0.254902,0.424287,0.256863,0.0491505,0.256863,All
-6.27793,0.258824,1.52066,0.256863,0.00612413,0.256863,-4.12272,0.256863,0.424858,0.258824,0.0495631,0.258824,All
-6.25102,0.260784,1.52179,0.258824,0.00612466,0.258824,-4.12248,0.258824,0.42947,0.260784,0.0497063,0.260784,All
-6.24808,0.262745,1.52181,0.260784,0.00613339,0.260784,-4.12247,0.260784,0.430915,0.262745,0.0497776,0.262745,All
-6.24722,0.264706,1.52364,0.262745,0.00613883,0.262745,-4.12105,0.262745,0.4335,0.264706,0.0505173,0.264706,All
-6.24477,0.266667,1.52406,0.264706,0.00613976,0.264706,-4.12058,0.264706,0.436238,0.266667,0.0506096,0.266667,All
-6.24385,0.268627,1.52419,0.266667,0.00614375,0.266667,-4.12048,0.266667,0.437518,0.268627,0.051035,0.268627,All
-6.23819,0.270588,1.52461,0.268627,0.00614678,0.268627,-4.11899,0.268627,0.44007,0.270588,0.0511945,0.270588,All
-6.23802,0.272549,1.52495,0.270588,0.00615292,0.270588,-4.11823,0.270588,0.440283,0.272549,0.0512138,0.272549,All
-6.22994,0.27451,1.52515,0.272549,0.00617084,0.272549,-4.11788,0.272549,0.445277,0.27451,0.0514753,0.27451,All
-6.21558,0.276471,1.52556,0.27451,0.00618436,0.27451,-4.11688,0.27451,0.445922,0.276471,0.0518827,0.276471,All
-6.19881,0.278431,1.52704,0.276471,0.00620036,0.276471,-4.11568,0.276471,0.452099,0.278431,0.0520269,0.278431,All
-6.19442,0.280392,1.52875,0.278431,0.00620491,0.278431,-4.11556,0.278431,0.455089,0.280392,0.0522775,0.280392,All
-6.1934,0.282353,1.5294,0.280392,0.0062068,0.280392,-4.11542,0.280392,0.459519,0.282353,0.0522935,0.282353,All
-6.14649,0.284314,1.53004,0.282353,0.00620846,0.282353,-4.11538,0.282353,0.461249,0.284314,0.0526416,0.284314,All
-6.11716,0.286275,1.53154,0.284314,0.00621468,0.284314,-4.11517,0.284314,0.463207,0.286275,0.0527333,0.286275,All
-6.11203,0.288235,1.53205,0.286275,0.00621523,0.286275,-4.1151,0.286275,0.46516,0.288235,0.052977,0.288235,All
-6.10064,0.290196,1.53222,0.288235,0.0062168,0.288235,-4.11472,0.288235,0.466479,0.290196,0.0529859,0.290196,All
-6.09287,0.292157,1.53238,0.290196,0.00622725,0.290196,-4.11332,0.290196,0.474314,0.292157,0.0530931,0.292157,All
-6.0789,0.294118,1.53329,0.292157,0.00622855,0.292157,-4.11324,0.292157,0.479259,0.294118,0.0531136,0.294118,All
-6.0772,0.296078,1.53348,0.294118,0.00622914,0.294118,-4.11216,0.294118,0.479714,0.296078,0.0532475,0.296078,All
-6.07539,0.298039,1.53391,0.296078,0.00623637,0.296078,-4.11167,0.296078,0.488378,0.298039,0.0545129,0.298039,All
-6.06846,0.3,1.53487,0.298039,0.00623738,0.298039,-4.11149,0.298039,0.488574,0.3,0.0545205,0.3,All
-6.05399,0.301961,1.53575,0.3,0.00623929,0.3,-4.11131,0.3,0.489092,0.301961,0.0545427,0.301961,All
-6.05114,0.303922,1.53681,0.301961,0.00624891,0.301961,-4.11131,0.301961,0.492757,0.303922,0.0548278,0.303922,All
-6.01239,0.305882,1.53726,0.303922,0.00625113,0.303922,-4.11121,0.303922,0.503151,0.305882,0.0551462,0.305882,All
-6.00544,0.307843,1.53742,0.305882,0.00625192,0.305882,-4.11111,0.305882,0.503456,0.307843,0.055219,0.307843,All
-5.99446,0.309804,1.53754,0.307843,0.00625314,0.307843,-4.11096,0.307843,0.507816,0.309804,0.0555148,0.309804,All
-5.99362,0.311765,1.5388,0.309804,0.00625534,0.309804,-4.11066,0.309804,0.508211,0.311765,0.0555995,0.311765,All
-5.97742,0.313725,1.5389,0.311765,0.0062558,0.311765,-4.11048,0.311765,0.508289,0.313725,0.0556076,0.313725,All
-5.96608,0.315686,1.53926,0.313725,0.00625644,0.313725,-4.10995,0.313725,0.50938,0.315686,0.0556854,0.315686,All
-5.95209,0.317647,1.53971,0.315686,0.00626019,0.315686,-4.10993,0.315686,0.511472,0.317647,0.0564626,0.317647,All
-5.93389,0.319608,1.53978,0.317647,0.00626276,0.317647,-4.10904,0.317647,0.513504,0.319608,0.0565017,0.319608,All
-5.92755,0.321569,1.54054,0.319608,0.00627339,0.319608,-4.10854,0.319608,0.514328,0.321569,0.0566845,0.321569,All
-5.91378,0.323529,1.54119,0.321569,0.00628038,0.321569,-4.10837,0.321569,0.515381,0.323529,0.0573276,0.323529,All
-5.90963,0.32549,1.54202,0.323529,0.00628141,0.323529,-4.10835,0.323529,0.515927,0.32549,0.0573945,0.32549,All
-5.90017,0.327451,1.54233,0.32549,0.00628243,0.32549,-4.10806,0.32549,0.517339,0.327451,0.0575418,0.327451,All
-5.89708,0.329412,1.54286,0.327451,0.00628334,0.327451,-4.10802,0.327451,0.520317,0.329412,0.0575568,0.329412,All
-5.88763,0.331373,1.54289,0.329412,0.00629058,0.329412,-4.10782,0.329412,0.520897,0.331373,0.05765,0.331373,All
-5.87962,0.333333,1.54331,0.331373,0.00629175,0.331373,-4.10765,0.331373,0.523865,0.333333,0.0577312,0.333333,All
-5.86348,0.335294,1.54357,0.333333,0.00629296,0.333333,-4.10691,0.333333,0.524963,0.335294,0.0578506,0.335294,All
-5.84958,0.337255,1.54477,0.335294,0.00629543,0.335294,-4.10635,0.335294,0.528511,0.337255,0.0579364,0.337255,All
-5.84626,0.339216,1.54506,0.337255,0.00630226,0.337255,-4.1063,0.337255,0.530432,0.339216,0.0581269,0.339216,All
-5.83562,0.341176,1.54512,0.339216,0.00630543,0.339216,-4.10588,0.339216,0.53135,0.341176,0.05815,0.341176,All
-5.831,0.343137,1.54551,0.341176,0.00631243,0.341176,-4.10482,0.341176,0.532337,0.343137,0.0581839,0.343137,All
-5.81538,0.345098,1.54584,0.343137,0.00631616,0.343137,-4.10476,0.343137,0.532374,0.345098,0.058198,0.345098,All
-5.81532,0.347059,1.54614,0.345098,0.00631982,0.345098,-4.10465,0.345098,0.533547,0.347059,0.0583807,0.347059,All
-5.81345,0.34902,1.54652,0.347059,0.00632201,0.347059,-4.10397,0.347059,0.534116,0.34902,0.0585458,0.34902,All
-5.8124,0.35098,1.54678,0.34902,0.00632856,0.34902,-4.1036,0.34902,0.534531,0.35098,0.0587208,0.35098,All
-5.79169,0.352941,1.5471,0.35098,0.00633109,0.35098,-4.10353,0.35098,0.538561,0.352941,0.0589603,0.352941,All
-5.79161,0.354902,1.54716,0.352941,0.00633523,0.352941,-4.1035,0.352941,0.53892,0.354902,0.0589804,0.354902,All
-5.78952,0.356863,1.54757,0.354902,0.00633839,0.354902,-4.10301,0.354902,0.540068,0.356863,0.0590057,0.356863,All
-5.77342,0.358824,1.54766,0.356863,0.00633925,0.356863,-4.10263,0.356863,0.54888,0.358824,0.0590635,0.358824,All
-5.77293,0.360784,1.54794,0.358824,0.00633987,0.358824,-4.10257,0.358824,0.550053,0.360784,0.059228,0.360784,All
-5.76861,0.362745,1.54822,0.360784,0.00634287,0.360784,-4.10251,0.360784,0.552847,0.362745,0.0593681,0.362745,All
-5.76431,0.364706,1.5487,0.362745,0.00634557,0.362745,-4.10246,0.362745,0.553371,0.364706,0.0595822,0.364706,All
-5.74658,0.366667,1.54896,0.364706,0.00634947,0.364706,-4.10172,0.364706,0.556381,0.366667,0.0597175,0.366667,All
-5.74075,0.368627,1.54898,0.366667,0.0063497,0.366667,-4.1017,0.366667,0.557816,0.368627,0.0598326,0.368627,All
-5.72761,0.370588,1.55073,0.368627,0.0063529,0.368627,-4.10133,0.368627,0.565793,0.370588,0.0602913,0.370588,All
-5.71514,0.372549,1.55091,0.370588,0.00635314,0.370588,-4.10129,0.370588,0.567291,0.372549,0.0605012,0.372549,All
-5.70306,0.37451,1.55272,0.372549,0.00636033,0.372549,-4.10113,0.372549,0.568368,0.37451,0.0606391,0.37451,All
-5.68692,0.376471,1.55276,0.37451,0.00636306,0.37451,-4.101,0.37451,0.571031,0.376471,0.0607814,0.376471,All
-5.65012,0.378431,1.55342,0.376471,0.00636837,0.376471,-4.10055,0.376471,0.577822,0.378431,0.0608232,0.378431,All
-5.64227,0.380392,1.55402,0.378431,0.0063697,0.378431,-4.1003,0.378431,0.590108,0.380392,0.0610336,0.380392,All
-5.60992,0.382353,1.5543,0.380392,0.00637438,0.380392,-4.10024,0.380392,0.592116,0.382353,0.0611105,0.382353,All
-5.58229,0.384314,1.5555,0.382353,0.00637771,0.382353,-4.10014,0.382353,0.593605,0.384314,0.0611282,0.384314,All
-5.58085,0.386275,1.55552,0.384314,0.00638186,0.384314,-4.09943,0.384314,0.594389,0.386275,0.0613445,0.386275,All
-5.57866,0.388235,1.55553,0.386275,0.00639735,0.386275,-4.09826,0.386275,0.597133,0.388235,0.061793,0.388235,All
-5.57513,0.390196,1.55554,0.388235,0.00639916,0.388235,-4.09801,0.388235,0.599061,0.390196,0.0618241,0.390196,All
-5.56556,0.392157,1.55577,0.390196,0.00640347,0.390196,-4.09799,0.390196,0.604066,0.392157,0.0620379,0.392157,All
-5.55808,0.394118,1.55587,0.392157,0.00640398,0.392157,-4.09768,0.392157,0.608545,0.394118,0.0621946,0.394118,All
-5.55565,0.396078,1.55599,0.394118,0.00640717,0.394118,-4.09741,0.394118,0.610753,0.396078,0.062226,0.396078,All
-5.5509,0.398039,1.55619,0.396078,0.00640805,0.396078,-4.09713,0.396078,0.615502,0.398039,0.0626106,0.398039,All
-5.55004,0.4,1.55625,0.398039,0.00641187,0.398039,-4.09695,0.398039,0.616866,0.4,0.0626243,0.4,All
-5.5357,0.401961,1.55715,0.4,0.00642311,0.4,-4.09665,0.4,0.628502,0.401961,0.0626505,0.401961,All
-5.50773,0.403922,1.55753,0.401961,0.00642874,0.401961,-4.09612,0.401961,0.629352,0.403922,0.0630106,0.403922,All
-5.49799,0.405882,1.55832,0.403922,0.00643445,0.403922,-4.09513,0.403922,0.638587,0.405882,0.0633659,0.405882,All
-5.49098,0.407843,1.55872,0.405882,0.00644937,0.405882,-4.09448,0.405882,0.639335,0.407843,0.0634328,0.407843,All
-5.47073,0.409804,1.55928,0.407843,0.0064497,0.407843,-4.09446,0.407843,0.643755,0.409804,0.0637284,0.409804,All
-5.46915,0.411765,1.56007,0.409804,0.00645082,0.409804,-4.09386,0.409804,0.647215,0.411765,0.0637528,0.411765,All
-5.45186,0.413725,1.56015,0.411765,0.00646077,0.411765,-4.09206,0.411765,0.653058,0.413725,0.0638129,0.413725,All
-5.44326,0.415686,1.56113,0.413725,0.00646088,0.413725,-4.09114,0.413725,0.6554,0.415686,0.0638602,0.415686,All
-5.4258,0.417647,1.56204,0.415686,0.00646102,0.415686,-4.09114,0.415686,0.66256,0.417647,0.0639627,0.417647,All
-5.40702,0.419608,1.56258,0.417647,0.00646217,0.417647,-4.09076,0.417647,0.663436,0.419608,0.0640485,0.419608,All
-5.39009,0.421569,1.56262,0.419608,0.00646982,0.419608,-4.09072,0.419608,0.66442,0.421569,0.0642267,0.421569,All
-5.37947,0.423529,1.56417,0.421569,0.00647479,0.421569,-4.09016,0.421569,0.666674,0.423529,0.0642976,0.423529,All
-5.37756,0.42549,1.56447,0.423529,0.0064763,0.423529,-4.08973,0.423529,0.6713,0.42549,0.0643425,0.42549,All
-5.37709,0.427451,1.5648,0.42549,0.00647647,0.42549,-4.0895,0.42549,0.671386,0.427451,0.0643567,0.427451,All
-5.36828,0.429412,1.56545,0.427451,0.00647674,0.427451,-4.08823,0.427451,0.675334,0.429412,0.0644695,0.429412,All
-5.35994,0.431373,1.56568,0.429412,0.00648078,0.429412,-4.08817,0.429412,0.67783,0.431373,0.0645108,0.431373,All
-5.33175,0.433333,1.56577,0.431373,0.00648684,0.431373,-4.08717,0.431373,0.680155,0.433333,0.0649392,0.433333,All
-5.32982,0.435294,1.56613,0.433333,0.00649459,0.433333,-4.08705,0.433333,0.68087,0.435294,0.065143,0.435294,All
-5.32376,0.437255,1.56676,0.435294,0.00649462,0.435294,-4.0867,0.435294,0.681632,0.437255,0.0655277,0.437255,All
-5.32277,0.439216,1.5669,0.437255,0.00649724,0.437255,-4.08628,0.437255,0.68532,0.439216,0.0656582,0.439216,All
-5.32037,0.441176,1.56792,0.439216,0.006499,0.439216,-4.08618,0.439216,0.68613,0.441176,0.0660177,0.441176,All
-5.29983,0.443137,1.57086,0.441176,0.00650016,0.441176,-4.08594,0.441176,0.689923,0.443137,0.0660567,0.443137,All
-5.29925,0.445098,1.57096,0.443137,0.00650289,0.443137,-4.08579,0.443137,0.695331,0.445098,0.0663365,0.445098,All
-5.29885,0.447059,1.5718,0.445098,0.0065039,0.445098,-4.08578,0.445098,0.699309,0.447059,0.0663711,0.447059,All
-5.28518,0.44902,1.57199,0.447059,0.00650456,0.447059,-4.08572,0.447059,0.700123,0.44902,0.0664362,0.44902,All
-5.27538,0.45098,1.57211,0.44902,0.00651606,0.44902,-4.08533,0.44902,0.701812,0.45098,0.0666632,0.45098,All
-5.26565,0.452941,1.57247,0.45098,0.00652272,0.45098,-4.0846,0.45098,0.702248,0.452941,0.0669854,0.452941,All
-5.25691,0.454902,1.57279,0.452941,0.00652306,0.452941,-4.08438,0.452941,0.703757,0.454902,0.0672861,0.454902,All
-5.25225,0.456863,1.5728,0.454902,0.0065239,0.454902,-4.08421,0.454902,0.704414,0.456863,0.0673632,0.456863,All
-5.23697,0.458824,1.57343,0.456863,0.00652443,0.456863,-4.08384,0.456863,0.706163,0.458824,0.0680662,0.458824,All
-5.22153,0.460784,1.57427,0.458824,0.00653102,0.458824,-4.08267,0.458824,0.70657,0.460784,0.0681739,0.460784,All
-5.21691,0.462745,1.57619,0.460784,0.00653984,0.460784,-4.08251,0.460784,0.70897,0.462745,0.0686652,0.462745,All
-5.17231,0.464706,1.57639,0.462745,0.00653984,0.462745,-4.08245,0.462745,0.710645,0.464706,0.0686677,0.464706,All
-5.14256,0.466667,1.57651,0.464706,0.00654521,0.464706,-4.08231,0.464706,0.711995,0.466667,0.0687258,0.466667,All
-5.14119,0.468627,1.57654,0.466667,0.00654872,0.466667,-4.08161,0.466667,0.715462,0.468627,0.0688036,0.468627,All
-5.13415,0.470588,1.57693,0.468627,0.0065506,0.468627,-4.07975,0.468627,0.716248,0.470588,0.0688683,0.470588,All
-5.13336,0.472549,1.57775,0.470588,0.00655628,0.470588,-4.07909,0.470588,0.720644,0.472549,0.0691161,0.472549,All
-5.11887,0.47451,1.57822,0.472549,0.00656001,0.472549,-4.07898,0.472549,0.723015,0.47451,0.0693355,0.47451,All
-5.08025,0.476471,1.57839,0.47451,0.00656094,0.47451,-4.07837,0.47451,0.723066,0.476471,0.0696627,0.476471,All
-5.06364,0.478431,1.5785,0.476471,0.00656105,0.476471,-4.07807,0.476471,0.725982,0.478431,0.0705767,0.478431,All
-5.03192,0.480392,1.57869,0.478431,0.00656286,0.478431,-4.07775,0.478431,0.726839,0.480392,0.0705816,0.480392,All
-4.98777,0.482353,1.57907,0.480392,0.00657135,0.480392,-4.07758,0.480392,0.728926,0.482353,0.0721788,0.482353,All
-4.95719,0.484314,1.57911,0.482353,0.00657837,0.482353,-4.07743,0.482353,0.730845,0.484314,0.0723577,0.484314,All
-4.90917,0.486275,1.57931,0.484314,0.00658075,0.484314,-4.07689,0.484314,0.739366,0.486275,0.0725174,0.486275,All
-4.90837,0.488235,1.57943,0.486275,0.00658214,0.486275,-4.07686,0.486275,0.742093,0.488235,0.0725241,0.488235,All
-4.89528,0.490196,1.57966,0.488235,0.00658408,0.488235,-4.07679,0.488235,0.744837,0.490196,0.072644,0.490196,All
-4.88919,0.492157,1.58019,0.490196,0.00658782,0.490196,-4.0761,0.490196,0.744902,0.492157,0.072985,0.492157,All
-4.88455,0.494118,1.58046,0.492157,0.0065895,0.492157,-4.07592,0.492157,0.746228,0.494118,0.0730075,0.494118,All
-4.88143,0.496078,1.5818,0.494118,0.00659157,0.494118,-4.07557,0.494118,0.747482,0.496078,0.0732066,0.496078,All
-4.87591,0.498039,1.58207,0.496078,0.00659295,0.496078,-4.07468,0.496078,0.748268,0.498039,0.0732826,0.498039,All
-4.87197,0.5,1.58369,0.498039,0.00659554,0.498039,-4.07446,0.498039,0.748993,0.5,0.0737498,0.5,All
-4.86951,0.501961,1.58376,0.5,0.00659685,0.5,-4.0737,0.5,0.75154,0.501961,0.0738608,0.501961,All
-4.8673,0.503922,1.58382,0.501961,0.0065995,0.501961,-4.07346,0.501961,0.753309,0.503922,0.0739863,0.503922,All
-4.86515,0.505882,1.58386,0.503922,0.00659953,0.503922,-4.07332,0.503922,0.753602,0.505882,0.0750044,0.505882,All
-4.85683,0.507843,1.5845,0.505882,0.00660584,0.505882,-4.07296,0.505882,0.753649,0.507843,0.0750898,0.507843,All
-4.8456,0.509804,1.5855,0.507843,0.00660826,0.507843,-4.07283,0.507843,0.757831,0.509804,0.0751829,0.509804,All
-4.82645,0.511765,1.58559,0.509804,0.00660834,0.509804,-4.0719,0.509804,0.764597,0.511765,0.0752505,0.511765,All
-4.8104,0.513725,1.58623,0.511765,0.00661438,0.511765,-4.07146,0.511765,0.765637,0.513725,0.0752954,0.513725,All
-4.8002,0.515686,1.58629,0.513725,0.00661807,0.513725,-4.07096,0.513725,0.768293,0.515686,0.0754909,0.515686,All
-4.76274,0.517647,1.58635,0.515686,0.0066196,0.515686,-4.07091,0.515686,0.771554,0.517647,0.0755013,0.517647,All
-4.75798,0.519608,1.58639,0.517647,0.00662388,0.517647,-4.07086,0.517647,0.772165,0.519608,0.075573,0.519608,All
-4.756,0.521569,1.58669,0.519608,0.00662844,0.519608,-4.07034,0.519608,0.772716,0.521569,0.0760351,0.521569,All
-4.75376,0.523529,1.58679,0.521569,0.00662946,0.521569,-4.06937,0.521569,0.773001,0.523529,0.0763599,0.523529,All
-4.74852,0.52549,1.58763,0.523529,0.00662959,0.523529,-4.06934,0.523529,0.773538,0.52549,0.0765252,0.52549,All
-4.74589,0.527451,1.58836,0.52549,0.00663122,0.52549,-4.06862,0.52549,0.776205,0.527451,0.0767977,0.527451,All
-4.6805,0.529412,1.58926,0.527451,0.00663272,0.527451,-4.06743,0.527451,0.777927,0.529412,0.076894,0.529412,All
-4.67758,0.531373,1.58957,0.529412,0.00663851,0.529412,-4.06719,0.529412,0.778885,0.531373,0.0772096,0.531373,All
-4.65953,0.533333,1.59032,0.531373,0.00664808,0.531373,-4.06713,0.531373,0.780429,0.533333,0.0772318,0.533333,All
-4.64932,0.535294,1.59075,0.533333,0.00664832,0.533333,-4.06616,0.533333,0.781729,0.535294,0.0772534,0.535294,All
-4.64793,0.537255,1.59105,0.535294,0.00664996,0.535294,-4.06586,0.535294,0.783641,0.537255,0.0772777,0.537255,All
-4.64185,0.539216,1.59191,0.537255,0.00665587,0.537255,-4.06552,0.537255,0.787841,0.539216,0.0773527,0.539216,All
-4.63257,0.541176,1.5923,0.539216,0.00665731,0.539216,-4.06469,0.539216,0.788567,0.541176,0.0773622,0.541176,All
-4.61228,0.543137,1.59255,0.541176,0.00667878,0.541176,-4.06424,0.541176,0.790264,0.543137,0.0773675,0.543137,All
-4.58538,0.545098,1.59362,0.543137,0.00668057,0.543137,-4.0636,0.543137,0.79126,0.545098,0.0778772,0.545098,All
-4.5759,0.547059,1.59404,0.545098,0.00669095,0.545098,-4.0627,0.545098,0.791436,0.547059,0.0780285,0.547059,All
-4.55075,0.54902,1.59446,0.547059,0.00669602,0.547059,-4.0625,0.547059,0.798461,0.54902,0.0780883,0.54902,All
-4.54622,0.55098,1.59449,0.54902,0.00669839,0.54902,-4.06243,0.54902,0.798552,0.55098,0.0780967,0.55098,All
-4.53318,0.552941,1.5947,0.55098,0.0067015,0.55098,-4.06233,0.55098,0.800444,0.552941,0.0783366,0.552941,All
-4.50313,0.554902,1.59479,0.552941,0.00670349,0.552941,-4.06157,0.552941,0.800449,0.554902,0.0785439,0.554902,All
-4.49979,0.556863,1.59498,0.554902,0.00671375,0.554902,-4.06136,0.554902,0.800612,0.556863,0.0785925,0.556863,All
-4.49043,0.558824,1.59537,0.556863,0.00671746,0.556863,-4.06027,0.556863,0.802491,0.558824,0.0789196,0.558824,All
-4.44914,0.560784,1.59566,0.558824,0.00672504,0.558824,-4.06004,0.558824,0.802512,0.560784,0.079768,0.560784,All
-4.44499,0.562745,1.59629,0.560784,0.00672603,0.560784,-4.0598,0.560784,0.802994,0.562745,0.0798866,0.562745,All
-4.43369,0.564706,1.59634,0.562745,0.00674087,0.562745,-4.05978,0.562745,0.80381,0.564706,0.0800503,0.564706,All
-4.38942,0.566667,1.59664,0.564706,0.00674381,0.564706,-4.05953,0.564706,0.804596,0.566667,0.0812104,0.566667,All
-4.38896,0.568627,1.59697,0.566667,0.00674912,0.566667,-4.0594,0.566667,0.806443,0.568627,0.0817034,0.568627,All
-4.36982,0.570588,1.59703,0.568627,0.00674948,0.568627,-4.05936,0.568627,0.807132,0.570588,0.0820745,0.570588,All
-4.3491,0.572549,1.59763,0.570588,0.00675063,0.570588,-4.05883,0.570588,0.807556,0.572549,0.0821351,0.572549,All
-4.34819,0.57451,1.59788,0.572549,0.00675574,0.572549,-4.05753,0.572549,0.808278,0.57451,0.0825131,0.57451,All
-4.31925,0.576471,1.59793,0.57451,0.00675891,0.57451,-4.05747,0.57451,0.809299,0.576471,0.0825346,0.576471,All
-4.31853,0.578431,1.59848,0.576471,0.00676232,0.576471,-4.05731,0.576471,0.809713,0.578431,0.0826393,0.578431,All
-4.31553,0.580392,1.59861,0.578431,0.00676275,0.578431,-4.05701,0.578431,0.813509,0.580392,0.0827051,0.580392,All
-4.31499,0.582353,1.59915,0.580392,0.00676277,0.580392,-4.057,0.580392,0.815962,0.582353,0.0830172,0.582353,All
-4.31117,0.584314,1.5993,0.582353,0.00678071,0.582353,-4.05656,0.582353,0.816389,0.584314,0.0830208,0.584314,All
-4.30081,0.586275,1.59935,0.584314,0.00678152,0.584314,-4.05636,0.584314,0.816933,0.586275,0.0832962,0.586275,All
-4.29514,0.588235,1.59975,0.586275,0.00678531,0.586275,-4.05628,0.586275,0.820607,0.588235,0.0834237,0.588235,All
-4.28908,0.590196,1.59992,0.588235,0.00679021,0.588235,-4.0557,0.588235,0.821529,0.590196,0.0835269,0.590196,All
-4.2811,0.592157,1.60002,0.590196,0.0067954,0.590196,-4.05468,0.590196,0.823538,0.592157,0.0835826,0.592157,All
-4.27255,0.594118,1.60038,0.592157,0.00679863,0.592157,-4.05437,0.592157,0.826828,0.594118,0.0836153,0.594118,All
-4.27198,0.596078,1.60096,0.594118,0.00680609,0.594118,-4.05372,0.594118,0.829861,0.596078,0.0836699,0.596078,All
-4.24244,0.598039,1.60245,0.596078,0.00680691,0.596078,-4.05231,0.596078,0.834047,0.598039,0.0837555,0.598039,All
-4.23854,0.6,1.604,0.598039,0.00680929,0.598039,-4.05155,0.598039,0.835007,0.6,0.0848532,0.6,All
-4.23491,0.601961,1.60478,0.6,0.00681069,0.6,-4.05098,0.6,0.83539,0.601961,0.0850935,0.601961,All
-4.23068,0.603922,1.60535,0.601961,0.00681261,0.601961,-4.0508,0.601961,0.836024,0.603922,0.0859223,0.603922,All
-4.22001,0.605882,1.60577,0.603922,0.00681569,0.603922,-4.05015,0.603922,0.836736,0.605882,0.0859596,0.605882,All
-4.17655,0.607843,1.60691,0.605882,0.00681632,0.605882,-4.05002,0.605882,0.836799,0.607843,0.0860262,0.607843,All
-4.16941,0.609804,1.60721,0.607843,0.00681862,0.607843,-4.04978,0.607843,0.836985,0.609804,0.0862683,0.609804,All
-4.16936,0.611765,1.60751,0.609804,0.00682458,0.609804,-4.04952,0.609804,0.839743,0.611765,0.0864551,0.611765,All
-4.15497,0.613725,1.60851,0.611765,0.0068255,0.611765,-4.04952,0.611765,0.840669,0.613725,0.0865896,0.613725,All
-4.14857,0.615686,1.60862,0.613725,0.00682597,0.613725,-4.04895,0.613725,0.843121,0.615686,0.0867048,0.615686,All
-4.14734,0.617647,1.60932,0.615686,0.00683135,0.615686,-4.04838,0.615686,0.845085,0.617647,0.0869182,0.617647,All
-4.1399,0.619608,1.60945,0.617647,0.00683547,0.617647,-4.04831,0.617647,0.849858,0.619608,0.0873107,0.619608,All
-4.11928,0.621569,1.60953,0.619608,0.00683618,0.619608,-4.04743,0.619608,0.850627,0.621569,0.0873943,0.621569,All
-4.11354,0.623529,1.6111,0.621569,0.006838,0.621569,-4.04733,0.621569,0.850982,0.623529,0.0874882,0.623529,All
-4.07058,0.62549,1.61137,0.623529,0.00684373,0.623529,-4.04699,0.623529,0.851086,0.62549,0.0884829,0.62549,All
-4.05852,0.627451,1.61157,0.62549,0.0068458,0.62549,-4.04691,0.62549,0.852204,0.627451,0.0886382,0.627451,All
-4.04822,0.629412,1.61225,0.627451,0.00684775,0.627451,-4.04638,0.627451,0.856121,0.629412,0.0891777,0.629412,All
-4.01919,0.631373,1.61231,0.629412,0.00686109,0.629412,-4.04581,0.629412,0.859282,0.631373,0.0893264,0.631373,All
-4.01166,0.633333,1.6124,0.631373,0.00686237,0.631373,-4.04551,0.631373,0.861356,0.633333,0.0895592,0.633333,All
-3.98063,0.635294,1.61271,0.633333,0.00686457,0.633333,-4.04536,0.633333,0.862329,0.635294,0.0899845,0.635294,All
-3.96539,0.637255,1.61283,0.635294,0.00686489,0.635294,-4.04527,0.635294,0.863088,0.637255,0.0900758,0.637255,All
-3.96178,0.639216,1.61422,0.637255,0.00686762,0.637255,-4.04514,0.637255,0.863574,0.639216,0.0901624,0.639216,All
-3.92784,0.641176,1.61498,0.639216,0.00686872,0.639216,-4.04495,0.639216,0.867118,0.641176,0.0908003,0.641176,All
-3.91861,0.643137,1.61633,0.641176,0.00687313,0.641176,-4.04419,0.641176,0.867269,0.643137,0.0909647,0.643137,All
-3.86692,0.645098,1.61635,0.643137,0.00687384,0.643137,-4.04249,0.643137,0.868455,0.645098,0.0910194,0.645098,All
-3.85528,0.647059,1.61637,0.645098,0.00687573,0.645098,-4.04209,0.645098,0.869567,0.647059,0.0914005,0.647059,All
-3.85421,0.64902,1.61664,0.647059,0.0068826,0.647059,-4.04058,0.647059,0.870013,0.64902,0.0915438,0.64902,All
-3.81033,0.65098,1.61809,0.64902,0.0068827,0.64902,-4.0403,0.64902,0.870293,0.65098,0.0916572,0.65098,All
-3.8059,0.652941,1.61813,0.65098,0.00688431,0.65098,-4.04028,0.65098,0.873211,0.652941,0.091745,0.652941,All
-3.80341,0.654902,1.61829,0.652941,0.00688606,0.652941,-4.03996,0.652941,0.874732,0.654902,0.0918445,0.654902,All
-3.78977,0.656863,1.61882,0.654902,0.00688673,0.654902,-4.03803,0.654902,0.874972,0.656863,0.0919045,0.656863,All
-3.7889,0.658824,1.61905,0.656863,0.00688905,0.656863,-4.03788,0.656863,0.877217,0.658824,0.0925422,0.658824,All
-3.78613,0.660784,1.61999,0.658824,0.00689335,0.658824,-4.0377,0.658824,0.877246,0.660784,0.0925864,0.660784,All
-3.78319,0.662745,1.62046,0.660784,0.00689376,0.660784,-4.03653,0.660784,0.877258,0.662745,0.0931145,0.662745,All
-3.76386,0.664706,1.62165,0.662745,0.00690482,0.662745,-4.03643,0.662745,0.879412,0.664706,0.0932077,0.664706,All
-3.75576,0.666667,1.62169,0.664706,0.00691085,0.664706,-4.03558,0.664706,0.879673,0.666667,0.093272,0.666667,All
-3.73507,0.668627,1.62171,0.666667,0.00691192,0.666667,-4.0355,0.666667,0.880096,0.668627,0.0935311,0.668627,All
-3.69334,0.670588,1.62207,0.668627,0.00691307,0.668627,-4.03537,0.668627,0.881256,0.670588,0.0936969,0.670588,All
-3.68979,0.672549,1.62222,0.670588,0.00692328,0.670588,-4.03522,0.670588,0.885285,0.672549,0.0938359,0.672549,All
-3.68169,0.67451,1.62223,0.672549,0.00692695,0.672549,-4.03446,0.672549,0.887406,0.67451,0.0939925,0.67451,All
-3.67024,0.676471,1.62255,0.67451,0.00692902,0.67451,-4.03364,0.67451,0.888874,0.676471,0.0950373,0.676471,All
-3.65721,0.678431,1.62349,0.676471,0.00693128,0.676471,-4.03343,0.676471,0.888988,0.678431,0.0951409,0.678431,All
-3.65301,0.680392,1.62381,0.678431,0.00693249,0.678431,-4.03331,0.678431,0.889329,0.680392,0.0951709,0.680392,All
-3.64517,0.682353,1.62434,0.680392,0.00693871,0.680392,-4.03204,0.680392,0.890885,0.682353,0.0958822,0.682353,All
-3.63493,0.684314,1.6249,0.682353,0.00693972,0.682353,-4.03165,0.682353,0.89138,0.684314,0.0965411,0.684314,All
-3.63182,0.686275,1.62566,0.684314,0.00694298,0.684314,-4.03122,0.684314,0.891406,0.686275,0.0970902,0.686275,All
-3.62728,0.688235,1.62575,0.686275,0.00696212,0.686275,-4.03073,0.686275,0.892146,0.688235,0.0979451,0.688235,All
-3.62592,0.690196,1.62605,0.688235,0.0069652,0.688235,-4.03001,0.688235,0.892983,0.690196,0.098039,0.690196,All
-3.61864,0.692157,1.62679,0.690196,0.00696857,0.690196,-4.02893,0.690196,0.894277,0.692157,0.0980455,0.692157,All
-3.60775,0.694118,1.62709,0.692157,0.00698354,0.692157,-4.02891,0.692157,0.89443,0.694118,0.0987574,0.694118,All
-3.60066,0.696078,1.62741,0.694118,0.00698489,0.694118,-4.02833,0.694118,0.896931,0.696078,0.0992803,0.696078,All
-3.58037,0.698039,1.6285,0.696078,0.00698683,0.696078,-4.02781,0.696078,0.897232,0.698039,0.100016,0.698039,All
-3.57475,0.7,1.62969,0.698039,0.00700596,0.698039,-4.02711,0.698039,0.898891,0.7,0.100587,0.7,All
-3.57272,0.701961,1.63031,0.7,0.00701019,0.7,-4.02707,0.7,0.900905,0.701961,0.100929,0.701961,All
-3.55704,0.703922,1.63059,0.701961,0.00701085,0.701961,-4.02702,0.701961,0.902627,0.703922,0.100961,0.703922,All
-3.55155,0.705882,1.63172,0.703922,0.00702797,0.703922,-4.02672,0.703922,0.902842,0.705882,0.101168,0.705882,All
-3.55127,0.707843,1.63177,0.705882,0.00702874,0.705882,-4.02644,0.705882,0.903004,0.707843,0.101303,0.707843,All
-3.54717,0.709804,1.63179,0.707843,0.0070302,0.707843,-4.02615,0.707843,0.905208,0.709804,0.102209,0.709804,All
-3.53853,0.711765,1.63181,0.709804,0.00703531,0.709804,-4.02562,0.709804,0.905493,0.711765,0.103326,0.711765,All
-3.52877,0.713725,1.63203,0.711765,0.00703686,0.711765,-4.02561,0.711765,0.907257,0.713725,0.10361,0.713725,All
-3.51725,0.715686,1.6332,0.713725,0.00704576,0.713725,-4.02515,0.713725,0.907663,0.715686,0.104174,0.715686,All
-3.51705,0.717647,1.63361,0.715686,0.00704893,0.715686,-4.02488,0.715686,0.907892,0.717647,0.104384,0.717647,All
-3.50075,0.719608,1.6339,0.717647,0.00705809,0.717647,-4.02478,0.717647,0.908966,0.719608,0.105059,0.719608,All
-3.48739,0.721569,1.63392,0.719608,0.0070616,0.719608,-4.02419,0.719608,0.90932,0.721569,0.105081,0.721569,All
-3.47783,0.723529,1.63429,0.721569,0.00706379,0.721569,-4.02338,0.721569,0.909352,0.723529,0.105414,0.723529,All
-3.46911,0.72549,1.63456,0.723529,0.00706411,0.723529,-4.0233,0.723529,0.909916,0.72549,0.105656,0.72549,All
-3.46433,0.727451,1.63457,0.72549,0.00706445,0.72549,-4.02309,0.72549,0.910017,0.727451,0.105906,0.727451,All
-3.45801,0.729412,1.63493,0.727451,0.00706475,0.727451,-4.02228,0.727451,0.910055,0.729412,0.106074,0.729412,All
-3.45584,0.731373,1.63546,0.729412,0.00707295,0.729412,-4.02196,0.729412,0.910829,0.731373,0.107083,0.731373,All
-3.43308,0.733333,1.63556,0.731373,0.00708486,0.731373,-4.0203,0.731373,0.912138,0.733333,0.107222,0.733333,All
-3.41655,0.735294,1.63568,0.733333,0.00708682,0.733333,-4.01991,0.733333,0.912275,0.735294,0.107553,0.735294,All
-3.36708,0.737255,1.63612,0.735294,0.00709234,0.735294,-4.01899,0.735294,0.912504,0.737255,0.107796,0.737255,All
-3.36045,0.739216,1.63619,0.737255,0.00709279,0.737255,-4.01831,0.737255,0.912973,0.739216,0.10789,0.739216,All
-3.35543,0.741176,1.63698,0.739216,0.00709642,0.739216,-4.01732,0.739216,0.913701,0.741176,0.108097,0.741176,All
-3.31187,0.743137,1.63761,0.741176,0.00709647,0.741176,-4.01724,0.741176,0.913802,0.743137,0.109373,0.743137,All
-3.31159,0.745098,1.64063,0.743137,0.00709673,0.743137,-4.01722,0.743137,0.914105,0.745098,0.109406,0.745098,All
-3.25692,0.747059,1.64152,0.745098,0.00709998,0.745098,-4.01675,0.745098,0.915137,0.747059,0.109742,0.747059,All
-3.22983,0.74902,1.64154,0.747059,0.0071094,0.747059,-4.01622,0.747059,0.915345,0.74902,0.10981,0.74902,All
-3.22937,0.75098,1.64155,0.74902,0.00711287,0.74902,-4.01611,0.74902,0.916182,0.75098,0.110269,0.75098,All
-3.19729,0.752941,1.64183,0.75098,0.00711427,0.75098,-4.01603,0.75098,0.916194,0.752941,0.111092,0.752941,All
-3.18536,0.754902,1.64201,0.752941,0.00711811,0.752941,-4.01532,0.752941,0.916617,0.754902,0.112031,0.754902,All
-3.18392,0.756863,1.64298,0.754902,0.00712141,0.754902,-4.01518,0.754902,0.919868,0.756863,0.112559,0.756863,All
-3.17925,0.758824,1.64372,0.756863,0.00712776,0.756863,-4.01512,0.756863,0.920515,0.758824,0.11259,0.758824,All
-3.13613,0.760784,1.64507,0.758824,0.00712816,0.758824,-4.0151,0.758824,0.920714,0.760784,0.113199,0.760784,All
-3.12972,0.762745,1.64529,0.760784,0.00712951,0.760784,-4.01498,0.760784,0.920794,0.762745,0.113307,0.762745,All
-3.1052,0.764706,1.64693,0.762745,0.00713709,0.762745,-4.01494,0.762745,0.921562,0.764706,0.113384,0.764706,All
-3.08728,0.766667,1.64716,0.764706,0.00713842,0.764706,-4.01479,0.764706,0.922223,0.766667,0.113604,0.766667,All
-3.08631,0.768627,1.64717,0.766667,0.00714593,0.766667,-4.01469,0.766667,0.923,0.768627,0.113657,0.768627,All
-3.08235,0.770588,1.64721,0.768627,0.00715588,0.768627,-4.01339,0.768627,0.923611,0.770588,0.113666,0.770588,All
-3.06737,0.772549,1.64786,0.770588,0.00715712,0.770588,-4.01163,0.770588,0.923706,0.772549,0.114586,0.772549,All
-3.05871,0.77451,1.64788,0.772549,0.00717735,0.772549,-4.01161,0.772549,0.923876,0.77451,0.114652,0.77451,All
-3.05315,0.776471,1.64791,0.77451,0.00718257,0.77451,-4.01147,0.77451,0.924065,0.776471,0.115027,0.776471,All
-3.05158,0.778431,1.64855,0.776471,0.00720354,0.776471,-4.01095,0.776471,0.92435,0.778431,0.115217,0.778431,All
-3.03014,0.780392,1.65005,0.778431,0.00721333,0.778431,-4.01083,0.778431,0.926255,0.780392,0.115288,0.780392,All
-3.00455,0.782353,1.65072,0.780392,0.00722055,0.780392,-4.0096,0.780392,0.92754,0.782353,0.115389,0.782353,All
-2.99926,0.784314,1.65134,0.782353,0.00722308,0.782353,-4.00927,0.782353,0.927626,0.784314,0.115952,0.784314,All
-2.96951,0.786275,1.65155,0.784314,0.00722667,0.784314,-4.00921,0.784314,0.929486,0.786275,0.116206,0.786275,All
-2.94775,0.788235,1.65215,0.786275,0.00723353,0.786275,-4.00908,0.786275,0.931267,0.788235,0.116261,0.788235,All
-2.93546,0.790196,1.65217,0.788235,0.00723353,0.788235,-4.00793,0.788235,0.93153,0.790196,0.119446,0.790196,All
-2.9353,0.792157,1.65401,0.790196,0.00723643,0.790196,-4.00767,0.790196,0.931759,0.792157,0.121099,0.792157,All
-2.90731,0.794118,1.65473,0.792157,0.00724312,0.792157,-4.0064,0.792157,0.932517,0.794118,0.121364,0.794118,All
-2.87326,0.796078,1.65534,0.794118,0.00724363,0.794118,-4.00548,0.794118,0.934432,0.796078,0.121483,0.796078,All
-2.87326,0.798039,1.65545,0.796078,0.00725098,0.796078,-4.00539,0.796078,0.936174,0.798039,0.121499,0.798039,All
-2.87078,0.8,1.65555,0.798039,0.00726293,0.798039,-4.00352,0.798039,0.936527,0.8,0.122304,0.8,All
-2.8368,0.801961,1.65567,0.8,0.00727298,0.8,-4.00303,0.8,0.936543,0.801961,0.122346,0.801961,All
-2.82104,0.803922,1.65595,0.801961,0.00728562,0.801961,-4.00264,0.801961,0.937402,0.803922,0.122509,0.803922,All
-2.7876,0.805882,1.65658,0.803922,0.0072871,0.803922,-4.00257,0.803922,0.937415,0.805882,0.122977,0.805882,All
-2.7489,0.807843,1.65674,0.805882,0.00729579,0.805882,-4.00211,0.805882,0.938176,0.807843,0.123275,0.807843,All
-2.74414,0.809804,1.65689,0.807843,0.00731078,0.807843,-4.00181,0.807843,0.938521,0.809804,0.123372,0.809804,All
-2.72935,0.811765,1.65692,0.809804,0.00731474,0.809804,-4.00109,0.809804,0.93896,0.811765,0.123376,0.811765,All
-2.72454,0.813725,1.65944,0.811765,0.00731715,0.811765,-4.00008,0.811765,0.939014,0.813725,0.12375,0.813725,All
-2.71596,0.815686,1.66236,0.813725,0.00732383,0.813725,-3.99935,0.813725,0.939366,0.815686,0.123909,0.815686,All
-2.67981,0.817647,1.66244,0.815686,0.0073293,0.815686,-3.99905,0.815686,0.939423,0.817647,0.123972,0.817647,All
-2.66913,0.819608,1.66317,0.817647,0.00733667,0.817647,-3.99819,0.817647,0.939519,0.819608,0.125403,0.819608,All
-2.66198,0.821569,1.66396,0.819608,0.00735497,0.819608,-3.99768,0.819608,0.939934,0.821569,0.125757,0.821569,All
-2.62422,0.823529,1.66467,0.821569,0.00737915,0.821569,-3.99751,0.821569,0.940323,0.823529,0.125934,0.823529,All
-2.60971,0.82549,1.66497,0.823529,0.00738839,0.823529,-3.99741,0.823529,0.941977,0.82549,0.125939,0.82549,All
-2.58954,0.827451,1.66577,0.82549,0.00741791,0.82549,-3.99671,0.82549,0.94489,0.827451,0.126624,0.827451,All
-2.58296,0.829412,1.66635,0.827451,0.00741868,0.827451,-3.996,0.827451,0.944911,0.829412,0.127251,0.829412,All
-2.56798,0.831373,1.6668,0.829412,0.00741896,0.829412,-3.99528,0.829412,0.946706,0.831373,0.127306,0.831373,All
-2.56793,0.833333,1.66827,0.831373,0.00742228,0.831373,-3.99451,0.831373,0.947417,0.833333,0.127454,0.833333,All
-2.54464,0.835294,1.66935,0.833333,0.0074223,0.833333,-3.99443,0.833333,0.948236,0.835294,0.127841,0.835294,All
-2.51755,0.837255,1.66956,0.835294,0.00743481,0.835294,-3.99396,0.835294,0.948906,0.837255,0.128846,0.837255,All
-2.45378,0.839216,1.66966,0.837255,0.00743502,0.837255,-3.99092,0.837255,0.949232,0.839216,0.128933,0.839216,All
-2.42374,0.841176,1.67051,0.839216,0.00744179,0.839216,-3.99062,0.839216,0.950312,0.841176,0.130019,0.841176,All
-2.37435,0.843137,1.67071,0.841176,0.00744751,0.841176,-3.98919,0.841176,0.95064,0.843137,0.130611,0.843137,All
-2.32926,0.845098,1.67081,0.843137,0.00745101,0.843137,-3.98918,0.843137,0.951315,0.845098,0.131199,0.845098,All
-2.29705,0.847059,1.67237,0.845098,0.00745727,0.845098,-3.98754,0.845098,0.951666,0.847059,0.131327,0.847059,All
-2.27239,0.84902,1.67278,0.847059,0.007464,0.847059,-3.98734,0.847059,0.951863,0.84902,0.131404,0.84902,All
-2.25419,0.85098,1.6751,0.84902,0.00747065,0.84902,-3.98625,0.84902,0.952255,0.85098,0.132868,0.85098,All
-2.24813,0.852941,1.67517,0.85098,0.00747085,0.85098,-3.98588,0.85098,0.954169,0.852941,0.133659,0.852941,All
-2.2383,0.854902,1.67535,0.852941,0.00748149,0.852941,-3.98257,0.852941,0.954378,0.854902,0.134643,0.854902,All
-2.23072,0.856863,1.67681,0.854902,0.00749953,0.854902,-3.98222,0.854902,0.954663,0.856863,0.136162,0.856863,All
-2.22307,0.858824,1.67718,0.856863,0.00750658,0.856863,-3.98174,0.856863,0.955338,0.858824,0.136997,0.858824,All
-2.20394,0.860784,1.67901,0.858824,0.0075084,0.858824,-3.98156,0.858824,0.956389,0.860784,0.137166,0.860784,All
-2.16078,0.862745,1.67947,0.860784,0.00751277,0.860784,-3.98044,0.860784,0.95668,0.862745,0.137377,0.862745,All
-2.15689,0.864706,1.67992,0.862745,0.00751609,0.862745,-3.9804,0.862745,0.956745,0.864706,0.138025,0.864706,All
-2.14457,0.866667,1.68108,0.864706,0.00752313,0.864706,-3.98038,0.864706,0.957365,0.866667,0.138627,0.866667,All
-2.12898,0.868627,1.68144,0.866667,0.00752485,0.866667,-3.9799,0.866667,0.959483,0.868627,0.139081,0.868627,All
-2.08442,0.870588,1.68503,0.868627,0.00752485,0.868627,-3.97916,0.868627,0.960363,0.870588,0.139578,0.870588,All
-1.98754,0.872549,1.68937,0.870588,0.00752785,0.870588,-3.97878,0.870588,0.960589,0.872549,0.139946,0.872549,All
-1.97312,0.87451,1.68978,0.872549,0.00757859,0.872549,-3.97871,0.872549,0.960608,0.87451,0.140837,0.87451,All
-1.95896,0.876471,1.6902,0.87451,0.00759194,0.87451,-3.97867,0.87451,0.960912,0.876471,0.14084,0.876471,All
-1.94486,0.878431,1.69022,0.876471,0.00759788,0.876471,-3.97732,0.876471,0.96238,0.878431,0.140844,0.878431,All
-1.90181,0.880392,1.69034,0.878431,0.00759882,0.878431,-3.9772,0.878431,0.962735,0.880392,0.14131,0.880392,All
-1.89624,0.882353,1.69065,0.880392,0.00759949,0.880392,-3.97704,0.880392,0.965226,0.882353,0.141741,0.882353,All
-1.86752,0.884314,1.69157,0.882353,0.00760548,0.882353,-3.97686,0.882353,0.965229,0.884314,0.141759,0.884314,All
-1.80875,0.886275,1.69234,0.884314,0.00761573,0.884314,-3.97668,0.884314,0.965237,0.886275,0.14245,0.886275,All
-1.79633,0.888235,1.69373,0.886275,0.0076264,0.886275,-3.9765,0.886275,0.965965,0.888235,0.143264,0.888235,All
-1.76338,0.890196,1.69577,0.888235,0.00762674,0.888235,-3.97584,0.888235,0.966362,0.890196,0.143801,0.890196,All
-1.73993,0.892157,1.69627,0.890196,0.00763293,0.890196,-3.97541,0.890196,0.966563,0.892157,0.144836,0.892157,All
-1.73619,0.894118,1.6997,0.892157,0.00763662,0.892157,-3.9743,0.892157,0.96749,0.894118,0.145129,0.894118,All
-1.72263,0.896078,1.70052,0.894118,0.00763871,0.894118,-3.97352,0.894118,0.967528,0.896078,0.145949,0.896078,All
-1.65449,0.898039,1.70096,0.896078,0.00766323,0.896078,-3.9731,0.896078,0.969051,0.898039,0.14598,0.898039,All
-1.62222,0.9,1.70275,0.898039,0.00766891,0.898039,-3.97281,0.898039,0.969677,0.9,0.146223,0.9,All
-1.6183,0.901961,1.70303,0.9,0.00767152,0.9,-3.97234,0.9,0.970797,0.901961,0.14625,0.901961,All
-1.37238,0.903922,1.704,0.901961,0.00768633,0.901961,-3.971,0.901961,0.97114,0.903922,0.147347,0.903922,All
-1.35065,0.905882,1.70482,0.903922,0.00768799,0.903922,-3.96817,0.903922,0.97257,0.905882,0.147491,0.905882,All
-1.31965,0.907843,1.70776,0.905882,0.00770541,0.905882,-3.96739,0.905882,0.972942,0.907843,0.148109,0.907843,All
-1.26431,0.909804,1.70818,0.907843,0.00771083,0.907843,-3.96677,0.907843,0.973179,0.909804,0.148176,0.909804,All
-1.25118,0.911765,1.70861,0.909804,0.00771934,0.909804,-3.96663,0.909804,0.973899,0.911765,0.148553,0.911765,All
-1.22375,0.913725,1.7103,0.911765,0.00773678,0.911765,-3.96515,0.911765,0.974003,0.913725,0.149209,0.913725,All
-1.14126,0.915686,1.71116,0.913725,0.00776732,0.913725,-3.96471,0.913725,0.974044,0.915686,0.151116,0.915686,All
-1.10761,0.917647,1.71444,0.915686,0.00776863,0.915686,-3.96447,0.915686,0.974091,0.917647,0.15191,0.917647,All
-1.09681,0.919608,1.71459,0.917647,0.00777935,0.917647,-3.96436,0.917647,0.974367,0.919608,0.154765,0.919608,All
-1.09208,0.921569,1.71545,0.919608,0.00781488,0.919608,-3.96422,0.919608,0.974373,0.921569,0.155919,0.921569,All
-1.06343,0.923529,1.7166,0.921569,0.00785383,0.921569,-3.96388,0.921569,0.975439,0.923529,0.158642,0.923529,All
-1.04974,0.92549,1.71884,0.923529,0.00786244,0.923529,-3.9615,0.923529,0.975843,0.92549,0.15972,0.92549,All
-1.02538,0.927451,1.7208,0.92549,0.0078888,0.92549,-3.96113,0.92549,0.977968,0.927451,0.159786,0.927451,All
-0.998807,0.929412,1.72113,0.927451,0.00790844,0.927451,-3.96019,0.927451,0.978223,0.929412,0.160442,0.929412,All
-0.985534,0.931373,1.72276,0.929412,0.00790931,0.929412,-3.95895,0.929412,0.978612,0.931373,0.16248,0.931373,All
-0.970038,0.933333,1.72311,0.931373,0.00794481,0.931373,-3.95701,0.931373,0.979161,0.933333,0.164584,0.933333,All
-0.942895,0.935294,1.72395,0.933333,0.00795115,0.933333,-3.9564,0.933333,0.980473,0.935294,0.164775,0.935294,All
-0.942346,0.937255,1.72745,0.935294,0.00798265,0.935294,-3.95291,0.935294,0.980767,0.937255,0.166743,0.937255,All
-0.885049,0.939216,1.73036,0.937255,0.00798678,0.937255,-3.9519,0.937255,0.980999,0.939216,0.166808,0.939216,All
-0.882264,0.941176,1.73043,0.939216,0.00799943,0.939216,-3.9508,0.939216,0.981605,0.941176,0.166933,0.941176,All
-0.827803,0.943137,1.73241,0.941176,0.00802005,0.941176,-3.9506,0.941176,0.981947,0.943137,0.168755,0.943137,All
-0.825639,0.945098,1.73494,0.943137,0.00803414,0.943137,-3.9479,0.943137,0.981988,0.945098,0.170603,0.945098,All
-0.824199,0.947059,1.73616,0.945098,0.00805267,0.945098,-3.94567,0.945098,0.982766,0.947059,0.171006,0.947059,All
-0.7603,0.94902,1.73849,0.947059,0.00806055,0.947059,-3.94134,0.947059,0.983024,0.94902,0.17248,0.94902,All
-0.715986,0.95098,1.74472,0.94902,0.00808506,0.94902,-3.94024,0.94902,0.983678,0.95098,0.175515,0.95098,All
-0.699089,0.952941,1.74495,0.95098,0.00808572,0.95098,-3.93917,0.95098,0.983823,0.952941,0.179023,0.952941,All
-0.653159,0.954902,1.74656,0.952941,0.00808608,0.952941,-3.93856,0.952941,0.984732,0.954902,0.181572,0.954902,All
-0.646097,0.956863,1.74777,0.954902,0.00809809,0.954902,-3.93719,0.954902,0.984794,0.956863,0.182369,0.956863,All
-0.614798,0.958824,1.75316,0.956863,0.00811496,0.956863,-3.9358,0.956863,0.985245,0.958824,0.186484,0.958824,All
-0.608461,0.960784,1.75366,0.958824,0.00814034,0.958824,-3.93506,0.958824,0.986095,0.960784,0.187725,0.960784,All
-0.602629,0.962745,1.75799,0.960784,0.00817575,0.960784,-3.93409,0.960784,0.98706,0.962745,0.190743,0.962745,All
-0.600371,0.964706,1.75993,0.962745,0.00819932,0.962745,-3.93286,0.962745,0.987457,0.964706,0.194315,0.964706,All
-0.581733,0.966667,1.76076,0.964706,0.00821173,0.964706,-3.93145,0.964706,0.9879,0.966667,0.194751,0.966667,All
-0.580547,0.968627,1.76235,0.966667,0.00822525,0.966667,-3.92988,0.966667,0.989701,0.968627,0.194834,0.968627,All
-0.575951,0.970588,1.76256,0.968627,0.00829181,0.968627,-3.92937,0.968627,0.989805,0.970588,0.2063,0.970588,All
-0.55318,0.972549,1.76578,0.970588,0.00831995,0.970588,-3.92691,0.970588,0.990024,0.972549,0.214786,0.972549,All
-0.551518,0.97451,1.76683,0.972549,0.00834517,0.972549,-3.92663,0.972549,0.990785,0.97451,0.216275,0.97451,All
-0.516607,0.976471,1.7729,0.97451,0.00836791,0.97451,-3.92579,0.97451,0.990964,0.976471,0.218882,0.976471,All
-0.514101,0.978431,1.78011,0.976471,0.00840133,0.976471,-3.91609,0.976471,0.993059,0.978431,0.222146,0.978431,All
-0.514101,0.980392,1.78334,0.978431,0.0084904,0.978431,-3.91503,0.978431,0.993381,0.980392,0.233096,0.980392,All
-0.50041,0.982353,1.79042,0.980392,0.00852036,0.980392,-3.90611,0.980392,0.993729,0.982353,0.234028,0.982353,All
-0.454256,0.984314,1.79267,0.982353,0.00858939,0.982353,-3.89475,0.982353,0.993976,0.984314,0.243944,0.984314,All
-0.423217,0.986275,1.799,0.984314,0.00859063,0.984314,-3.88625,0.984314,0.995046,0.986275,0.245799,0.986275,All
-0.415167,0.988235,1.80288,0.986275,0.00861321,0.986275,-3.87826,0.986275,0.99542,0.988235,0.251481,0.988235,All
-0.298529,0.990196,1.82011,0.988235,0.0086556,0.988235,-3.87778,0.988235,0.996191,0.990196,0.252375,0.990196,All
-0.23078,0.992157,1.8312,0.990196,0.00869927,0.990196,-3.87585,0.990196,0.996206,0.992157,0.256091,0.992157,All
-0.212432,0.994118,1.84447,0.992157,0.00889702,0.992157,-3.8666,0.992157,0.996218,0.994118,0.266363,0.994118,All
-0.211212,0.996078,1.84527,0.994118,0.00904664,0.994118,-3.84372,0.994118,0.997507,0.996078,0.317107,0.996078,All
-0.154009,0.998039,1.85375,0.996078,0.00905649,0.996078,-3.83702,0.996078,0.997855,0.998039,0.323954,0.998039,All
0.22843,1,1.85674,0.998039,0.00927775,0.998039,-3.83701,0.998039,0.998558,1,0.330096,1,All
0.22843,1,1.92166,1,0.00961435,1,-3.82817,1,0.998558,1,0.330096,1,All
0.22843,1,2.61443,1,0.0126862,1,-3.52261,1,0.998558,1,0.330096,1,All
