initT_abscissa,initT_pdf,initT_cdf,aS_abscissa,aS_pdf,aS_cdf,dS_abscissa,dS_pdf,dS_cdf,lBt0_abscissa,lBt0_pdf,lBt0_cdf,dI_abscissa,dI_pdf,dI_cdf,w_abscissa,w_pdf,w_cdf,split
-15.6661,1.114e-05,5.99103e-06,0.960647,1.03953e-12,8.32667e-15,0.00344341,3.03769e-05,1.91256e-09,-4.61859,1.08879e-10,1.19083e-12,0.04915,0.344232,0.0106585,0.0121016,0.457911,0.000945683,All
-15.5055,1.47811e-05,8.05884e-06,0.977352,7.49746e-12,6.33937e-14,0.00353677,0.000119327,8.02904e-09,-4.60752,2.90896e-10,3.24463e-12,0.05874,0.370576,0.0140902,0.0153137,1.18215,0.00347772,All
-15.345,1.95294e-05,1.07964e-05,0.994057,4.88521e-11,4.34874e-13,0.00363014,0.000427617,3.07421e-08,-4.59645,7.61765e-10,8.6684e-12,0.06833,0.392353,0.0177516,0.0185258,2.25425,0.00891564,All
-15.1844,2.5694e-05,1.44054e-05,1.01076,2.88871e-10,2.708e-12,0.0037235,0.00140648,1.08018e-07,-4.58538,1.95521e-09,2.27079e-11,0.0779199,0.410752,0.0216048,0.0217378,3.56363,0.0182142,All
-15.0239,3.36615e-05,1.91431e-05,1.02747,1.55676e-09,1.53735e-11,0.00381686,0.00426958,3.50268e-07,-4.57431,4.91877e-09,5.83286e-11,0.0875099,0.426585,0.0256216,0.0249499,4.97263,0.0319149,All
-14.8633,4.39133e-05,2.53362e-05,1.04417,7.67685e-09,7.98934e-11,0.00391022,0.0120231,1.05363e-06,-4.56324,1.21286e-08,1.46913e-10,0.0970999,0.440431,0.0297803,0.028162,6.35769,0.0501322,All
-14.7028,5.70453e-05,3.33976e-05,1.06088,3.4772e-08,3.81531e-10,0.00400358,0.0315545,2.95407e-06,-4.55217,2.93125e-08,3.62844e-10,0.10669,0.452713,0.0340641,0.031374,7.62688,0.0726322,All
-14.5422,7.3791e-05,4.38466e-05,1.07758,1.45184e-07,1.68038e-09,0.00409694,0.0775138,7.75355e-06,-4.5411,6.94361e-08,8.7876e-10,0.11628,0.463746,0.0384594,0.0345861,8.72231,0.0989412,All
-14.3817,9.5049e-05,5.73331e-05,1.09429,5.60685e-07,6.84922e-09,0.0041903,0.178934,1.91285e-05,-4.53003,1.61216e-07,2.08698e-09,0.12587,0.473774,0.0429555,0.0377981,9.61512,0.128448,All
-14.2211,0.000121914,7.46666e-05,1.11099,2.00921e-06,2.59208e-08,0.00428366,0.389572,4.45231e-05,-4.51895,3.66877e-07,4.8604e-09,0.13546,0.482987,0.0475437,0.0410102,10.2984,0.160485,All
-14.0606,0.00015571,9.68502e-05,1.1277,6.70127e-06,9.1364e-08,0.00437703,0.802663,9.81105e-05,-4.50788,8.1832e-07,1.11005e-08,0.14505,0.491533,0.052217,0.0442223,10.78,0.19439,All
-13.9,0.000198036,0.000125121,1.1444,2.08624e-05,3.00818e-07,0.00447039,1.56996,0.000205338,-4.49681,1.78902e-06,2.48621e-08,0.15464,0.499534,0.0569696,0.0474343,11.0772,0.22954,All
-13.7395,0.000250801,0.000160998,1.16111,6.07906e-05,9.27794e-07,0.00456375,2.92355,0.000409396,-4.48574,3.83352e-06,5.46098e-08,0.16423,0.507087,0.0617966,0.0506464,11.2117,0.265377,All
-13.5789,0.000316283,0.000206334,1.17781,0.000166226,2.68769e-06,0.00465711,5.19726,0.000779742,-4.47467,8.05138e-06,1.17639e-07,0.17382,0.514273,0.0666943,0.0538585,11.2074,0.301417,All
-13.4184,0.000397176,0.000263381,1.19452,0.000427585,7.33151e-06,0.00475047,8.84233,0.00142239,-4.4636,1.65742e-05,2.48536e-07,0.18341,0.521159,0.0716594,0.0570705,11.0876,0.337251,All
-13.2578,0.00049665,0.000334861,1.21122,0.00103711,1.88777e-05,0.00484383,14.4312,0.00249118,-4.45253,3.34414e-05,5.14992e-07,0.193,0.527802,0.0766893,0.0602826,10.8744,0.372544,All
-13.0973,0.000618413,0.000424047,1.22793,0.00237727,4.59897e-05,0.00493719,22.6427,0.00419857,-4.44146,6.61343e-05,1.04664e-06,0.20259,0.534249,0.081782,0.0634947,10.5877,0.40703,All
-12.9367,0.000766773,0.000534856,1.24463,0.00516062,0.000106241,0.00503055,34.2237,0.00682394,-4.43039,0.000128191,2.08639e-06,0.21218,0.540541,0.0869357,0.0667067,10.245,0.440501,All
-12.7762,0.000946708,0.000671947,1.26134,0.010631,0.000233221,0.00512392,49.9258,0.0107172,-4.41932,0.000243546,4.07952e-06,0.22177,0.546713,0.0921492,0.0699188,9.86152,0.472802,All
-12.6156,0.00116393,0.000840839,1.27804,0.0208226,0.000487509,0.00521728,70.4195,0.0162955,-4.40825,0.000453516,7.82449e-06,0.23136,0.552797,0.0974214,0.0731308,9.44992,0.503823,All
-12.4551,0.00142494,0.00104803,1.29475,0.0388491,0.000972276,0.00531064,96.196,0.0240308,-4.39718,0.000827742,1.47215e-05,0.24095,0.558819,0.102752,0.0763429,9.02082,0.533491,All
-12.2945,0.0017371,0.00130112,1.31145,0.0691631,0.00185359,0.005404,127.466,0.0344288,-4.38611,0.00148077,2.7172e-05,0.25054,0.564804,0.108139,0.079555,8.58291,0.561764,All
-12.134,0.00210871,0.00160899,1.32815,0.117691,0.00338416,0.00549736,164.077,0.0479983,-4.37504,0.00259638,4.92017e-05,0.26013,0.570772,0.113584,0.082767,8.14319,0.588627,All
-11.9734,0.00254899,0.00198191,1.34486,0.191726,0.00592747,0.00559072,205.451,0.0652143,-4.36397,0.00446211,8.74082e-05,0.26972,0.576743,0.119087,0.0859791,7.70721,0.614081,All
-11.8129,0.00306817,0.0024317,1.36156,0.299471,0.00997738,0.00568408,250.58,0.0864779,-4.3529,0.00751626,0.000152357,0.27931,0.582735,0.124646,0.0891912,7.2793,0.638148,All
-11.6523,0.00367749,0.00297192,1.37827,0.449156,0.0161665,0.00577744,298.05,0.112076,-4.34183,0.0124095,0.000260577,0.288899,0.588764,0.130264,0.0924032,6.86276,0.660857,All
-11.4918,0.00438919,0.00361802,1.39497,0.647763,0.0252565,0.00587081,346.129,0.14215,-4.33076,0.0200814,0.000437323,0.298489,0.594845,0.135939,0.0956153,6.46002,0.68225,All
-11.3312,0.00521648,0.00438748,1.41168,0.899486,0.0381047,0.00596417,392.884,0.176665,-4.31969,0.0318512,0.000720263,0.308079,0.600991,0.141673,0.0988274,6.07281,0.702373,All
-11.1707,0.0061735,0.00529998,1.42838,1.20417,0.0556041,0.00605753,436.33,0.215407,-4.30861,0.0495163,0.00116422,0.317669,0.607217,0.147466,0.102039,5.70228,0.72128,All
-11.0101,0.00727521,0.00637754,1.44509,1.55608,0.0786,0.00615089,474.579,0.257976,-4.29754,0.07545,0.00184703,0.327259,0.613533,0.15332,0.105251,5.34912,0.739024,All
-10.8496,0.0085373,0.00764464,1.46179,1.94328,0.10779,0.00624425,505.993,0.303808,-4.28647,0.112684,0.00287637,0.336849,0.619953,0.159234,0.108464,5.01367,0.755662,All
-10.689,0.00997598,0.00912833,1.4785,2.34797,0.143623,0.00633761,529.296,0.352203,-4.2754,0.16495,0.00439735,0.346439,0.626488,0.165211,0.111676,4.69594,0.771252,All
-10.5285,0.0116078,0.0108583,1.4952,2.7477,0.186208,0.00643097,543.66,0.402361,-4.26433,0.236664,0.00660022,0.356029,0.633149,0.171251,0.114888,4.39575,0.785848,All
-10.3679,0.0134495,0.0128668,1.51191,3.1176,0.235257,0.00652433,548.743,0.453428,-4.25326,0.332816,0.00972747,0.365619,0.639947,0.177355,0.1181,4.11272,0.799509,All
-10.2074,0.0155176,0.0151891,1.52861,3.43303,0.290062,0.0066177,544.682,0.504539,-4.24219,0.458738,0.014079,0.375209,0.646893,0.183525,0.121312,3.84635,0.812287,All
-10.0468,0.0178279,0.0178625,1.54532,3.67247,0.349529,0.00671106,532.052,0.554865,-4.23112,0.619749,0.0200139,0.384799,0.653999,0.189763,0.124524,3.59607,0.824235,All
-9.88626,0.0203957,0.0209274,1.56202,3.81998,0.412246,0.00680442,511.788,0.603647,-4.22005,0.820648,0.0279482,0.394389,0.661275,0.196069,0.127736,3.3612,0.835405,All
-9.72571,0.0232346,0.0244261,1.57873,3.86699,0.476593,0.00689778,485.094,0.650227,-4.20898,1.06509,0.0383448,0.403979,0.668732,0.202447,0.130948,3.14105,0.845844,All
-9.56515,0.0263569,0.0284032,1.59543,3.81296,0.540877,0.00699114,453.337,0.694067,-4.19791,1.3549,0.0516981,0.413569,0.676381,0.208896,0.13416,2.9349,0.855598,All
-9.4046,0.0297724,0.032905,1.61214,3.6651,0.60346,0.0070845,417.951,0.734762,-4.18684,1.68935,0.0685088,0.423159,0.684235,0.21542,0.137372,2.74202,0.864712,All
-9.24405,0.0334883,0.0379792,1.62884,3.43704,0.66288,0.00717786,380.341,0.772039,-4.17577,2.06452,0.0892527,0.432749,0.692305,0.222021,0.140584,2.56169,0.873227,All
-9.0835,0.0375087,0.0436745,1.64555,3.14694,0.717944,0.00727122,341.814,0.805752,-4.1647,2.47292,0.114343,0.442339,0.700602,0.228699,0.143796,2.39319,0.881182,All
-8.92295,0.0418343,0.0500397,1.66225,2.81523,0.767786,0.00736459,303.522,0.835871,-4.15363,2.90329,0.144087,0.451929,0.709141,0.235459,0.147008,2.23582,0.888613,All
-8.7624,0.0464615,0.0571237,1.67896,2.46246,0.811884,0.00745795,266.426,0.862464,-4.14256,3.34088,0.178651,0.461519,0.717933,0.242301,0.15022,2.08891,0.895556,All
-8.60185,0.0513824,0.0649743,1.69566,2.10739,0.850044,0.00755131,231.284,0.88568,-4.13149,3.76809,0.21802,0.471109,0.726992,0.24923,0.153432,1.95181,0.902043,All
-8.4413,0.0565844,0.0736377,1.71237,1.76575,0.882367,0.00764467,198.647,0.905728,-4.12042,4.16555,0.261971,0.480699,0.736333,0.256246,0.156645,1.82389,0.908104,All
-8.28075,0.0620495,0.0831577,1.72907,1.44942,0.909179,0.00773803,168.874,0.922861,-4.10935,4.51349,0.310066,0.490289,0.74597,0.263353,0.159857,1.70458,0.913769,All
-8.1202,0.067755,0.0935747,1.74578,1.16628,0.930977,0.00783139,142.154,0.937356,-4.09828,4.79339,0.361653,0.499879,0.755919,0.270555,0.163069,1.59331,0.919064,All
-7.95965,0.0736723,0.104925,1.76248,0.920471,0.948353,0.00792475,118.531,0.949501,-4.0872,4.98956,0.415887,0.509469,0.766198,0.277853,0.166281,1.48954,0.924013,All
-7.7991,0.0797679,0.117241,1.77919,0.712956,0.961943,0.00801811,97.9345,0.959582,-4.07613,5.09064,0.471775,0.519059,0.776822,0.285251,0.169493,1.39278,0.92864,All
-7.63855,0.0860027,0.130546,1.79589,0.542247,0.972378,0.00811148,80.2084,0.967877,-4.06506,5.09064,0.528225,0.528649,0.787812,0.292754,0.172705,1.30255,0.932967,All
-7.478,0.0923329,0.144861,1.8126,0.405176,0.980247,0.00820484,65.1367,0.974642,-4.05399,4.98956,0.584113,0.538239,0.799186,0.300363,0.175917,1.21843,0.937014,All
-7.31745,0.0987101,0.160197,1.8293,0.297593,0.986079,0.0082982,52.4674,0.980114,-4.04292,4.79339,0.638347,0.547829,0.810965,0.308083,0.179129,1.13998,0.940801,All
-7.1569,0.105082,0.176557,1.84601,0.214955,0.990329,0.00839156,41.9315,0.984505,-4.03185,4.51349,0.689934,0.557419,0.823172,0.315919,0.182341,1.06682,0.944343,All
-6.99635,0.111392,0.193935,1.86271,0.152766,0.993374,0.00848492,33.2585,0.988001,-4.02078,4.16555,0.738029,0.567009,0.83583,0.323873,0.185553,0.998597,0.947659,All
-6.8358,0.117582,0.212318,1.87942,0.10687,0.995523,0.00857828,26.1877,0.990765,-4.00971,3.76809,0.78198,0.576599,0.848966,0.331951,0.188765,0.934961,0.950763,All
-6.67524,0.123591,0.231681,1.89612,0.0736266,0.997015,0.00867164,20.4757,0.992933,-3.99864,3.34088,0.821349,0.586189,0.862606,0.340158,0.191977,0.875599,0.95367,All
-6.51469,0.129358,0.251991,1.91283,0.0499741,0.998036,0.008765,15.9014,0.994623,-3.98757,2.90329,0.855913,0.595779,0.876779,0.348498,0.195189,0.820214,0.956393,All
-6.35414,0.134822,0.273202,1.92953,0.0334325,0.998724,0.00885837,12.2686,0.995932,-3.9765,2.47292,0.885657,0.605369,0.891517,0.356976,0.198401,0.768533,0.958943,All
-6.19359,0.139923,0.295263,1.94624,0.0220537,0.999182,0.00895173,9.40622,0.996938,-3.96543,2.06452,0.910747,0.614959,0.906854,0.365599,0.201613,0.720299,0.961333,All
-6.03304,0.144603,0.318109,1.96294,0.01435,0.999482,0.00904509,7.16797,0.997708,-3.95436,1.68935,0.931491,0.624549,0.922827,0.374372,0.204825,0.675274,0.963574,All
-5.87249,0.148809,0.34167,1.97965,0.00921393,0.999675,0.00913845,5.43039,0.998292,-3.94329,1.3549,0.948302,0.634139,0.939475,0.383301,0.208038,0.633236,0.965675,All
-5.71194,0.152489,0.365864,1.99635,0.00584007,0.999799,0.00923181,4.0908,0.998734,-3.93222,1.06509,0.961655,0.643729,0.95684,0.392393,0.21125,0.593978,0.967645,All
-5.55139,0.155599,0.390603,2.01306,0.00365531,0.999877,0.00932517,3.0649,0.999066,-3.92115,0.820648,0.972052,0.653319,0.97497,0.401655,0.214462,0.557308,0.969493,All
-5.39084,0.158102,0.415794,2.02976,0.00226003,0.999926,0.00941853,2.28421,0.999314,-3.91008,0.619749,0.979986,0.662909,0.993916,0.411096,0.217674,0.523048,0.971228,All
-5.23029,0.159967,0.441336,2.04647,0.0013808,0.999956,0.00951189,1.69375,0.999498,-3.89901,0.458738,0.985921,0.672499,1.01373,0.420721,0.220886,0.491031,0.972856,All
-5.06974,0.161169,0.467124,2.06317,0.000833905,0.999974,0.00960526,1.24977,0.999635,-3.88794,0.332816,0.990273,0.682089,1.03448,0.430542,0.224098,0.461105,0.974384,All
-4.90919,0.161694,0.493051,2.07988,0.000497971,0.999985,0.00969862,0.917814,0.999735,-3.87687,0.236664,0.9934,0.691679,1.05622,0.440566,0.22731,0.433125,0.97582,All
-4.74864,0.161535,0.519008,2.09658,0.000294121,0.999991,0.00979198,0.670955,0.999809,-3.86579,0.16495,0.995603,0.701269,1.07903,0.450803,0.230522,0.406958,0.977169,All
-4.58809,0.160694,0.544884,2.11328,0.000171873,0.999995,0.00988534,0.488332,0.999862,-3.85472,0.112684,0.997124,0.710859,1.10299,0.461265,0.233734,0.38248,0.978436,All
-4.42754,0.159181,0.570571,2.12999,9.93979e-05,0.999997,0.0099787,0.353905,0.999901,-3.84365,0.07545,0.998153,0.720449,1.12818,0.471963,0.236946,0.359577,0.979628,All
-4.26699,0.157017,0.595962,2.14669,5.69051e-05,0.999998,0.0100721,0.255429,0.99993,-3.83258,0.0495163,0.998836,0.730039,1.1547,0.482908,0.240158,0.338141,0.980748,All
-4.10644,0.154227,0.620956,2.1634,3.22587e-05,0.999999,0.0101654,0.183623,0.99995,-3.82151,0.0318512,0.99928,0.739629,1.18267,0.494114,0.24337,0.318073,0.981801,All
-3.94588,0.150847,0.645453,2.1801,1.81124e-05,0.999999,0.0102588,0.131498,0.999964,-3.81044,0.0200814,0.999563,0.749218,1.21219,0.505596,0.246582,0.29928,0.982792,All
-3.78533,0.146917,0.669363,2.19681,1.00752e-05,1,0.0103521,0.0938208,0.999975,-3.79937,0.0124095,0.999739,0.758808,1.2434,0.51737,0.249794,0.281678,0.983725,All
-3.62478,0.142484,0.692601,2.21351,5.55363e-06,1,0.0104455,0.0666999,0.999982,-3.7883,0.00751626,0.999848,0.768398,1.27645,0.529451,0.253006,0.265185,0.984603,All
-3.46423,0.137602,0.715091,2.23022,3.03429e-06,1,0.0105389,0.0472552,0.999988,-3.77723,0.00446211,0.999913,0.777988,1.3115,0.541858,0.256219,0.249728,0.98543,All
-3.30368,0.132324,0.736764,2.24692,1.64358e-06,1,0.0106322,0.0333675,0.999991,-3.76616,0.00259638,0.999951,0.787578,1.34875,0.554612,0.259431,0.235238,0.986209,All
-3.14313,0.126712,0.757563,2.26363,8.82832e-07,1,0.0107256,0.0234854,0.999994,-3.75509,0.00148077,0.999973,0.797168,1.38839,0.567735,0.262643,0.22165,0.986942,All
-2.98258,0.120825,0.777437,2.28033,4.7034e-07,1,0.010819,0.0164785,0.999996,-3.74402,0.000827742,0.999985,0.806758,1.43067,0.58125,0.265855,0.208905,0.987633,All
-2.82203,0.114724,0.796348,2.29704,2.48591e-07,1,0.0109123,0.0115274,0.999997,-3.73295,0.000453516,0.999992,0.816348,1.47586,0.595184,0.269067,0.196947,0.988285,All
-2.66148,0.108471,0.814267,2.31374,1.30373e-07,1,0.0110057,0.00804046,0.999998,-3.72188,0.000243546,0.999996,0.825938,1.52427,0.609567,0.272279,0.185724,0.988899,All
-2.50093,0.102125,0.831173,2.33045,6.78587e-08,1,0.011099,0.00559258,0.999999,-3.71081,0.000128191,0.999998,0.835528,1.57625,0.624431,0.275491,0.175189,0.989479,All
-2.34038,0.0957439,0.847057,2.34715,3.5061e-08,1,0.0111924,0.00387941,0.999999,-3.69974,6.61343e-05,0.999999,0.845118,1.63221,0.639812,0.278703,0.165297,0.990025,All
-2.17983,0.0893822,0.861918,2.36386,1.79856e-08,1,0.0112858,0.00268399,0.999999,-3.68867,3.34414e-05,0.999999,0.854708,1.69262,0.655751,0.281915,0.156004,0.990541,All
-2.01928,0.0830906,0.875762,2.38056,9.16197e-09,1,0.0113791,0.00185225,1,-3.6776,1.65742e-05,1,0.864298,1.75803,0.672293,0.285127,0.147274,0.991028,All
-1.85873,0.0769153,0.888604,2.39727,4.63547e-09,1,0.0114725,0.00127513,1,-3.66653,8.05138e-06,1,0.873888,1.82906,0.689488,0.288339,0.13907,0.991488,All
-1.69818,0.0708981,0.900468,2.41397,2.32978e-09,1,0.0115658,0.000875763,1,-3.65546,3.83352e-06,1,0.883478,1.90647,0.707394,0.291551,0.131357,0.991922,All
-1.53763,0.0650753,0.91138,2.43068,1.16339e-09,1,0.0116592,0.000600107,1,-3.64438,1.78902e-06,1,0.893068,1.99111,0.726077,0.294763,0.124104,0.992332,All
-1.37708,0.0594783,0.921376,2.44738,5.77298e-10,1,0.0117526,0.000410314,1,-3.63331,8.1832e-07,1,0.902658,2.08398,0.74561,0.297975,0.117283,0.99272,All
-1.21653,0.054133,0.930492,2.46409,2.84711e-10,1,0.0118459,0.00027995,1,-3.62224,3.66877e-07,1,0.912248,2.18624,0.766078,0.301187,0.110865,0.993086,All
-1.05597,0.0490597,0.938772,2.48079,1.39576e-10,1,0.0119393,0.000190614,1,-3.61117,1.61216e-07,1,0.921838,2.29918,0.787576,0.304399,0.104826,0.993433,All
-0.895424,0.044274,0.946261,2.4975,6.80268e-11,1,0.0120326,0.00012953,1,-3.6001,6.94361e-08,1,0.931428,2.42418,0.810214,0.307612,0.0991405,0.99376,All
-0.734873,0.0397863,0.953005,2.5142,3.29671e-11,1,0.012126,8.78525e-05,1,-3.58903,2.93125e-08,1,0.941018,2.56244,0.834114,0.310824,0.0937874,0.99407,All
-0.574323,0.0356023,0.959053,2.53091,1.58882e-11,1,0.0122194,5.94756e-05,1,-3.57796,1.21286e-08,1,0.950608,2.71443,0.859406,0.314036,0.0887457,0.994363,All
-0.413772,0.0317237,0.964453,2.54761,7.61594e-12,1,0.0123127,4.0193e-05,1,-3.56689,4.91877e-09,1,0.960198,2.878,0.886215,0.317248,0.0839961,0.99464,All
-0.253222,0.0281481,0.969255,2.56432,3.63149e-12,1,0.0124061,2.71154e-05,1,-3.55582,1.95521e-09,1,0.969788,3.04275,0.914612,0.32046,0.0795203,0.994903,All
-0.0926711,0.02487,0.973507,2.58102,1.72274e-12,1,0.0124995,1.82626e-05,1,-3.54475,7.61765e-10,1,0.979378,3.16909,0.944462,0.323672,0.0753016,0.995151,All
0.0678795,0.0218808,0.977257,2.59773,8.13168e-13,1,0.0125928,1.22805e-05,1,-3.53368,2.90896e-10,1,0.988968,3.08176,0.974774,0.326884,0.0713241,0.995387,All
0.22843,0.0191695,0.980548,2.61443,3.81967e-13,1,0.0126862,8.24522e-06,1,-3.52261,1.08879e-10,1,0.998558,1.20446,0.999106,0.330096,0.067573,0.99561,All
