initT_abscissa,initT_cdf,aS_abscissa,aS_cdf,dS_abscissa,dS_cdf,lBt0_abscissa,lBt0_cdf,lk_abscissa,lk_cdf,lae_abscissa,lae_cdf,lw_abscissa,lw_cdf,dE_abscissa,dE_cdf,split
-21.245,0.00196078,11.6908,0,0.00614518,0,-5.12278,0,-6.15567,0,-1.61059,0,0.780026,0.00196078,0.0169513,0,All
-20.6963,0.00392157,14.3031,0.00196078,0.00799189,0.00196078,-4.96156,0.00196078,-6.15288,0.00196078,-1.48864,0.00196078,1.50066,0.00392157,0.019487,0.00196078,All
-19.5161,0.00588235,14.4273,0.00392157,0.00805733,0.00392157,-4.96128,0.00392157,-5.97069,0.00392157,-1.44789,0.00392157,1.5306,0.00588235,0.0201698,0.00392157,All
-19.49,0.00784314,14.5517,0.00588235,0.008089,0.00588235,-4.96025,0.00588235,-5.91995,0.00588235,-1.42688,0.00588235,1.5689,0.00784314,0.020799,0.00588235,All
-18.1081,0.00980392,14.5765,0.00784314,0.00811897,0.00784314,-4.95938,0.00784314,-5.90832,0.00784314,-1.41477,0.00784314,1.6506,0.00980392,0.0218756,0.00784314,All
-17.9016,0.0117647,14.5859,0.00980392,0.00813274,0.00980392,-4.95844,0.00980392,-5.90079,0.00980392,-1.29651,0.00980392,1.65224,0.0117647,0.0223496,0.00980392,All
-17.7087,0.0137255,14.6635,0.0117647,0.00813557,0.0117647,-4.95815,0.0117647,-5.88544,0.0117647,-1.27384,0.0117647,1.77039,0.0137255,0.0226224,0.0117647,All
-17.3908,0.0156863,14.6646,0.0137255,0.00813866,0.0137255,-4.95763,0.0137255,-5.87498,0.0137255,-1.26735,0.0137255,1.77476,0.0156863,0.0226398,0.0137255,All
-17.1704,0.0176471,14.6879,0.0156863,0.00818218,0.0156863,-4.95662,0.0156863,-5.86969,0.0156863,-1.26076,0.0156863,1.82114,0.0176471,0.0228229,0.0156863,All
-17.091,0.0196078,14.697,0.0176471,0.00819633,0.0176471,-4.95656,0.0176471,-5.85086,0.0176471,-1.21232,0.0176471,1.82376,0.0196078,0.0235773,0.0176471,All
-16.8888,0.0215686,14.7105,0.0196078,0.00821642,0.0196078,-4.9563,0.0196078,-5.83565,0.0196078,-1.1859,0.0196078,1.99001,0.0215686,0.0241406,0.0196078,All
-16.6072,0.0235294,14.7157,0.0215686,0.00821763,0.0215686,-4.95556,0.0215686,-5.79288,0.0215686,-1.18533,0.0215686,2.06953,0.0235294,0.0241428,0.0215686,All
-16.2761,0.0254902,14.7199,0.0235294,0.00823609,0.0235294,-4.95551,0.0235294,-5.78549,0.0235294,-1.17505,0.0235294,2.08301,0.0254902,0.0242654,0.0235294,All
-16.2385,0.027451,14.7531,0.0254902,0.00824593,0.0254902,-4.95528,0.0254902,-5.76623,0.0254902,-1.16915,0.0254902,2.08552,0.027451,0.024533,0.0254902,All
-16.1813,0.0294118,14.7586,0.027451,0.00827346,0.027451,-4.95467,0.027451,-5.73983,0.027451,-1.16181,0.027451,2.10861,0.0294118,0.0246463,0.027451,All
-16.054,0.0313725,14.7658,0.0294118,0.0082939,0.0294118,-4.95447,0.0294118,-5.73615,0.0294118,-1.14315,0.0294118,2.12893,0.0313725,0.0249344,0.0294118,All
-16.0306,0.0333333,14.7682,0.0313725,0.00831059,0.0313725,-4.9544,0.0313725,-5.70113,0.0313725,-1.12891,0.0313725,2.13043,0.0333333,0.0251744,0.0313725,All
-15.8698,0.0352941,14.7682,0.0333333,0.00832881,0.0333333,-4.95414,0.0333333,-5.69269,0.0333333,-1.12482,0.0333333,2.1486,0.0352941,0.025344,0.0333333,All
-15.7475,0.0372549,14.7783,0.0352941,0.00833321,0.0352941,-4.95414,0.0352941,-5.6862,0.0352941,-1.10898,0.0352941,2.1618,0.0372549,0.0255186,0.0352941,All
-15.7417,0.0392157,14.779,0.0372549,0.00834534,0.0372549,-4.95409,0.0372549,-5.68414,0.0372549,-1.09792,0.0372549,2.17362,0.0392157,0.0256223,0.0372549,All
-15.7151,0.0411765,14.7836,0.0392157,0.00835088,0.0392157,-4.95385,0.0392157,-5.67774,0.0392157,-1.09342,0.0392157,2.17556,0.0411765,0.0256562,0.0392157,All
-15.6358,0.0431373,14.7878,0.0411765,0.00835366,0.0411765,-4.95383,0.0411765,-5.64941,0.0411765,-1.07214,0.0411765,2.17981,0.0431373,0.0261364,0.0411765,All
-15.5018,0.045098,14.7895,0.0431373,0.00835402,0.0431373,-4.95364,0.0431373,-5.61721,0.0431373,-1.0655,0.0431373,2.20051,0.045098,0.026232,0.0431373,All
-15.4477,0.0470588,14.7905,0.045098,0.00836019,0.045098,-4.95361,0.045098,-5.58718,0.045098,-1.06385,0.045098,2.22614,0.0470588,0.0262639,0.045098,All
-15.3832,0.0490196,14.8048,0.0470588,0.00837519,0.0470588,-4.95357,0.0470588,-5.57987,0.0470588,-1.06364,0.0470588,2.22891,0.0490196,0.0264783,0.0470588,All
-15.3,0.0509804,14.8074,0.0490196,0.00838429,0.0490196,-4.95354,0.0490196,-5.5677,0.0490196,-1.05414,0.0490196,2.26731,0.0509804,0.0264872,0.0490196,All
-15.1742,0.0529412,14.8117,0.0509804,0.00838554,0.0509804,-4.95335,0.0509804,-5.56737,0.0509804,-1.05292,0.0509804,2.27769,0.0529412,0.0266275,0.0509804,All
-14.9243,0.054902,14.8133,0.0529412,0.00839725,0.0529412,-4.9533,0.0529412,-5.56524,0.0529412,-1.05206,0.0529412,2.29192,0.054902,0.0270449,0.0529412,All
-14.7014,0.0568627,14.8148,0.054902,0.00840343,0.054902,-4.95289,0.054902,-5.55689,0.054902,-1.05166,0.054902,2.3264,0.0568627,0.0271157,0.054902,All
-14.6872,0.0588235,14.8253,0.0568627,0.00840441,0.0568627,-4.95287,0.0568627,-5.55048,0.0568627,-1.05072,0.0568627,2.3282,0.0588235,0.0272366,0.0568627,All
-14.635,0.0607843,14.8394,0.0588235,0.00840942,0.0588235,-4.95279,0.0588235,-5.54356,0.0588235,-1.0496,0.0588235,2.33094,0.0607843,0.0273416,0.0588235,All
-14.6035,0.0627451,14.8409,0.0607843,0.00841507,0.0607843,-4.95278,0.0607843,-5.54313,0.0607843,-1.04315,0.0607843,2.36119,0.0627451,0.0275683,0.0607843,All
-14.5307,0.0647059,14.8542,0.0627451,0.00841589,0.0627451,-4.95276,0.0627451,-5.53459,0.0627451,-1.03546,0.0627451,2.37451,0.0647059,0.0277094,0.0627451,All
-14.4754,0.0666667,14.8622,0.0647059,0.00841635,0.0647059,-4.95273,0.0647059,-5.5332,0.0647059,-1.02924,0.0647059,2.37492,0.0666667,0.0278206,0.0647059,All
-14.4621,0.0686275,14.8667,0.0666667,0.00842976,0.0666667,-4.95271,0.0666667,-5.52319,0.0666667,-1.01901,0.0666667,2.37684,0.0686275,0.0281695,0.0666667,All
-14.4589,0.0705882,14.8727,0.0686275,0.00843007,0.0686275,-4.95263,0.0686275,-5.52108,0.0686275,-1.0058,0.0686275,2.39662,0.0705882,0.0282065,0.0686275,All
-14.409,0.072549,14.8802,0.0705882,0.00844265,0.0705882,-4.95255,0.0705882,-5.51376,0.0705882,-1.00393,0.0705882,2.39673,0.072549,0.0282953,0.0705882,All
-14.3401,0.0745098,14.8883,0.072549,0.00844313,0.072549,-4.95243,0.072549,-5.51198,0.072549,-0.997891,0.072549,2.40632,0.0745098,0.0283211,0.072549,All
-14.3382,0.0764706,14.8897,0.0745098,0.00844894,0.0745098,-4.95221,0.0745098,-5.48696,0.0745098,-0.995152,0.0745098,2.4227,0.0764706,0.0284081,0.0745098,All
-14.3033,0.0784314,14.8939,0.0764706,0.00845354,0.0764706,-4.95218,0.0764706,-5.48084,0.0764706,-0.991751,0.0764706,2.43909,0.0784314,0.0284927,0.0764706,All
-14.2795,0.0803922,14.8965,0.0784314,0.00846072,0.0784314,-4.95211,0.0784314,-5.47328,0.0784314,-0.986356,0.0784314,2.4561,0.0803922,0.0288896,0.0784314,All
-14.2785,0.0823529,14.9073,0.0803922,0.00846076,0.0803922,-4.95194,0.0803922,-5.46113,0.0803922,-0.984373,0.0803922,2.45769,0.0823529,0.0292611,0.0803922,All
-14.1922,0.0843137,14.9131,0.0823529,0.00846392,0.0823529,-4.95193,0.0823529,-5.45871,0.0823529,-0.984367,0.0823529,2.46308,0.0843137,0.029677,0.0823529,All
-14.1889,0.0862745,14.9166,0.0843137,0.00846554,0.0843137,-4.95189,0.0843137,-5.45407,0.0843137,-0.983736,0.0843137,2.46781,0.0862745,0.0300338,0.0843137,All
-14.1737,0.0882353,14.9187,0.0862745,0.00849101,0.0862745,-4.9518,0.0862745,-5.4538,0.0862745,-0.975529,0.0862745,2.47135,0.0882353,0.0301164,0.0862745,All
-14.0811,0.0901961,14.9203,0.0882353,0.00849359,0.0882353,-4.95162,0.0882353,-5.45243,0.0882353,-0.973937,0.0882353,2.48007,0.0901961,0.0306345,0.0882353,All
-13.9387,0.0921569,14.9208,0.0901961,0.00849377,0.0901961,-4.95142,0.0901961,-5.45216,0.0901961,-0.971918,0.0901961,2.49272,0.0921569,0.0312918,0.0901961,All
-13.8829,0.0941176,14.9272,0.0921569,0.00849573,0.0921569,-4.95137,0.0921569,-5.44655,0.0921569,-0.970128,0.0921569,2.49667,0.0941176,0.0316789,0.0921569,All
-13.8703,0.0960784,14.9346,0.0941176,0.00850183,0.0941176,-4.95133,0.0941176,-5.43912,0.0941176,-0.969378,0.0941176,2.50025,0.0960784,0.0316961,0.0941176,All
-13.7296,0.0980392,14.9375,0.0960784,0.00851002,0.0960784,-4.95128,0.0960784,-5.43594,0.0960784,-0.96477,0.0960784,2.50766,0.0980392,0.0318044,0.0960784,All
-13.5922,0.1,14.9387,0.0980392,0.008511,0.0980392,-4.95124,0.0980392,-5.42851,0.0980392,-0.955166,0.0980392,2.52149,0.1,0.0320675,0.0980392,All
-13.5832,0.101961,14.9399,0.1,0.0085147,0.1,-4.95112,0.1,-5.42688,0.1,-0.942575,0.1,2.53249,0.101961,0.0320693,0.1,All
-13.57,0.103922,14.941,0.101961,0.00851713,0.101961,-4.95083,0.101961,-5.42635,0.101961,-0.940808,0.101961,2.53926,0.103922,0.0322084,0.101961,All
-13.5199,0.105882,14.9411,0.103922,0.00851758,0.103922,-4.95081,0.103922,-5.42407,0.103922,-0.937966,0.103922,2.54338,0.105882,0.0324911,0.103922,All
-13.51,0.107843,14.9538,0.105882,0.00851914,0.105882,-4.95075,0.105882,-5.42199,0.105882,-0.936273,0.105882,2.5449,0.107843,0.0329475,0.105882,All
-13.5001,0.109804,14.9572,0.107843,0.00852033,0.107843,-4.9507,0.107843,-5.42104,0.107843,-0.93204,0.107843,2.5456,0.109804,0.0330295,0.107843,All
-13.4713,0.111765,14.9681,0.109804,0.00852078,0.109804,-4.95063,0.109804,-5.41756,0.109804,-0.926696,0.109804,2.54771,0.111765,0.0331354,0.109804,All
-13.45,0.113725,14.9689,0.111765,0.00852732,0.111765,-4.95051,0.111765,-5.41666,0.111765,-0.924342,0.111765,2.55192,0.113725,0.0331604,0.111765,All
-13.4459,0.115686,14.9704,0.113725,0.00853439,0.113725,-4.95042,0.113725,-5.41481,0.113725,-0.923211,0.113725,2.55317,0.115686,0.0331615,0.113725,All
-13.4442,0.117647,14.9758,0.115686,0.00853836,0.115686,-4.95036,0.115686,-5.41047,0.115686,-0.921566,0.115686,2.55558,0.117647,0.0332756,0.115686,All
-13.3716,0.119608,14.9764,0.117647,0.0085393,0.117647,-4.9503,0.117647,-5.40727,0.117647,-0.920732,0.117647,2.56236,0.119608,0.0337006,0.117647,All
-13.3637,0.121569,14.9774,0.119608,0.00854419,0.119608,-4.95029,0.119608,-5.4047,0.119608,-0.920353,0.119608,2.56782,0.121569,0.0339014,0.119608,All
-13.3556,0.123529,14.9798,0.121569,0.00854554,0.121569,-4.95002,0.121569,-5.40393,0.121569,-0.914072,0.121569,2.56866,0.123529,0.033968,0.121569,All
-13.3496,0.12549,14.98,0.123529,0.0085464,0.123529,-4.94997,0.123529,-5.3672,0.123529,-0.910526,0.123529,2.56892,0.12549,0.0342006,0.123529,All
-13.2842,0.127451,14.9811,0.12549,0.00854996,0.12549,-4.94987,0.12549,-5.36692,0.12549,-0.904277,0.12549,2.58803,0.127451,0.0342761,0.12549,All
-13.2556,0.129412,14.9858,0.127451,0.00855096,0.127451,-4.94966,0.127451,-5.36604,0.127451,-0.904122,0.127451,2.59685,0.129412,0.0344285,0.127451,All
-13.1771,0.131373,14.9869,0.129412,0.00855202,0.129412,-4.9496,0.129412,-5.3646,0.129412,-0.898766,0.129412,2.59872,0.131373,0.0346856,0.129412,All
-13.1707,0.133333,14.9877,0.131373,0.0085648,0.131373,-4.9496,0.131373,-5.36392,0.131373,-0.898306,0.131373,2.60436,0.133333,0.0347365,0.131373,All
-13.1668,0.135294,14.9894,0.133333,0.00856906,0.133333,-4.94942,0.133333,-5.35754,0.133333,-0.89727,0.133333,2.60752,0.135294,0.0348194,0.133333,All
-13.1317,0.137255,14.9918,0.135294,0.00857197,0.135294,-4.94929,0.135294,-5.35489,0.135294,-0.895074,0.135294,2.60877,0.137255,0.034918,0.135294,All
-13.1311,0.139216,14.9927,0.137255,0.00857484,0.137255,-4.94926,0.137255,-5.35205,0.137255,-0.894354,0.137255,2.61904,0.139216,0.0353359,0.137255,All
-13.1255,0.141176,14.9931,0.139216,0.00857936,0.139216,-4.94911,0.139216,-5.34968,0.139216,-0.891206,0.139216,2.64804,0.141176,0.035843,0.139216,All
-13.1157,0.143137,14.9932,0.141176,0.00858018,0.141176,-4.94907,0.141176,-5.34892,0.141176,-0.8904,0.141176,2.64842,0.143137,0.0359112,0.141176,All
-13.0951,0.145098,14.9942,0.143137,0.00858138,0.143137,-4.94904,0.143137,-5.34758,0.143137,-0.888921,0.143137,2.65624,0.145098,0.0360404,0.143137,All
-13.0914,0.147059,14.9969,0.145098,0.00858404,0.145098,-4.94902,0.145098,-5.3406,0.145098,-0.888098,0.145098,2.65654,0.147059,0.0362303,0.145098,All
-13.0776,0.14902,15.0041,0.147059,0.00858416,0.147059,-4.94899,0.147059,-5.33813,0.147059,-0.887887,0.147059,2.65715,0.14902,0.036372,0.147059,All
-13.0612,0.15098,15.007,0.14902,0.00858726,0.14902,-4.94874,0.14902,-5.33531,0.14902,-0.885004,0.14902,2.67921,0.15098,0.0363977,0.14902,All
-13.0312,0.152941,15.0072,0.15098,0.00858913,0.15098,-4.94872,0.15098,-5.33407,0.15098,-0.883354,0.15098,2.68515,0.152941,0.0368347,0.15098,All
-13.0123,0.154902,15.0085,0.152941,0.00859146,0.152941,-4.94858,0.152941,-5.33179,0.152941,-0.876423,0.152941,2.68918,0.154902,0.0371059,0.152941,All
-13.0091,0.156863,15.0087,0.154902,0.00859175,0.154902,-4.94847,0.154902,-5.3272,0.154902,-0.872817,0.154902,2.69313,0.156863,0.0373512,0.154902,All
-13.0056,0.158824,15.0092,0.156863,0.00859293,0.156863,-4.94846,0.156863,-5.32145,0.156863,-0.859925,0.156863,2.69323,0.158824,0.0373536,0.156863,All
-12.9995,0.160784,15.0121,0.158824,0.00859917,0.158824,-4.94845,0.158824,-5.31765,0.158824,-0.857213,0.158824,2.70041,0.160784,0.03739,0.158824,All
-12.9894,0.162745,15.0138,0.160784,0.00859933,0.160784,-4.94829,0.160784,-5.31008,0.160784,-0.857019,0.160784,2.70507,0.162745,0.0382393,0.160784,All
-12.9771,0.164706,15.0168,0.162745,0.00859979,0.162745,-4.94828,0.162745,-5.30797,0.162745,-0.856552,0.162745,2.70826,0.164706,0.0383421,0.162745,All
-12.9688,0.166667,15.0225,0.164706,0.00860037,0.164706,-4.94827,0.164706,-5.30712,0.164706,-0.854674,0.164706,2.71668,0.166667,0.0396206,0.164706,All
-12.9321,0.168627,15.026,0.166667,0.00860319,0.166667,-4.94824,0.166667,-5.30603,0.166667,-0.854381,0.166667,2.73473,0.168627,0.0398758,0.166667,All
-12.8956,0.170588,15.026,0.168627,0.00860629,0.168627,-4.94823,0.168627,-5.29823,0.168627,-0.835327,0.168627,2.73596,0.170588,0.0399931,0.168627,All
-12.8825,0.172549,15.0297,0.170588,0.00861002,0.170588,-4.94816,0.170588,-5.29095,0.170588,-0.830947,0.170588,2.74339,0.172549,0.0401173,0.170588,All
-12.8495,0.17451,15.0331,0.172549,0.0086111,0.172549,-4.94794,0.172549,-5.28543,0.172549,-0.830351,0.172549,2.75908,0.17451,0.0402756,0.172549,All
-12.8457,0.176471,15.0333,0.17451,0.00861116,0.17451,-4.9478,0.17451,-5.27834,0.17451,-0.828695,0.17451,2.75975,0.176471,0.0403476,0.17451,All
-12.8265,0.178431,15.0334,0.176471,0.00861133,0.176471,-4.94778,0.176471,-5.26517,0.176471,-0.825909,0.176471,2.76404,0.178431,0.0406432,0.176471,All
-12.789,0.180392,15.034,0.178431,0.00861239,0.178431,-4.94771,0.178431,-5.2645,0.178431,-0.825328,0.178431,2.76646,0.180392,0.0411543,0.178431,All
-12.7852,0.182353,15.0357,0.180392,0.00861519,0.180392,-4.94766,0.180392,-5.26312,0.180392,-0.819441,0.180392,2.76741,0.182353,0.041652,0.180392,All
-12.7499,0.184314,15.0367,0.182353,0.00861587,0.182353,-4.94763,0.182353,-5.26253,0.182353,-0.818627,0.182353,2.775,0.184314,0.0416687,0.182353,All
-12.7353,0.186275,15.0387,0.184314,0.00861598,0.184314,-4.94749,0.184314,-5.26148,0.184314,-0.816614,0.184314,2.77703,0.186275,0.0417795,0.184314,All
-12.7327,0.188235,15.0422,0.186275,0.00862005,0.186275,-4.94747,0.186275,-5.25106,0.186275,-0.812375,0.186275,2.78105,0.188235,0.0417815,0.186275,All
-12.7066,0.190196,15.0433,0.188235,0.00862172,0.188235,-4.94734,0.188235,-5.25038,0.188235,-0.811297,0.188235,2.78644,0.190196,0.0420485,0.188235,All
-12.686,0.192157,15.0463,0.190196,0.00862267,0.190196,-4.94719,0.190196,-5.246,0.190196,-0.811158,0.190196,2.7912,0.192157,0.0420774,0.190196,All
-12.6807,0.194118,15.0466,0.192157,0.00862433,0.192157,-4.94716,0.192157,-5.24499,0.192157,-0.80617,0.192157,2.79429,0.194118,0.0421031,0.192157,All
-12.621,0.196078,15.0512,0.194118,0.00862747,0.194118,-4.94714,0.194118,-5.24337,0.194118,-0.80487,0.194118,2.80304,0.196078,0.0426408,0.194118,All
-12.6076,0.198039,15.0528,0.196078,0.0086276,0.196078,-4.94706,0.196078,-5.24216,0.196078,-0.799957,0.196078,2.81232,0.198039,0.0428692,0.196078,All
-12.584,0.2,15.054,0.198039,0.00863237,0.198039,-4.94693,0.198039,-5.23576,0.198039,-0.796361,0.198039,2.81624,0.2,0.0447062,0.198039,All
-12.579,0.201961,15.0543,0.2,0.00863356,0.2,-4.94691,0.2,-5.23352,0.2,-0.795619,0.2,2.81877,0.201961,0.0448313,0.2,All
-12.5369,0.203922,15.0552,0.201961,0.00863406,0.201961,-4.94688,0.201961,-5.23056,0.201961,-0.790795,0.201961,2.82445,0.203922,0.045342,0.201961,All
-12.4932,0.205882,15.0557,0.203922,0.0086353,0.203922,-4.94685,0.203922,-5.22934,0.203922,-0.788892,0.203922,2.8261,0.205882,0.0456166,0.203922,All
-12.492,0.207843,15.0561,0.205882,0.00863593,0.205882,-4.94684,0.205882,-5.22647,0.205882,-0.78861,0.205882,2.82743,0.207843,0.0457354,0.205882,All
-12.4408,0.209804,15.0563,0.207843,0.00863881,0.207843,-4.9466,0.207843,-5.21584,0.207843,-0.785267,0.207843,2.83593,0.209804,0.0462292,0.207843,All
-12.4346,0.211765,15.0626,0.209804,0.00864075,0.209804,-4.94651,0.209804,-5.20828,0.209804,-0.784436,0.209804,2.83888,0.211765,0.0463914,0.209804,All
-12.3881,0.213725,15.0672,0.211765,0.00864592,0.211765,-4.94647,0.211765,-5.20647,0.211765,-0.780585,0.211765,2.83905,0.213725,0.0467299,0.211765,All
-12.3657,0.215686,15.0707,0.213725,0.00865415,0.213725,-4.94644,0.213725,-5.19677,0.213725,-0.779644,0.213725,2.84825,0.215686,0.0471865,0.213725,All
-12.354,0.217647,15.0714,0.215686,0.0086577,0.215686,-4.94635,0.215686,-5.18965,0.215686,-0.777295,0.215686,2.85711,0.217647,0.0473634,0.215686,All
-12.3497,0.219608,15.0737,0.217647,0.00865886,0.217647,-4.94634,0.217647,-5.18778,0.217647,-0.775432,0.217647,2.86155,0.219608,0.0473826,0.217647,All
-12.3428,0.221569,15.0749,0.219608,0.00866965,0.219608,-4.94628,0.219608,-5.17802,0.219608,-0.775417,0.219608,2.86633,0.221569,0.0483461,0.219608,All
-12.3332,0.223529,15.0763,0.221569,0.00867326,0.221569,-4.94627,0.221569,-5.1774,0.221569,-0.774247,0.221569,2.87467,0.223529,0.0484356,0.221569,All
-12.3216,0.22549,15.0775,0.223529,0.00867367,0.223529,-4.94625,0.223529,-5.17048,0.223529,-0.76684,0.223529,2.87902,0.22549,0.0485094,0.223529,All
-12.1994,0.227451,15.0832,0.22549,0.00867412,0.22549,-4.9461,0.22549,-5.16989,0.22549,-0.761363,0.22549,2.88063,0.227451,0.0500061,0.22549,All
-12.1626,0.229412,15.0835,0.227451,0.00867656,0.227451,-4.946,0.227451,-5.15902,0.227451,-0.758167,0.227451,2.88259,0.229412,0.0506089,0.227451,All
-12.1412,0.231373,15.0897,0.229412,0.00867942,0.229412,-4.94596,0.229412,-5.15845,0.229412,-0.754339,0.229412,2.88331,0.231373,0.0509388,0.229412,All
-12.1286,0.233333,15.0908,0.231373,0.00868816,0.231373,-4.94593,0.231373,-5.15644,0.231373,-0.753856,0.231373,2.885,0.233333,0.0511903,0.231373,All
-12.1193,0.235294,15.0914,0.233333,0.00869024,0.233333,-4.94593,0.233333,-5.15624,0.233333,-0.753356,0.233333,2.88734,0.235294,0.0516133,0.233333,All
-12.0847,0.237255,15.0931,0.235294,0.00869039,0.235294,-4.94591,0.235294,-5.15604,0.235294,-0.751258,0.235294,2.88813,0.237255,0.051925,0.235294,All
-12.083,0.239216,15.0933,0.237255,0.00869282,0.237255,-4.94584,0.237255,-5.15514,0.237255,-0.750854,0.237255,2.89043,0.239216,0.0529257,0.237255,All
-12.0815,0.241176,15.0938,0.239216,0.0086959,0.239216,-4.94583,0.239216,-5.15497,0.239216,-0.746667,0.239216,2.89377,0.241176,0.0535223,0.239216,All
-12.0776,0.243137,15.095,0.241176,0.00869664,0.241176,-4.94566,0.241176,-5.15447,0.241176,-0.745439,0.241176,2.89591,0.243137,0.0536286,0.241176,All
-12.0317,0.245098,15.0971,0.243137,0.0086967,0.243137,-4.94562,0.243137,-5.1529,0.243137,-0.743649,0.243137,2.89672,0.245098,0.0538865,0.243137,All
-11.9752,0.247059,15.0987,0.245098,0.00869708,0.245098,-4.94559,0.245098,-5.14895,0.245098,-0.741376,0.245098,2.9046,0.247059,0.0539037,0.245098,All
-11.9638,0.24902,15.1,0.247059,0.00869934,0.247059,-4.94554,0.247059,-5.14865,0.247059,-0.739644,0.247059,2.90473,0.24902,0.0541041,0.247059,All
-11.9219,0.25098,15.1004,0.24902,0.00870119,0.24902,-4.94549,0.24902,-5.14721,0.24902,-0.73589,0.24902,2.90814,0.25098,0.0541479,0.24902,All
-11.92,0.252941,15.1027,0.25098,0.00870419,0.25098,-4.94548,0.25098,-5.14636,0.25098,-0.734413,0.25098,2.9184,0.252941,0.0550499,0.25098,All
-11.9137,0.254902,15.104,0.252941,0.00870496,0.252941,-4.94542,0.252941,-5.14612,0.252941,-0.733864,0.252941,2.92002,0.254902,0.0565566,0.252941,All
-11.8927,0.256863,15.1042,0.254902,0.00870892,0.254902,-4.94537,0.254902,-5.14359,0.254902,-0.733223,0.254902,2.92533,0.256863,0.0571853,0.254902,All
-11.8893,0.258824,15.1043,0.256863,0.00871435,0.256863,-4.94535,0.256863,-5.14082,0.256863,-0.732073,0.256863,2.92549,0.258824,0.0591842,0.256863,All
-11.8301,0.260784,15.105,0.258824,0.00871629,0.258824,-4.94534,0.258824,-5.13735,0.258824,-0.728952,0.258824,2.93341,0.260784,0.0592429,0.258824,All
-11.8265,0.262745,15.1057,0.260784,0.008718,0.260784,-4.94524,0.260784,-5.13354,0.260784,-0.727335,0.260784,2.9367,0.262745,0.0595022,0.260784,All
-11.8083,0.264706,15.1063,0.262745,0.00872053,0.262745,-4.94511,0.262745,-5.13034,0.262745,-0.726911,0.262745,2.9388,0.264706,0.0600251,0.262745,All
-11.7925,0.266667,15.1074,0.264706,0.00872159,0.264706,-4.94494,0.264706,-5.1284,0.264706,-0.725499,0.264706,2.94263,0.266667,0.0601954,0.264706,All
-11.7684,0.268627,15.1102,0.266667,0.00872226,0.266667,-4.94469,0.266667,-5.12073,0.266667,-0.721291,0.266667,2.94318,0.268627,0.0605125,0.266667,All
-11.7651,0.270588,15.1144,0.268627,0.00872271,0.268627,-4.94469,0.268627,-5.11776,0.268627,-0.721159,0.268627,2.94713,0.270588,0.061352,0.268627,All
-11.7635,0.272549,15.116,0.270588,0.00872302,0.270588,-4.94456,0.270588,-5.11552,0.270588,-0.721055,0.270588,2.94737,0.272549,0.0614598,0.270588,All
-11.7139,0.27451,15.1165,0.272549,0.00872576,0.272549,-4.94448,0.272549,-5.11413,0.272549,-0.716825,0.272549,2.9549,0.27451,0.0615929,0.272549,All
-11.7026,0.276471,15.1178,0.27451,0.00872842,0.27451,-4.94446,0.27451,-5.11148,0.27451,-0.716234,0.27451,2.97275,0.276471,0.061893,0.27451,All
-11.6953,0.278431,15.1204,0.276471,0.00873164,0.276471,-4.94436,0.276471,-5.10983,0.276471,-0.716081,0.276471,2.97897,0.278431,0.0621112,0.276471,All
-11.6896,0.280392,15.121,0.278431,0.00873235,0.278431,-4.94433,0.278431,-5.1097,0.278431,-0.701026,0.278431,2.9809,0.280392,0.0624049,0.278431,All
-11.6868,0.282353,15.1235,0.280392,0.00873258,0.280392,-4.9442,0.280392,-5.10763,0.280392,-0.700509,0.280392,2.98245,0.282353,0.0627709,0.280392,All
-11.6532,0.284314,15.1263,0.282353,0.00873364,0.282353,-4.94413,0.282353,-5.09878,0.282353,-0.696983,0.282353,2.9859,0.284314,0.0635988,0.282353,All
-11.6441,0.286275,15.1288,0.284314,0.00873534,0.284314,-4.94408,0.284314,-5.09753,0.284314,-0.696925,0.284314,2.98712,0.286275,0.0637876,0.284314,All
-11.6423,0.288235,15.1288,0.286275,0.00873712,0.286275,-4.94405,0.286275,-5.09642,0.286275,-0.695346,0.286275,2.98806,0.288235,0.0639688,0.286275,All
-11.6393,0.290196,15.1297,0.288235,0.00874747,0.288235,-4.94405,0.288235,-5.09491,0.288235,-0.693153,0.288235,2.99541,0.290196,0.0639984,0.288235,All
-11.6279,0.292157,15.1317,0.290196,0.00874885,0.290196,-4.94403,0.290196,-5.09411,0.290196,-0.693124,0.290196,2.99595,0.292157,0.0649485,0.290196,All
-11.6157,0.294118,15.1332,0.292157,0.00875092,0.292157,-4.94393,0.292157,-5.08815,0.292157,-0.691112,0.292157,3.00105,0.294118,0.0650194,0.292157,All
-11.5893,0.296078,15.1365,0.294118,0.00875115,0.294118,-4.94392,0.294118,-5.08017,0.294118,-0.690506,0.294118,3.00177,0.296078,0.0653458,0.294118,All
-11.5604,0.298039,15.1414,0.296078,0.00875274,0.296078,-4.94384,0.296078,-5.07985,0.296078,-0.6888,0.296078,3.0022,0.298039,0.0655616,0.296078,All
-11.5586,0.3,15.1443,0.298039,0.00875396,0.298039,-4.94375,0.298039,-5.07951,0.298039,-0.686787,0.298039,3.00271,0.3,0.0658642,0.298039,All
-11.5567,0.301961,15.1483,0.3,0.00875554,0.3,-4.94364,0.3,-5.07653,0.3,-0.68663,0.3,3.00365,0.301961,0.0661431,0.3,All
-11.5265,0.303922,15.1493,0.301961,0.00875692,0.301961,-4.94363,0.301961,-5.07235,0.301961,-0.686533,0.301961,3.00511,0.303922,0.0662212,0.301961,All
-11.5049,0.305882,15.1508,0.303922,0.00876203,0.303922,-4.9436,0.303922,-5.07219,0.303922,-0.68644,0.303922,3.00833,0.305882,0.0664059,0.303922,All
-11.5011,0.307843,15.1518,0.305882,0.00876275,0.305882,-4.94346,0.305882,-5.07204,0.305882,-0.68538,0.305882,3.01232,0.307843,0.0675759,0.305882,All
-11.4939,0.309804,15.1524,0.307843,0.00876476,0.307843,-4.94341,0.307843,-5.07116,0.307843,-0.684951,0.307843,3.01489,0.309804,0.067851,0.307843,All
-11.4482,0.311765,15.153,0.309804,0.00876704,0.309804,-4.94333,0.309804,-5.0698,0.309804,-0.680298,0.309804,3.01629,0.311765,0.0679703,0.309804,All
-11.4467,0.313725,15.1545,0.311765,0.00876707,0.311765,-4.94326,0.311765,-5.06674,0.311765,-0.677609,0.311765,3.01752,0.313725,0.0689268,0.311765,All
-11.4418,0.315686,15.159,0.313725,0.00877361,0.313725,-4.94316,0.313725,-5.06222,0.313725,-0.676156,0.313725,3.02368,0.315686,0.0692236,0.313725,All
-11.4362,0.317647,15.159,0.315686,0.0087763,0.315686,-4.94309,0.315686,-5.06064,0.315686,-0.675683,0.315686,3.02612,0.317647,0.06936,0.315686,All
-11.4257,0.319608,15.1638,0.317647,0.00877663,0.317647,-4.94308,0.317647,-5.05871,0.317647,-0.675676,0.317647,3.03173,0.319608,0.0695118,0.317647,All
-11.4244,0.321569,15.1647,0.319608,0.00877885,0.319608,-4.94308,0.319608,-5.05145,0.319608,-0.674774,0.319608,3.03183,0.321569,0.0695351,0.319608,All
-11.4239,0.323529,15.1704,0.321569,0.00878396,0.321569,-4.94308,0.321569,-5.05044,0.321569,-0.674652,0.321569,3.04722,0.323529,0.0696298,0.321569,All
-11.4174,0.32549,15.172,0.323529,0.00878512,0.323529,-4.94303,0.323529,-5.04669,0.323529,-0.671457,0.323529,3.04993,0.32549,0.0698629,0.323529,All
-11.4044,0.327451,15.1726,0.32549,0.0087856,0.32549,-4.94302,0.32549,-5.04568,0.32549,-0.667153,0.32549,3.05433,0.327451,0.0701114,0.32549,All
-11.3941,0.329412,15.1755,0.327451,0.00878573,0.327451,-4.94297,0.327451,-5.04201,0.327451,-0.666904,0.327451,3.05889,0.329412,0.0704584,0.327451,All
-11.3785,0.331373,15.1756,0.329412,0.00878638,0.329412,-4.94294,0.329412,-5.04168,0.329412,-0.663521,0.329412,3.06113,0.331373,0.0704772,0.329412,All
-11.3691,0.333333,15.176,0.331373,0.00878668,0.331373,-4.94294,0.331373,-5.03899,0.331373,-0.663066,0.331373,3.07174,0.333333,0.0710597,0.331373,All
-11.3657,0.335294,15.1761,0.333333,0.00878732,0.333333,-4.94284,0.333333,-5.03291,0.333333,-0.660398,0.333333,3.07616,0.335294,0.0717203,0.333333,All
-11.3441,0.337255,15.1776,0.335294,0.00878778,0.335294,-4.94281,0.335294,-5.02786,0.335294,-0.660333,0.335294,3.07784,0.337255,0.0722802,0.335294,All
-11.3406,0.339216,15.1805,0.337255,0.00878921,0.337255,-4.94281,0.337255,-5.02685,0.337255,-0.658751,0.337255,3.07999,0.339216,0.0724641,0.337255,All
-11.3355,0.341176,15.1831,0.339216,0.00879079,0.339216,-4.94276,0.339216,-5.02329,0.339216,-0.658251,0.339216,3.09502,0.341176,0.07269,0.339216,All
-11.3253,0.343137,15.1841,0.341176,0.00879121,0.341176,-4.94272,0.341176,-5.02295,0.341176,-0.657201,0.341176,3.0958,0.343137,0.0730665,0.341176,All
-11.3179,0.345098,15.1865,0.343137,0.0087914,0.343137,-4.94271,0.343137,-5.02225,0.343137,-0.656432,0.343137,3.10127,0.345098,0.0732021,0.343137,All
-11.2927,0.347059,15.189,0.345098,0.00879229,0.345098,-4.94269,0.345098,-5.02186,0.345098,-0.655117,0.345098,3.10342,0.347059,0.0732407,0.345098,All
-11.2762,0.34902,15.1905,0.347059,0.00879301,0.347059,-4.94268,0.347059,-5.01724,0.347059,-0.654888,0.347059,3.10546,0.34902,0.0732777,0.347059,All
-11.2518,0.35098,15.191,0.34902,0.00879388,0.34902,-4.94266,0.34902,-5.01639,0.34902,-0.651274,0.34902,3.1087,0.35098,0.0736044,0.34902,All
-11.2381,0.352941,15.193,0.35098,0.0087945,0.35098,-4.94261,0.35098,-5.01316,0.35098,-0.64929,0.35098,3.11632,0.352941,0.0746043,0.35098,All
-11.2199,0.354902,15.1957,0.352941,0.00879521,0.352941,-4.94257,0.352941,-5.01153,0.352941,-0.646435,0.352941,3.11965,0.354902,0.0755415,0.352941,All
-11.2141,0.356863,15.1967,0.354902,0.0087954,0.354902,-4.94256,0.354902,-5.01136,0.354902,-0.646084,0.354902,3.12044,0.356863,0.0761441,0.354902,All
-11.2129,0.358824,15.1977,0.356863,0.0087963,0.356863,-4.9425,0.356863,-5.00839,0.356863,-0.645815,0.356863,3.12071,0.358824,0.0763273,0.356863,All
-11.1427,0.360784,15.1979,0.358824,0.0087972,0.358824,-4.94249,0.358824,-5.00558,0.358824,-0.645711,0.358824,3.12175,0.360784,0.0770802,0.358824,All
-11.1221,0.362745,15.2005,0.360784,0.00879991,0.360784,-4.94226,0.360784,-5.00444,0.360784,-0.643253,0.360784,3.12653,0.362745,0.0771559,0.360784,All
-11.1083,0.364706,15.2051,0.362745,0.00880069,0.362745,-4.9422,0.362745,-4.99858,0.362745,-0.64101,0.362745,3.1295,0.364706,0.0786447,0.362745,All
-11.0992,0.366667,15.2082,0.364706,0.00880276,0.364706,-4.94219,0.364706,-4.99789,0.364706,-0.639245,0.364706,3.12965,0.366667,0.0791185,0.364706,All
-11.0848,0.368627,15.2112,0.366667,0.0088077,0.366667,-4.94211,0.366667,-4.99303,0.366667,-0.637616,0.366667,3.13149,0.368627,0.0802416,0.366667,All
-11.0575,0.370588,15.2121,0.368627,0.00880782,0.368627,-4.94207,0.368627,-4.98763,0.368627,-0.637574,0.368627,3.13829,0.370588,0.080598,0.368627,All
-11.0508,0.372549,15.2202,0.370588,0.00880959,0.370588,-4.94203,0.370588,-4.97947,0.370588,-0.636614,0.370588,3.13846,0.372549,0.0810242,0.370588,All
-11.0439,0.37451,15.2249,0.372549,0.00881166,0.372549,-4.94201,0.372549,-4.97929,0.372549,-0.632525,0.372549,3.13993,0.37451,0.0814813,0.372549,All
-11.0299,0.376471,15.2262,0.37451,0.00881332,0.37451,-4.94193,0.37451,-4.97626,0.37451,-0.62975,0.37451,3.14226,0.376471,0.08208,0.37451,All
-10.9706,0.378431,15.2267,0.376471,0.00881548,0.376471,-4.94186,0.376471,-4.97197,0.376471,-0.627801,0.376471,3.14246,0.378431,0.0821072,0.376471,All
-10.9566,0.380392,15.2333,0.378431,0.00881589,0.378431,-4.94179,0.378431,-4.96591,0.378431,-0.62719,0.378431,3.14608,0.380392,0.0823068,0.378431,All
-10.9,0.382353,15.2344,0.380392,0.00881725,0.380392,-4.94179,0.380392,-4.9644,0.380392,-0.624652,0.380392,3.16099,0.382353,0.0823827,0.380392,All
-10.8517,0.384314,15.2345,0.382353,0.00881878,0.382353,-4.94179,0.382353,-4.9642,0.382353,-0.624459,0.382353,3.16271,0.384314,0.0825509,0.382353,All
-10.8507,0.386275,15.2362,0.384314,0.00881885,0.384314,-4.94178,0.384314,-4.96223,0.384314,-0.623007,0.384314,3.16412,0.386275,0.0831898,0.384314,All
-10.8243,0.388235,15.2363,0.386275,0.00881905,0.386275,-4.94177,0.386275,-4.95677,0.386275,-0.621927,0.386275,3.16645,0.388235,0.0834667,0.386275,All
-10.824,0.390196,15.2368,0.388235,0.00882051,0.388235,-4.94176,0.388235,-4.95632,0.388235,-0.61929,0.388235,3.16902,0.390196,0.0834873,0.388235,All
-10.8104,0.392157,15.2387,0.390196,0.00882352,0.390196,-4.94176,0.390196,-4.95554,0.390196,-0.612558,0.390196,3.17592,0.392157,0.0838698,0.390196,All
-10.7981,0.394118,15.2391,0.392157,0.00882631,0.392157,-4.94176,0.392157,-4.95524,0.392157,-0.612431,0.392157,3.17705,0.394118,0.0839106,0.392157,All
-10.7971,0.396078,15.2417,0.394118,0.00882748,0.394118,-4.9417,0.394118,-4.94666,0.394118,-0.612371,0.394118,3.1799,0.396078,0.0842965,0.394118,All
-10.7671,0.398039,15.2417,0.396078,0.00883223,0.396078,-4.9416,0.396078,-4.94461,0.396078,-0.609028,0.396078,3.18164,0.398039,0.0849104,0.396078,All
-10.7356,0.4,15.243,0.398039,0.00883242,0.398039,-4.94159,0.398039,-4.94227,0.398039,-0.608355,0.398039,3.18574,0.4,0.0850258,0.398039,All
-10.7266,0.401961,15.2439,0.4,0.00883323,0.4,-4.94156,0.4,-4.9403,0.4,-0.606252,0.4,3.18619,0.401961,0.0867639,0.4,All
-10.7263,0.403922,15.2439,0.401961,0.00883338,0.401961,-4.94155,0.401961,-4.93936,0.401961,-0.603842,0.401961,3.18935,0.403922,0.0867807,0.401961,All
-10.6985,0.405882,15.2441,0.403922,0.00883625,0.403922,-4.94152,0.403922,-4.93842,0.403922,-0.601095,0.403922,3.20981,0.405882,0.0876868,0.403922,All
-10.6929,0.407843,15.2442,0.405882,0.00883644,0.405882,-4.9415,0.405882,-4.93734,0.405882,-0.598881,0.405882,3.20994,0.407843,0.0877894,0.405882,All
-10.6086,0.409804,15.2445,0.407843,0.00883795,0.407843,-4.94144,0.407843,-4.93245,0.407843,-0.59613,0.407843,3.211,0.409804,0.0877948,0.407843,All
-10.6025,0.411765,15.2454,0.409804,0.00883897,0.409804,-4.94137,0.409804,-4.928,0.409804,-0.593382,0.409804,3.21225,0.411765,0.088066,0.409804,All
-10.6019,0.413725,15.2457,0.411765,0.00883946,0.411765,-4.9413,0.411765,-4.92588,0.411765,-0.591599,0.411765,3.2131,0.413725,0.0884465,0.411765,All
-10.5976,0.415686,15.2461,0.413725,0.00884051,0.413725,-4.94123,0.413725,-4.92501,0.413725,-0.590138,0.413725,3.21314,0.415686,0.0897687,0.413725,All
-10.5861,0.417647,15.2465,0.415686,0.00884066,0.415686,-4.94121,0.415686,-4.92022,0.415686,-0.588665,0.415686,3.21357,0.417647,0.0913255,0.415686,All
-10.5665,0.419608,15.2471,0.417647,0.00884716,0.417647,-4.94096,0.417647,-4.91424,0.417647,-0.586259,0.417647,3.21583,0.419608,0.0934347,0.417647,All
-10.5634,0.421569,15.2481,0.419608,0.00884732,0.419608,-4.94096,0.419608,-4.91168,0.419608,-0.586253,0.419608,3.21678,0.421569,0.0938054,0.419608,All
-10.537,0.423529,15.2482,0.421569,0.0088483,0.421569,-4.94087,0.421569,-4.91094,0.421569,-0.585366,0.421569,3.2173,0.423529,0.0942033,0.421569,All
-10.4994,0.42549,15.2486,0.423529,0.00884835,0.423529,-4.94075,0.423529,-4.90909,0.423529,-0.584673,0.423529,3.22212,0.42549,0.0943949,0.423529,All
-10.4902,0.427451,15.2496,0.42549,0.0088486,0.42549,-4.94075,0.42549,-4.90343,0.42549,-0.584151,0.42549,3.22821,0.427451,0.0946803,0.42549,All
-10.4864,0.429412,15.2507,0.427451,0.00884977,0.427451,-4.94072,0.427451,-4.9032,0.427451,-0.583844,0.427451,3.22985,0.429412,0.0952773,0.427451,All
-10.4775,0.431373,15.2521,0.429412,0.00885094,0.429412,-4.94067,0.429412,-4.89944,0.429412,-0.583799,0.429412,3.23111,0.431373,0.095761,0.429412,All
-10.4416,0.433333,15.253,0.431373,0.00885108,0.431373,-4.94064,0.431373,-4.8958,0.431373,-0.582084,0.431373,3.23257,0.433333,0.0966704,0.431373,All
-10.4387,0.435294,15.2531,0.433333,0.00885632,0.433333,-4.94058,0.433333,-4.89521,0.433333,-0.579626,0.433333,3.23738,0.435294,0.0972944,0.433333,All
-10.4259,0.437255,15.254,0.435294,0.00885956,0.435294,-4.94049,0.435294,-4.89152,0.435294,-0.578681,0.435294,3.23833,0.437255,0.0980224,0.435294,All
-10.4182,0.439216,15.2542,0.437255,0.00886001,0.437255,-4.94046,0.437255,-4.88716,0.437255,-0.578328,0.437255,3.23976,0.439216,0.0981374,0.437255,All
-10.4069,0.441176,15.2556,0.439216,0.00886225,0.439216,-4.94044,0.439216,-4.8851,0.439216,-0.57574,0.439216,3.2536,0.441176,0.0990629,0.439216,All
-10.405,0.443137,15.257,0.441176,0.00886956,0.441176,-4.94034,0.441176,-4.88139,0.441176,-0.575397,0.441176,3.26291,0.443137,0.100084,0.441176,All
-10.3661,0.445098,15.2571,0.443137,0.00887001,0.443137,-4.9403,0.443137,-4.88016,0.443137,-0.575345,0.443137,3.26453,0.445098,0.10123,0.443137,All
-10.3498,0.447059,15.2575,0.445098,0.00887136,0.445098,-4.94028,0.445098,-4.87702,0.445098,-0.575064,0.445098,3.26505,0.447059,0.103002,0.445098,All
-10.3485,0.44902,15.2576,0.447059,0.0088723,0.447059,-4.94023,0.447059,-4.875,0.447059,-0.570598,0.447059,3.2669,0.44902,0.103767,0.447059,All
-10.3467,0.45098,15.258,0.44902,0.00887788,0.44902,-4.94023,0.44902,-4.87395,0.44902,-0.569021,0.44902,3.26792,0.45098,0.105127,0.44902,All
-10.3093,0.452941,15.2583,0.45098,0.00887892,0.45098,-4.94019,0.45098,-4.87163,0.45098,-0.568584,0.45098,3.26795,0.452941,0.105455,0.45098,All
-10.3038,0.454902,15.2609,0.452941,0.00888246,0.452941,-4.93999,0.452941,-4.87089,0.452941,-0.567994,0.452941,3.26914,0.454902,0.105692,0.452941,All
-10.2861,0.456863,15.261,0.454902,0.00888377,0.454902,-4.93997,0.454902,-4.86869,0.454902,-0.564397,0.454902,3.27877,0.456863,0.106146,0.454902,All
-10.2693,0.458824,15.2641,0.456863,0.00888567,0.456863,-4.93996,0.456863,-4.86597,0.456863,-0.563277,0.456863,3.28884,0.458824,0.106296,0.456863,All
-10.2412,0.460784,15.2643,0.458824,0.00888592,0.458824,-4.93989,0.458824,-4.8574,0.458824,-0.562128,0.458824,3.2893,0.460784,0.106473,0.458824,All
-10.2194,0.462745,15.266,0.460784,0.00888604,0.460784,-4.93981,0.460784,-4.8541,0.460784,-0.561175,0.460784,3.29336,0.462745,0.109701,0.460784,All
-10.1865,0.464706,15.2709,0.462745,0.00888621,0.462745,-4.93979,0.462745,-4.85281,0.462745,-0.555283,0.462745,3.29586,0.464706,0.109896,0.462745,All
-10.1513,0.466667,15.2709,0.464706,0.00888742,0.464706,-4.93979,0.464706,-4.85106,0.464706,-0.555018,0.464706,3.2987,0.466667,0.110026,0.464706,All
-10.1438,0.468627,15.2725,0.466667,0.00888916,0.466667,-4.93978,0.466667,-4.83906,0.466667,-0.553725,0.466667,3.29968,0.468627,0.110498,0.466667,All
-10.124,0.470588,15.2729,0.468627,0.00888974,0.468627,-4.93974,0.468627,-4.83848,0.468627,-0.553464,0.468627,3.29973,0.470588,0.111175,0.468627,All
-10.1049,0.472549,15.2748,0.470588,0.00889052,0.470588,-4.93956,0.470588,-4.83287,0.470588,-0.552512,0.470588,3.30593,0.472549,0.112075,0.470588,All
-10.0973,0.47451,15.2761,0.472549,0.00889107,0.472549,-4.93934,0.472549,-4.83157,0.472549,-0.550162,0.472549,3.31194,0.47451,0.113201,0.472549,All
-10.0772,0.476471,15.2767,0.47451,0.00889711,0.47451,-4.93929,0.47451,-4.82946,0.47451,-0.549473,0.47451,3.31836,0.476471,0.114155,0.47451,All
-10.0486,0.478431,15.2783,0.476471,0.00890074,0.476471,-4.93926,0.476471,-4.82871,0.476471,-0.548805,0.476471,3.32655,0.478431,0.114527,0.476471,All
-10.0317,0.480392,15.2798,0.478431,0.00890829,0.478431,-4.93925,0.478431,-4.82437,0.478431,-0.545675,0.478431,3.32965,0.480392,0.115559,0.478431,All
-10.0314,0.482353,15.2807,0.480392,0.00890955,0.480392,-4.9392,0.480392,-4.81441,0.480392,-0.545667,0.480392,3.34033,0.482353,0.116162,0.480392,All
-10.0281,0.484314,15.2824,0.482353,0.00890968,0.482353,-4.93907,0.482353,-4.80907,0.482353,-0.544578,0.482353,3.34573,0.484314,0.116667,0.482353,All
-10.0253,0.486275,15.2827,0.484314,0.00891104,0.484314,-4.93901,0.484314,-4.80802,0.484314,-0.541991,0.484314,3.34688,0.486275,0.116825,0.484314,All
-10.0203,0.488235,15.2839,0.486275,0.00891111,0.486275,-4.93901,0.486275,-4.80625,0.486275,-0.53985,0.486275,3.35295,0.488235,0.116915,0.486275,All
-9.98282,0.490196,15.2841,0.488235,0.00891303,0.488235,-4.93901,0.488235,-4.80271,0.488235,-0.539801,0.488235,3.35422,0.490196,0.117434,0.488235,All
-9.95492,0.492157,15.2849,0.490196,0.00891351,0.490196,-4.93896,0.490196,-4.79803,0.490196,-0.539553,0.490196,3.35492,0.492157,0.11818,0.490196,All
-9.93903,0.494118,15.2862,0.492157,0.00891411,0.492157,-4.93884,0.492157,-4.79665,0.492157,-0.537549,0.492157,3.35738,0.494118,0.118354,0.492157,All
-9.93855,0.496078,15.2867,0.494118,0.00891645,0.494118,-4.93882,0.494118,-4.79482,0.494118,-0.536923,0.494118,3.36016,0.496078,0.118865,0.494118,All
-9.93336,0.498039,15.2902,0.496078,0.00891646,0.496078,-4.93878,0.496078,-4.79122,0.496078,-0.53544,0.496078,3.38168,0.498039,0.120308,0.496078,All
-9.9313,0.5,15.2905,0.498039,0.00891706,0.498039,-4.93876,0.498039,-4.78842,0.498039,-0.534237,0.498039,3.38282,0.5,0.120823,0.498039,All
-9.92128,0.501961,15.2906,0.5,0.00891721,0.5,-4.93876,0.5,-4.78653,0.5,-0.532705,0.5,3.38647,0.501961,0.121868,0.5,All
-9.91493,0.503922,15.2976,0.501961,0.00891982,0.501961,-4.93874,0.501961,-4.78621,0.501961,-0.532405,0.501961,3.38654,0.503922,0.122451,0.501961,All
-9.90197,0.505882,15.2989,0.503922,0.00892105,0.503922,-4.93874,0.503922,-4.78062,0.503922,-0.532384,0.503922,3.3883,0.505882,0.122907,0.503922,All
-9.87542,0.507843,15.2997,0.505882,0.0089238,0.505882,-4.93873,0.505882,-4.78058,0.505882,-0.532102,0.505882,3.39048,0.507843,0.123044,0.505882,All
-9.8749,0.509804,15.3,0.507843,0.00892498,0.507843,-4.93872,0.507843,-4.77839,0.507843,-0.529795,0.507843,3.39164,0.509804,0.124404,0.507843,All
-9.87336,0.511765,15.3049,0.509804,0.00892511,0.509804,-4.93869,0.509804,-4.7743,0.509804,-0.528089,0.509804,3.39294,0.511765,0.125086,0.509804,All
-9.85748,0.513725,15.3066,0.511765,0.00892519,0.511765,-4.93868,0.511765,-4.77151,0.511765,-0.525557,0.511765,3.39994,0.513725,0.126243,0.511765,All
-9.85052,0.515686,15.3081,0.513725,0.00892857,0.513725,-4.93867,0.513725,-4.76398,0.513725,-0.524537,0.513725,3.40502,0.515686,0.126949,0.513725,All
-9.83895,0.517647,15.3088,0.515686,0.00893187,0.515686,-4.93861,0.515686,-4.76327,0.515686,-0.522756,0.515686,3.40719,0.517647,0.12787,0.515686,All
-9.82537,0.519608,15.3107,0.517647,0.00893341,0.517647,-4.93856,0.517647,-4.76315,0.517647,-0.522038,0.517647,3.41153,0.519608,0.12807,0.517647,All
-9.81574,0.521569,15.3126,0.519608,0.00893399,0.519608,-4.93852,0.519608,-4.76241,0.519608,-0.52131,0.519608,3.4123,0.521569,0.129046,0.519608,All
-9.81349,0.523529,15.3126,0.521569,0.00893408,0.521569,-4.93851,0.521569,-4.76069,0.521569,-0.520992,0.521569,3.41252,0.523529,0.129598,0.521569,All
-9.79653,0.52549,15.3139,0.523529,0.0089357,0.523529,-4.93847,0.523529,-4.75892,0.523529,-0.519294,0.523529,3.41371,0.52549,0.129735,0.523529,All
-9.75663,0.527451,15.315,0.52549,0.00893604,0.52549,-4.93845,0.52549,-4.75761,0.52549,-0.513353,0.52549,3.4189,0.527451,0.130473,0.52549,All
-9.74529,0.529412,15.3156,0.527451,0.00893629,0.527451,-4.93841,0.527451,-4.75355,0.527451,-0.511114,0.527451,3.41945,0.529412,0.130645,0.527451,All
-9.66597,0.531373,15.3156,0.529412,0.00893681,0.529412,-4.93836,0.529412,-4.75203,0.529412,-0.509441,0.529412,3.42231,0.531373,0.130895,0.529412,All
-9.65814,0.533333,15.3165,0.531373,0.00893889,0.531373,-4.93835,0.531373,-4.75155,0.531373,-0.505792,0.531373,3.4251,0.533333,0.131164,0.531373,All
-9.61966,0.535294,15.3173,0.533333,0.00893931,0.533333,-4.93833,0.533333,-4.75081,0.533333,-0.504994,0.533333,3.42656,0.535294,0.131212,0.533333,All
-9.6061,0.537255,15.3191,0.535294,0.00893966,0.535294,-4.9383,0.535294,-4.74806,0.535294,-0.502878,0.535294,3.43974,0.537255,0.131275,0.535294,All
-9.6052,0.539216,15.3256,0.537255,0.00893993,0.537255,-4.93822,0.537255,-4.74279,0.537255,-0.502435,0.537255,3.44213,0.539216,0.131817,0.537255,All
-9.60312,0.541176,15.3275,0.539216,0.00894221,0.539216,-4.93805,0.539216,-4.74265,0.539216,-0.501225,0.539216,3.44401,0.541176,0.132172,0.539216,All
-9.59492,0.543137,15.3287,0.541176,0.008943,0.541176,-4.9379,0.541176,-4.74129,0.541176,-0.501191,0.541176,3.45293,0.543137,0.132195,0.541176,All
-9.57964,0.545098,15.3293,0.543137,0.00894361,0.543137,-4.93786,0.543137,-4.73849,0.543137,-0.500123,0.543137,3.454,0.545098,0.132794,0.543137,All
-9.56954,0.547059,15.3312,0.545098,0.00894507,0.545098,-4.93786,0.545098,-4.73383,0.545098,-0.499581,0.545098,3.45437,0.547059,0.133574,0.545098,All
-9.56586,0.54902,15.3314,0.547059,0.00894532,0.547059,-4.93785,0.547059,-4.73231,0.547059,-0.499446,0.547059,3.45992,0.54902,0.133575,0.547059,All
-9.51631,0.55098,15.3316,0.54902,0.00894576,0.54902,-4.93783,0.54902,-4.72883,0.54902,-0.498353,0.54902,3.46008,0.55098,0.134925,0.54902,All
-9.50022,0.552941,15.3329,0.55098,0.00894845,0.55098,-4.93782,0.55098,-4.72678,0.55098,-0.496523,0.55098,3.46174,0.552941,0.13558,0.55098,All
-9.50004,0.554902,15.3331,0.552941,0.00894887,0.552941,-4.9377,0.552941,-4.72461,0.552941,-0.496316,0.552941,3.46776,0.554902,0.135663,0.552941,All
-9.49365,0.556863,15.3398,0.554902,0.00894894,0.554902,-4.93766,0.554902,-4.72459,0.554902,-0.489366,0.554902,3.47536,0.556863,0.135666,0.554902,All
-9.46459,0.558824,15.3431,0.556863,0.00895055,0.556863,-4.9376,0.556863,-4.72132,0.556863,-0.488997,0.556863,3.47672,0.558824,0.13571,0.556863,All
-9.46211,0.560784,15.345,0.558824,0.00895531,0.558824,-4.93756,0.558824,-4.71809,0.558824,-0.487723,0.558824,3.47844,0.560784,0.136024,0.558824,All
-9.45555,0.562745,15.3467,0.560784,0.00895757,0.560784,-4.93752,0.560784,-4.71571,0.560784,-0.486258,0.560784,3.48079,0.562745,0.137004,0.560784,All
-9.45543,0.564706,15.3489,0.562745,0.00895946,0.562745,-4.93744,0.562745,-4.71556,0.562745,-0.484357,0.562745,3.48178,0.564706,0.137306,0.562745,All
-9.44789,0.566667,15.3493,0.564706,0.00896132,0.564706,-4.93742,0.564706,-4.71453,0.564706,-0.484268,0.564706,3.48372,0.566667,0.138865,0.564706,All
-9.44169,0.568627,15.3518,0.566667,0.00896258,0.566667,-4.93739,0.566667,-4.7135,0.566667,-0.483432,0.566667,3.48493,0.568627,0.13897,0.566667,All
-9.4299,0.570588,15.3525,0.568627,0.00896299,0.568627,-4.93729,0.568627,-4.71035,0.568627,-0.48267,0.568627,3.49392,0.570588,0.139061,0.568627,All
-9.40765,0.572549,15.3544,0.570588,0.00896412,0.570588,-4.93728,0.570588,-4.71032,0.570588,-0.481237,0.570588,3.4945,0.572549,0.139118,0.570588,All
-9.40352,0.57451,15.3544,0.572549,0.00896475,0.572549,-4.93715,0.572549,-4.70997,0.572549,-0.481056,0.572549,3.49584,0.57451,0.139977,0.572549,All
-9.39864,0.576471,15.3556,0.57451,0.00896751,0.57451,-4.93699,0.57451,-4.708,0.57451,-0.48086,0.57451,3.49732,0.576471,0.14063,0.57451,All
-9.3823,0.578431,15.3581,0.576471,0.00896832,0.576471,-4.93698,0.576471,-4.70734,0.576471,-0.479942,0.576471,3.49777,0.578431,0.140634,0.576471,All
-9.33976,0.580392,15.3638,0.578431,0.00897018,0.578431,-4.93697,0.578431,-4.70664,0.578431,-0.478841,0.578431,3.49852,0.580392,0.141531,0.578431,All
-9.33421,0.582353,15.3652,0.580392,0.0089734,0.580392,-4.93687,0.580392,-4.70542,0.580392,-0.478747,0.580392,3.50464,0.582353,0.141824,0.580392,All
-9.31409,0.584314,15.3656,0.582353,0.00897357,0.582353,-4.93686,0.582353,-4.70415,0.582353,-0.47837,0.582353,3.51361,0.584314,0.141839,0.582353,All
-9.31176,0.586275,15.3659,0.584314,0.00897433,0.584314,-4.93683,0.584314,-4.70371,0.584314,-0.476511,0.584314,3.51417,0.586275,0.141895,0.584314,All
-9.30699,0.588235,15.3676,0.586275,0.00897633,0.586275,-4.93667,0.586275,-4.69989,0.586275,-0.470857,0.586275,3.51837,0.588235,0.142123,0.586275,All
-9.29008,0.590196,15.3676,0.588235,0.00897637,0.588235,-4.93662,0.588235,-4.69987,0.588235,-0.469371,0.588235,3.523,0.590196,0.143105,0.588235,All
-9.28758,0.592157,15.3701,0.590196,0.00898029,0.590196,-4.93659,0.590196,-4.69412,0.590196,-0.465855,0.590196,3.52574,0.592157,0.143503,0.590196,All
-9.26099,0.594118,15.3706,0.592157,0.00898932,0.592157,-4.93658,0.592157,-4.69151,0.592157,-0.463737,0.592157,3.52758,0.594118,0.145259,0.592157,All
-9.25548,0.596078,15.3711,0.594118,0.00898984,0.594118,-4.93653,0.594118,-4.69022,0.594118,-0.457587,0.594118,3.54194,0.596078,0.145503,0.594118,All
-9.2308,0.598039,15.3753,0.596078,0.00899037,0.596078,-4.93644,0.596078,-4.68811,0.596078,-0.456221,0.596078,3.54693,0.598039,0.145724,0.596078,All
-9.21417,0.6,15.3768,0.598039,0.00899158,0.598039,-4.93634,0.598039,-4.67901,0.598039,-0.456008,0.598039,3.54778,0.6,0.146242,0.598039,All
-9.21365,0.601961,15.3786,0.6,0.00899456,0.6,-4.93633,0.6,-4.67388,0.6,-0.455394,0.6,3.54809,0.601961,0.146476,0.6,All
-9.20369,0.603922,15.3793,0.601961,0.00899465,0.601961,-4.93628,0.601961,-4.67173,0.601961,-0.453868,0.601961,3.54983,0.603922,0.150667,0.601961,All
-9.19765,0.605882,15.3806,0.603922,0.00899629,0.603922,-4.93628,0.603922,-4.67087,0.603922,-0.451976,0.603922,3.55083,0.605882,0.150844,0.603922,All
-9.1741,0.607843,15.3808,0.605882,0.00899714,0.605882,-4.93625,0.605882,-4.66734,0.605882,-0.449798,0.605882,3.55703,0.607843,0.150912,0.605882,All
-9.17094,0.609804,15.3828,0.607843,0.00899948,0.607843,-4.93623,0.607843,-4.65785,0.607843,-0.449778,0.607843,3.56877,0.609804,0.152094,0.607843,All
-9.15084,0.611765,15.3842,0.609804,0.00900045,0.609804,-4.93616,0.609804,-4.65673,0.609804,-0.447712,0.609804,3.56893,0.611765,0.152524,0.609804,All
-9.13149,0.613725,15.3885,0.611765,0.00900054,0.611765,-4.93606,0.611765,-4.65563,0.611765,-0.447235,0.611765,3.57234,0.613725,0.152869,0.611765,All
-9.12494,0.615686,15.3898,0.613725,0.009001,0.613725,-4.93601,0.613725,-4.65491,0.613725,-0.444744,0.613725,3.57477,0.615686,0.153641,0.613725,All
-9.11959,0.617647,15.3901,0.615686,0.00900216,0.615686,-4.936,0.615686,-4.65421,0.615686,-0.444589,0.615686,3.57804,0.617647,0.154786,0.615686,All
-9.10513,0.619608,15.395,0.617647,0.00900388,0.617647,-4.93589,0.617647,-4.65156,0.617647,-0.442962,0.617647,3.59047,0.619608,0.158878,0.617647,All
-9.08129,0.621569,15.3954,0.619608,0.00900757,0.619608,-4.93589,0.619608,-4.64954,0.619608,-0.442902,0.619608,3.59161,0.621569,0.158977,0.619608,All
-9.07736,0.623529,15.3977,0.621569,0.00900782,0.621569,-4.93588,0.621569,-4.64537,0.621569,-0.440538,0.621569,3.59633,0.623529,0.159502,0.621569,All
-9.05871,0.62549,15.3982,0.623529,0.00900863,0.623529,-4.93583,0.623529,-4.63718,0.623529,-0.440348,0.623529,3.60022,0.62549,0.159703,0.623529,All
-9.03165,0.627451,15.3984,0.62549,0.00901122,0.62549,-4.93581,0.62549,-4.63621,0.62549,-0.43902,0.62549,3.60425,0.627451,0.160973,0.62549,All
-9.02746,0.629412,15.3996,0.627451,0.00901174,0.627451,-4.93579,0.627451,-4.63572,0.627451,-0.437283,0.627451,3.60771,0.629412,0.161163,0.627451,All
-9.02164,0.631373,15.4002,0.629412,0.00901184,0.629412,-4.9357,0.629412,-4.63452,0.629412,-0.436451,0.629412,3.60997,0.631373,0.161173,0.629412,All
-9.00762,0.633333,15.4022,0.631373,0.0090149,0.631373,-4.9357,0.631373,-4.63389,0.631373,-0.432478,0.631373,3.61104,0.633333,0.161477,0.631373,All
-9.00753,0.635294,15.4049,0.633333,0.00901628,0.633333,-4.93569,0.633333,-4.63212,0.633333,-0.43089,0.633333,3.61359,0.635294,0.163337,0.633333,All
-9.00032,0.637255,15.4066,0.635294,0.00902248,0.635294,-4.93567,0.635294,-4.62768,0.635294,-0.429437,0.635294,3.62366,0.637255,0.163868,0.635294,All
-8.99927,0.639216,15.409,0.637255,0.00902548,0.637255,-4.93566,0.637255,-4.62137,0.637255,-0.429366,0.637255,3.62839,0.639216,0.163958,0.637255,All
-8.98783,0.641176,15.4124,0.639216,0.0090259,0.639216,-4.93563,0.639216,-4.621,0.639216,-0.428075,0.639216,3.63017,0.641176,0.163967,0.639216,All
-8.93558,0.643137,15.418,0.641176,0.00902623,0.641176,-4.93562,0.641176,-4.6174,0.641176,-0.427391,0.641176,3.63798,0.643137,0.16453,0.641176,All
-8.92958,0.645098,15.4198,0.643137,0.00902883,0.643137,-4.93555,0.643137,-4.61538,0.643137,-0.425584,0.643137,3.64366,0.645098,0.164692,0.643137,All
-8.90092,0.647059,15.4203,0.645098,0.00903153,0.645098,-4.93553,0.645098,-4.6143,0.645098,-0.422686,0.645098,3.64444,0.647059,0.164959,0.645098,All
-8.88872,0.64902,15.4207,0.647059,0.00903336,0.647059,-4.93548,0.647059,-4.61398,0.647059,-0.42074,0.647059,3.65329,0.64902,0.165081,0.647059,All
-8.88646,0.65098,15.421,0.64902,0.00903602,0.64902,-4.93543,0.64902,-4.61172,0.64902,-0.419195,0.64902,3.65346,0.65098,0.167065,0.64902,All
-8.85564,0.652941,15.4213,0.65098,0.00903825,0.65098,-4.93542,0.65098,-4.61034,0.65098,-0.41774,0.65098,3.6535,0.652941,0.168797,0.65098,All
-8.82054,0.654902,15.4215,0.652941,0.00903871,0.652941,-4.93534,0.652941,-4.60753,0.652941,-0.41586,0.652941,3.65924,0.654902,0.169528,0.652941,All
-8.82002,0.656863,15.4237,0.654902,0.00904206,0.654902,-4.93533,0.654902,-4.60574,0.654902,-0.41351,0.654902,3.65996,0.656863,0.170615,0.654902,All
-8.81493,0.658824,15.4277,0.656863,0.00904369,0.656863,-4.93528,0.656863,-4.60402,0.656863,-0.411248,0.656863,3.66073,0.658824,0.171501,0.656863,All
-8.80422,0.660784,15.4361,0.658824,0.00905241,0.658824,-4.93528,0.658824,-4.60107,0.658824,-0.411029,0.658824,3.67037,0.660784,0.176987,0.658824,All
-8.8014,0.662745,15.4361,0.660784,0.00905279,0.660784,-4.9351,0.660784,-4.60093,0.660784,-0.410561,0.660784,3.67523,0.662745,0.179844,0.660784,All
-8.7787,0.664706,15.4366,0.662745,0.00905315,0.662745,-4.93509,0.662745,-4.59525,0.662745,-0.409821,0.662745,3.67546,0.664706,0.180004,0.662745,All
-8.77762,0.666667,15.4368,0.664706,0.00905414,0.664706,-4.93475,0.664706,-4.5952,0.664706,-0.409384,0.664706,3.67763,0.666667,0.181914,0.664706,All
-8.73861,0.668627,15.438,0.666667,0.0090546,0.666667,-4.9346,0.666667,-4.59322,0.666667,-0.408407,0.666667,3.68102,0.668627,0.181991,0.666667,All
-8.73522,0.670588,15.4402,0.668627,0.00905813,0.668627,-4.9346,0.668627,-4.58973,0.668627,-0.407215,0.668627,3.68324,0.670588,0.182908,0.668627,All
-8.72974,0.672549,15.4424,0.670588,0.0090592,0.670588,-4.93449,0.670588,-4.58943,0.670588,-0.406611,0.670588,3.68557,0.672549,0.182934,0.670588,All
-8.72942,0.67451,15.4439,0.672549,0.00905953,0.672549,-4.93447,0.672549,-4.5845,0.672549,-0.406532,0.672549,3.68941,0.67451,0.182942,0.672549,All
-8.71557,0.676471,15.4461,0.67451,0.00905955,0.67451,-4.93436,0.67451,-4.58417,0.67451,-0.406414,0.67451,3.69177,0.676471,0.183269,0.67451,All
-8.69552,0.678431,15.4463,0.676471,0.0090616,0.676471,-4.93435,0.676471,-4.57992,0.676471,-0.404879,0.676471,3.70041,0.678431,0.183721,0.676471,All
-8.64888,0.680392,15.4481,0.678431,0.00906326,0.678431,-4.93428,0.678431,-4.57739,0.678431,-0.404561,0.678431,3.70388,0.680392,0.184228,0.678431,All
-8.63249,0.682353,15.4519,0.680392,0.00906561,0.680392,-4.93426,0.680392,-4.57565,0.680392,-0.402835,0.680392,3.70551,0.682353,0.185056,0.680392,All
-8.61861,0.684314,15.4544,0.682353,0.00906648,0.682353,-4.93422,0.682353,-4.57364,0.682353,-0.401932,0.682353,3.70925,0.684314,0.185627,0.682353,All
-8.6153,0.686275,15.4572,0.684314,0.00906718,0.684314,-4.93413,0.684314,-4.57038,0.684314,-0.400689,0.684314,3.71372,0.686275,0.186358,0.684314,All
-8.58089,0.688235,15.4593,0.686275,0.00907178,0.686275,-4.93411,0.686275,-4.56652,0.686275,-0.399737,0.686275,3.71792,0.688235,0.188639,0.686275,All
-8.55597,0.690196,15.4599,0.688235,0.00907197,0.688235,-4.93406,0.688235,-4.56604,0.688235,-0.397129,0.688235,3.72569,0.690196,0.191592,0.688235,All
-8.54172,0.692157,15.4615,0.690196,0.00907244,0.690196,-4.93403,0.690196,-4.56467,0.690196,-0.394161,0.690196,3.73453,0.692157,0.191633,0.690196,All
-8.54,0.694118,15.4615,0.692157,0.00907339,0.692157,-4.93402,0.692157,-4.56206,0.692157,-0.393421,0.692157,3.73561,0.694118,0.193982,0.692157,All
-8.53424,0.696078,15.4615,0.694118,0.0090756,0.694118,-4.934,0.694118,-4.56027,0.694118,-0.392141,0.694118,3.73597,0.696078,0.195834,0.694118,All
-8.51624,0.698039,15.4616,0.696078,0.00907711,0.696078,-4.93399,0.696078,-4.55756,0.696078,-0.383332,0.696078,3.7382,0.698039,0.199444,0.696078,All
-8.49492,0.7,15.4634,0.698039,0.00907742,0.698039,-4.93381,0.698039,-4.55268,0.698039,-0.380499,0.698039,3.73908,0.7,0.200986,0.698039,All
-8.47451,0.701961,15.4634,0.7,0.0090776,0.7,-4.93381,0.7,-4.54813,0.7,-0.380167,0.7,3.74729,0.701961,0.201734,0.7,All
-8.46768,0.703922,15.4667,0.701961,0.00908355,0.701961,-4.93376,0.701961,-4.54736,0.701961,-0.37946,0.701961,3.7491,0.703922,0.202502,0.701961,All
-8.46709,0.705882,15.4689,0.703922,0.00908373,0.703922,-4.93373,0.703922,-4.5448,0.703922,-0.377763,0.703922,3.75997,0.705882,0.203573,0.703922,All
-8.46097,0.707843,15.4694,0.705882,0.00908752,0.705882,-4.93372,0.705882,-4.54372,0.705882,-0.376165,0.705882,3.76083,0.707843,0.204626,0.705882,All
-8.44292,0.709804,15.4717,0.707843,0.00908979,0.707843,-4.93367,0.707843,-4.54263,0.707843,-0.37404,0.707843,3.7672,0.709804,0.204693,0.707843,All
-8.4216,0.711765,15.4734,0.709804,0.00909134,0.709804,-4.93355,0.709804,-4.53926,0.709804,-0.372133,0.709804,3.77076,0.711765,0.205441,0.709804,All
-8.3935,0.713725,15.4761,0.711765,0.00909163,0.711765,-4.93352,0.711765,-4.53829,0.711765,-0.370869,0.711765,3.77365,0.713725,0.20552,0.711765,All
-8.37763,0.715686,15.4771,0.713725,0.00909252,0.713725,-4.93342,0.713725,-4.53827,0.713725,-0.368602,0.713725,3.77553,0.715686,0.206356,0.713725,All
-8.35632,0.717647,15.4788,0.715686,0.00909456,0.715686,-4.93335,0.715686,-4.53432,0.715686,-0.364148,0.715686,3.77974,0.717647,0.207223,0.715686,All
-8.35519,0.719608,15.479,0.717647,0.00909527,0.717647,-4.93331,0.717647,-4.53293,0.717647,-0.36374,0.717647,3.79024,0.719608,0.207411,0.717647,All
-8.34058,0.721569,15.4802,0.719608,0.00909642,0.719608,-4.93325,0.719608,-4.53091,0.719608,-0.363723,0.719608,3.79187,0.721569,0.208166,0.719608,All
-8.33223,0.723529,15.4808,0.721569,0.00909665,0.721569,-4.93322,0.721569,-4.52776,0.721569,-0.361269,0.721569,3.79214,0.723529,0.208243,0.721569,All
-8.30568,0.72549,15.4837,0.723529,0.0090978,0.723529,-4.93316,0.723529,-4.5275,0.723529,-0.35657,0.723529,3.797,0.72549,0.209223,0.723529,All
-8.29819,0.727451,15.4882,0.72549,0.00909984,0.72549,-4.93314,0.72549,-4.52726,0.72549,-0.353521,0.72549,3.80504,0.727451,0.212244,0.72549,All
-8.27698,0.729412,15.4887,0.727451,0.00910043,0.727451,-4.93309,0.727451,-4.52236,0.727451,-0.352445,0.727451,3.81006,0.729412,0.212999,0.727451,All
-8.2543,0.731373,15.4887,0.729412,0.00910532,0.729412,-4.93309,0.729412,-4.52186,0.729412,-0.351844,0.729412,3.81776,0.731373,0.215257,0.729412,All
-8.25175,0.733333,15.4894,0.731373,0.00910929,0.731373,-4.93307,0.731373,-4.51917,0.731373,-0.349295,0.731373,3.8197,0.733333,0.218258,0.731373,All
-8.23941,0.735294,15.491,0.733333,0.00911027,0.733333,-4.933,0.733333,-4.51848,0.733333,-0.348891,0.733333,3.82009,0.735294,0.218754,0.733333,All
-8.23172,0.737255,15.4912,0.735294,0.00911204,0.735294,-4.93299,0.735294,-4.51771,0.735294,-0.348608,0.735294,3.82029,0.737255,0.218815,0.735294,All
-8.21315,0.739216,15.492,0.737255,0.00911215,0.737255,-4.93288,0.737255,-4.5123,0.737255,-0.348579,0.737255,3.8208,0.739216,0.219934,0.737255,All
-8.19676,0.741176,15.4927,0.739216,0.00911251,0.739216,-4.93279,0.739216,-4.50956,0.739216,-0.34653,0.739216,3.83771,0.741176,0.2239,0.739216,All
-8.1846,0.743137,15.4939,0.741176,0.00911253,0.741176,-4.93271,0.741176,-4.50195,0.741176,-0.344057,0.741176,3.8543,0.743137,0.226445,0.741176,All
-8.17671,0.745098,15.4943,0.743137,0.0091127,0.743137,-4.93269,0.743137,-4.49719,0.743137,-0.343377,0.743137,3.86499,0.745098,0.227751,0.743137,All
-8.15293,0.747059,15.4944,0.745098,0.0091146,0.745098,-4.93263,0.745098,-4.49208,0.745098,-0.341673,0.745098,3.87551,0.747059,0.22812,0.745098,All
-8.1463,0.74902,15.4955,0.747059,0.00911675,0.747059,-4.93257,0.747059,-4.4866,0.747059,-0.33506,0.747059,3.89015,0.74902,0.229693,0.747059,All
-8.14475,0.75098,15.4959,0.74902,0.00911683,0.74902,-4.93257,0.74902,-4.48387,0.74902,-0.327832,0.74902,3.89112,0.75098,0.230444,0.74902,All
-8.12718,0.752941,15.5003,0.75098,0.00911694,0.75098,-4.93245,0.75098,-4.48342,0.75098,-0.327798,0.75098,3.91194,0.752941,0.231684,0.75098,All
-8.1198,0.754902,15.5034,0.752941,0.00912462,0.752941,-4.9324,0.752941,-4.4811,0.752941,-0.326628,0.752941,3.91482,0.754902,0.232514,0.752941,All
-8.11841,0.756863,15.5038,0.754902,0.00912555,0.754902,-4.93237,0.754902,-4.47855,0.754902,-0.323704,0.754902,3.91867,0.756863,0.237993,0.754902,All
-8.10919,0.758824,15.5059,0.756863,0.00912695,0.756863,-4.93235,0.756863,-4.4731,0.756863,-0.321832,0.756863,3.92047,0.758824,0.244986,0.756863,All
-8.07866,0.760784,15.51,0.758824,0.00912708,0.758824,-4.93233,0.758824,-4.46827,0.758824,-0.321518,0.758824,3.92284,0.760784,0.24521,0.758824,All
-8.07411,0.762745,15.5131,0.760784,0.00912813,0.760784,-4.93224,0.760784,-4.46716,0.760784,-0.31477,0.760784,3.92321,0.762745,0.24734,0.760784,All
-8.06932,0.764706,15.5133,0.762745,0.00912841,0.762745,-4.93213,0.762745,-4.46469,0.762745,-0.313967,0.762745,3.92335,0.764706,0.24873,0.762745,All
-8.05075,0.766667,15.5202,0.764706,0.00913083,0.764706,-4.93211,0.764706,-4.46239,0.764706,-0.304044,0.764706,3.92901,0.766667,0.252713,0.764706,All
-8.04088,0.768627,15.5205,0.766667,0.00913449,0.766667,-4.93209,0.766667,-4.45784,0.766667,-0.302226,0.766667,3.94524,0.768627,0.254746,0.766667,All
-8.03642,0.770588,15.5212,0.768627,0.00914055,0.768627,-4.93206,0.768627,-4.45748,0.768627,-0.300866,0.768627,3.94663,0.770588,0.255209,0.768627,All
-8.01869,0.772549,15.5244,0.770588,0.00914667,0.770588,-4.93206,0.770588,-4.45137,0.770588,-0.29908,0.770588,3.95216,0.772549,0.262238,0.770588,All
-7.9982,0.77451,15.5246,0.772549,0.00914994,0.772549,-4.93203,0.772549,-4.44904,0.772549,-0.297161,0.772549,3.95451,0.77451,0.266472,0.772549,All
-7.92777,0.776471,15.5246,0.77451,0.00915003,0.77451,-4.93203,0.77451,-4.44718,0.77451,-0.296688,0.77451,3.96287,0.776471,0.271513,0.77451,All
-7.91364,0.778431,15.5297,0.776471,0.00915325,0.776471,-4.93199,0.776471,-4.44499,0.776471,-0.296427,0.776471,3.96563,0.778431,0.275323,0.776471,All
-7.90918,0.780392,15.5319,0.778431,0.00915859,0.778431,-4.93178,0.778431,-4.43974,0.778431,-0.29614,0.778431,3.97304,0.780392,0.276331,0.778431,All
-7.90338,0.782353,15.5337,0.780392,0.00916026,0.780392,-4.93173,0.780392,-4.43636,0.780392,-0.292591,0.780392,3.99983,0.782353,0.278606,0.780392,All
-7.8996,0.784314,15.5399,0.782353,0.00916095,0.782353,-4.9317,0.782353,-4.43408,0.782353,-0.288637,0.782353,4.0005,0.784314,0.278839,0.782353,All
-7.87987,0.786275,15.5406,0.784314,0.00916293,0.784314,-4.93162,0.784314,-4.43206,0.784314,-0.284522,0.784314,4.0018,0.786275,0.279766,0.784314,All
-7.86435,0.788235,15.541,0.786275,0.00916516,0.786275,-4.9316,0.786275,-4.43072,0.786275,-0.283852,0.786275,4.01629,0.788235,0.280943,0.786275,All
-7.86147,0.790196,15.5415,0.788235,0.00916694,0.788235,-4.9316,0.788235,-4.42312,0.788235,-0.283221,0.788235,4.0199,0.790196,0.282053,0.788235,All
-7.85739,0.792157,15.543,0.790196,0.00917176,0.790196,-4.93151,0.790196,-4.41952,0.790196,-0.28269,0.790196,4.04959,0.792157,0.285301,0.790196,All
-7.82231,0.794118,15.5438,0.792157,0.00917315,0.792157,-4.93145,0.792157,-4.41519,0.792157,-0.281458,0.792157,4.04999,0.794118,0.287403,0.792157,All
-7.81837,0.796078,15.5444,0.794118,0.0091753,0.794118,-4.9314,0.794118,-4.41366,0.794118,-0.280745,0.794118,4.05781,0.796078,0.290235,0.794118,All
-7.81672,0.798039,15.5452,0.796078,0.00917572,0.796078,-4.93138,0.796078,-4.40828,0.796078,-0.280218,0.796078,4.05824,0.798039,0.294587,0.796078,All
-7.7817,0.8,15.5455,0.798039,0.00917621,0.798039,-4.93134,0.798039,-4.40715,0.798039,-0.277194,0.798039,4.06247,0.8,0.295897,0.798039,All
-7.74731,0.801961,15.5526,0.8,0.00917697,0.8,-4.93131,0.8,-4.40566,0.8,-0.272337,0.8,4.06348,0.801961,0.297222,0.8,All
-7.7209,0.803922,15.5573,0.801961,0.00918062,0.801961,-4.93129,0.801961,-4.40555,0.801961,-0.265636,0.801961,4.06467,0.803922,0.299567,0.801961,All
-7.71759,0.805882,15.564,0.803922,0.00918075,0.803922,-4.93129,0.803922,-4.39256,0.803922,-0.264337,0.803922,4.06814,0.805882,0.299881,0.803922,All
-7.71054,0.807843,15.565,0.805882,0.00918353,0.805882,-4.93125,0.805882,-4.38546,0.805882,-0.261917,0.805882,4.07509,0.807843,0.300252,0.805882,All
-7.70643,0.809804,15.5651,0.807843,0.0091851,0.807843,-4.93108,0.807843,-4.38275,0.807843,-0.26189,0.807843,4.07999,0.809804,0.300554,0.807843,All
-7.69306,0.811765,15.5655,0.809804,0.00918525,0.809804,-4.93107,0.809804,-4.37647,0.809804,-0.260606,0.809804,4.09195,0.811765,0.3022,0.809804,All
-7.68637,0.813725,15.5674,0.811765,0.00918562,0.811765,-4.93103,0.811765,-4.37632,0.811765,-0.260384,0.811765,4.10295,0.813725,0.302514,0.811765,All
-7.68231,0.815686,15.569,0.813725,0.00918641,0.813725,-4.93099,0.813725,-4.37469,0.813725,-0.258089,0.813725,4.10832,0.815686,0.303451,0.813725,All
-7.64794,0.817647,15.572,0.815686,0.00918652,0.815686,-4.93087,0.815686,-4.37006,0.815686,-0.257608,0.815686,4.12018,0.817647,0.304186,0.815686,All
-7.6131,0.819608,15.5727,0.817647,0.0091899,0.817647,-4.93083,0.817647,-4.36501,0.817647,-0.256632,0.817647,4.1242,0.819608,0.304945,0.817647,All
-7.58755,0.821569,15.5743,0.819608,0.00918995,0.819608,-4.93076,0.819608,-4.36242,0.819608,-0.256455,0.819608,4.12422,0.821569,0.306183,0.819608,All
-7.56587,0.823529,15.5808,0.821569,0.00919316,0.821569,-4.93076,0.821569,-4.36111,0.821569,-0.255801,0.821569,4.12434,0.823529,0.306495,0.821569,All
-7.55997,0.82549,15.581,0.823529,0.00919443,0.823529,-4.93068,0.823529,-4.35813,0.823529,-0.255443,0.823529,4.14368,0.82549,0.310536,0.823529,All
-7.50287,0.827451,15.584,0.82549,0.00919468,0.82549,-4.93067,0.82549,-4.35452,0.82549,-0.255405,0.82549,4.14634,0.827451,0.311366,0.82549,All
-7.4805,0.829412,15.5841,0.827451,0.00919764,0.827451,-4.93054,0.827451,-4.35149,0.827451,-0.251944,0.827451,4.16433,0.829412,0.31362,0.827451,All
-7.45615,0.831373,15.5852,0.829412,0.00920664,0.829412,-4.93051,0.829412,-4.34727,0.829412,-0.246527,0.829412,4.1649,0.831373,0.313627,0.829412,All
-7.45174,0.833333,15.5872,0.831373,0.0092089,0.831373,-4.9305,0.831373,-4.34345,0.831373,-0.242125,0.831373,4.16836,0.833333,0.3184,0.831373,All
-7.38305,0.835294,15.5881,0.833333,0.00921738,0.833333,-4.93046,0.833333,-4.34204,0.833333,-0.240908,0.833333,4.18194,0.835294,0.320768,0.833333,All
-7.36894,0.837255,15.5902,0.835294,0.00921787,0.835294,-4.93035,0.835294,-4.33889,0.835294,-0.239861,0.835294,4.18286,0.837255,0.323402,0.835294,All
-7.3283,0.839216,15.5945,0.837255,0.00922651,0.837255,-4.93019,0.837255,-4.33721,0.837255,-0.237392,0.837255,4.19357,0.839216,0.323642,0.837255,All
-7.29976,0.841176,15.595,0.839216,0.00922657,0.839216,-4.93009,0.839216,-4.33203,0.839216,-0.2363,0.839216,4.21365,0.841176,0.323788,0.839216,All
-7.29502,0.843137,15.599,0.841176,0.00922812,0.841176,-4.93003,0.841176,-4.32812,0.841176,-0.231891,0.841176,4.21611,0.843137,0.323806,0.841176,All
-7.247,0.845098,15.599,0.843137,0.00923263,0.843137,-4.93,0.843137,-4.3276,0.843137,-0.231294,0.843137,4.22394,0.845098,0.324381,0.843137,All
-7.2138,0.847059,15.6038,0.845098,0.00923299,0.845098,-4.92969,0.845098,-4.32503,0.845098,-0.230262,0.845098,4.23881,0.847059,0.325461,0.845098,All
-7.18227,0.84902,15.6058,0.847059,0.00923541,0.847059,-4.92965,0.847059,-4.30249,0.847059,-0.230093,0.847059,4.24433,0.84902,0.329312,0.847059,All
-7.17951,0.85098,15.6083,0.84902,0.00923768,0.84902,-4.92961,0.84902,-4.30183,0.84902,-0.228006,0.84902,4.26021,0.85098,0.330253,0.84902,All
-7.16319,0.852941,15.6101,0.85098,0.00924213,0.85098,-4.9296,0.85098,-4.29899,0.85098,-0.227011,0.85098,4.26866,0.852941,0.340478,0.85098,All
-7.09573,0.854902,15.6119,0.852941,0.00924306,0.852941,-4.92957,0.852941,-4.29564,0.852941,-0.223907,0.852941,4.2742,0.854902,0.341196,0.852941,All
-7.07246,0.856863,15.613,0.854902,0.00924505,0.854902,-4.92956,0.854902,-4.29334,0.854902,-0.222936,0.854902,4.27498,0.856863,0.346608,0.854902,All
-7.06906,0.858824,15.6147,0.856863,0.00924783,0.856863,-4.92951,0.856863,-4.29155,0.856863,-0.22268,0.856863,4.27559,0.858824,0.347096,0.856863,All
-7.05268,0.860784,15.615,0.858824,0.0092481,0.858824,-4.92928,0.858824,-4.29007,0.858824,-0.217326,0.858824,4.2758,0.860784,0.350856,0.858824,All
-7.03871,0.862745,15.6273,0.860784,0.00924839,0.860784,-4.92925,0.860784,-4.28724,0.860784,-0.212277,0.860784,4.27983,0.862745,0.356933,0.860784,All
-7.00254,0.864706,15.6307,0.862745,0.00925171,0.862745,-4.92924,0.862745,-4.28554,0.862745,-0.207883,0.862745,4.28168,0.864706,0.359064,0.862745,All
-6.97928,0.866667,15.6311,0.864706,0.00925875,0.864706,-4.92923,0.864706,-4.28267,0.864706,-0.207005,0.864706,4.28311,0.866667,0.365148,0.864706,All
-6.94147,0.868627,15.6332,0.866667,0.00926216,0.866667,-4.92907,0.866667,-4.28057,0.866667,-0.205075,0.866667,4.28816,0.868627,0.367766,0.866667,All
-6.93227,0.870588,15.6344,0.868627,0.00926247,0.868627,-4.92906,0.868627,-4.27638,0.868627,-0.203539,0.868627,4.29303,0.870588,0.369987,0.868627,All
-6.90747,0.872549,15.6448,0.870588,0.00926701,0.870588,-4.92894,0.870588,-4.26557,0.870588,-0.20289,0.870588,4.30782,0.872549,0.373837,0.870588,All
-6.89012,0.87451,15.6457,0.872549,0.00926908,0.872549,-4.92893,0.872549,-4.26451,0.872549,-0.192423,0.872549,4.3118,0.87451,0.374493,0.872549,All
-6.85356,0.876471,15.6468,0.87451,0.00926909,0.87451,-4.9288,0.87451,-4.26262,0.87451,-0.1922,0.87451,4.31351,0.876471,0.379084,0.87451,All
-6.83213,0.878431,15.6592,0.876471,0.00927028,0.876471,-4.92874,0.876471,-4.26253,0.876471,-0.192132,0.876471,4.32387,0.878431,0.382682,0.876471,All
-6.76278,0.880392,15.6619,0.878431,0.00927132,0.878431,-4.92873,0.878431,-4.26234,0.878431,-0.190678,0.878431,4.33075,0.880392,0.388654,0.878431,All
-6.7248,0.882353,15.6648,0.880392,0.00927169,0.880392,-4.92867,0.880392,-4.24925,0.880392,-0.184675,0.880392,4.33555,0.882353,0.392344,0.880392,All
-6.7048,0.884314,15.665,0.882353,0.00927249,0.882353,-4.92843,0.882353,-4.24104,0.882353,-0.184371,0.882353,4.33728,0.884314,0.393627,0.882353,All
-6.64996,0.886275,15.6708,0.884314,0.00927323,0.884314,-4.9284,0.884314,-4.23535,0.884314,-0.17716,0.884314,4.33998,0.886275,0.398284,0.884314,All
-6.6048,0.888235,15.6728,0.886275,0.0092777,0.886275,-4.92831,0.886275,-4.2353,0.886275,-0.176744,0.886275,4.3463,0.888235,0.401198,0.886275,All
-6.57712,0.890196,15.6738,0.888235,0.0092822,0.888235,-4.92829,0.888235,-4.22822,0.888235,-0.172473,0.888235,4.36198,0.890196,0.409576,0.888235,All
-6.48613,0.892157,15.6742,0.890196,0.00928266,0.890196,-4.9282,0.890196,-4.22564,0.890196,-0.170893,0.890196,4.36377,0.892157,0.409649,0.890196,All
-6.46576,0.894118,15.6743,0.892157,0.00928884,0.892157,-4.92804,0.892157,-4.22303,0.892157,-0.166878,0.892157,4.36929,0.894118,0.414152,0.892157,All
-6.44919,0.896078,15.6752,0.894118,0.00929323,0.894118,-4.92792,0.894118,-4.21859,0.894118,-0.164592,0.894118,4.37811,0.896078,0.415809,0.894118,All
-6.44865,0.898039,15.6782,0.896078,0.00929384,0.896078,-4.92782,0.896078,-4.21796,0.896078,-0.163322,0.896078,4.38433,0.898039,0.419752,0.896078,All
-6.38072,0.9,15.6804,0.898039,0.00929433,0.898039,-4.92771,0.898039,-4.21717,0.898039,-0.161786,0.898039,4.39676,0.9,0.420254,0.898039,All
-6.2916,0.901961,15.6832,0.9,0.00930264,0.9,-4.9277,0.9,-4.21578,0.9,-0.161638,0.9,4.40655,0.901961,0.420948,0.9,All
-6.28774,0.903922,15.6853,0.901961,0.00930467,0.901961,-4.9277,0.901961,-4.20258,0.901961,-0.161308,0.901961,4.40951,0.903922,0.422403,0.901961,All
-6.25243,0.905882,15.6855,0.903922,0.00931008,0.903922,-4.92767,0.903922,-4.19121,0.903922,-0.160692,0.903922,4.43364,0.905882,0.43032,0.903922,All
-6.25216,0.907843,15.6864,0.905882,0.00931098,0.905882,-4.92754,0.905882,-4.18101,0.905882,-0.154428,0.905882,4.47034,0.907843,0.431607,0.905882,All
-6.23393,0.909804,15.6887,0.907843,0.00931128,0.907843,-4.92735,0.907843,-4.17592,0.907843,-0.145744,0.907843,4.48698,0.909804,0.43391,0.907843,All
-6.17374,0.911765,15.6923,0.909804,0.00931226,0.909804,-4.92729,0.909804,-4.16941,0.909804,-0.137167,0.909804,4.52012,0.911765,0.436972,0.909804,All
-6.11381,0.913725,15.6934,0.911765,0.00931594,0.911765,-4.92713,0.911765,-4.16721,0.911765,-0.127535,0.911765,4.53535,0.913725,0.439876,0.911765,All
-6.09852,0.915686,15.7163,0.913725,0.00931818,0.913725,-4.92704,0.913725,-4.16486,0.913725,-0.125598,0.913725,4.53758,0.915686,0.443784,0.913725,All
-6.04865,0.917647,15.7172,0.915686,0.00931982,0.915686,-4.92701,0.915686,-4.16453,0.915686,-0.123473,0.915686,4.54912,0.917647,0.444965,0.915686,All
-6.04246,0.919608,15.7218,0.917647,0.00932718,0.917647,-4.92663,0.917647,-4.15735,0.917647,-0.11945,0.917647,4.55637,0.919608,0.447179,0.917647,All
-5.90436,0.921569,15.7228,0.919608,0.0093289,0.919608,-4.92649,0.919608,-4.15242,0.919608,-0.108063,0.919608,4.56526,0.921569,0.447766,0.919608,All
-5.87396,0.923529,15.7277,0.921569,0.00933514,0.921569,-4.92638,0.921569,-4.15236,0.921569,-0.102929,0.921569,4.56877,0.923529,0.45408,0.921569,All
-5.80755,0.92549,15.7299,0.923529,0.00933589,0.923529,-4.92637,0.923529,-4.13536,0.923529,-0.0881246,0.923529,4.57305,0.92549,0.462044,0.923529,All
-5.67441,0.927451,15.7322,0.92549,0.00933944,0.92549,-4.9263,0.92549,-4.12433,0.92549,-0.0863221,0.92549,4.60781,0.927451,0.462902,0.92549,All
-5.63884,0.929412,15.7364,0.927451,0.00933956,0.927451,-4.92614,0.927451,-4.12347,0.927451,-0.0814449,0.927451,4.61193,0.929412,0.467218,0.927451,All
-5.58222,0.931373,15.7365,0.929412,0.00934918,0.929412,-4.92588,0.929412,-4.09854,0.929412,-0.0758943,0.929412,4.65526,0.931373,0.471068,0.929412,All
-5.54847,0.933333,15.7367,0.931373,0.00935325,0.931373,-4.92566,0.931373,-4.09091,0.931373,-0.0689099,0.931373,4.65908,0.933333,0.473844,0.931373,All
-5.43723,0.935294,15.7369,0.933333,0.00935383,0.933333,-4.92563,0.933333,-4.08553,0.933333,-0.0661207,0.933333,4.66675,0.935294,0.475607,0.933333,All
-5.4261,0.937255,15.7418,0.935294,0.00936076,0.935294,-4.92562,0.935294,-4.08064,0.935294,-0.063585,0.935294,4.6859,0.937255,0.485453,0.935294,All
-5.3774,0.939216,15.7447,0.937255,0.00936611,0.937255,-4.92553,0.937255,-4.07434,0.937255,-0.0590091,0.937255,4.71863,0.939216,0.492562,0.937255,All
-5.30767,0.941176,15.7451,0.939216,0.00936676,0.939216,-4.92528,0.939216,-4.06939,0.939216,-0.053732,0.939216,4.73333,0.941176,0.497311,0.939216,All
-5.27989,0.943137,15.7469,0.941176,0.00936799,0.941176,-4.92517,0.941176,-4.06452,0.941176,-0.0529804,0.941176,4.7537,0.943137,0.507063,0.941176,All
-5.26008,0.945098,15.7523,0.943137,0.00936992,0.943137,-4.92514,0.943137,-4.06327,0.943137,-0.0514624,0.943137,4.77814,0.945098,0.511842,0.943137,All
-5.21565,0.947059,15.7542,0.945098,0.00938638,0.945098,-4.92511,0.945098,-4.05201,0.945098,-0.049652,0.945098,4.80474,0.947059,0.516139,0.945098,All
-5.11069,0.94902,15.7689,0.947059,0.00938749,0.947059,-4.92495,0.947059,-4.03736,0.947059,-0.0456856,0.947059,4.80587,0.94902,0.530484,0.947059,All
-4.8254,0.95098,15.7712,0.94902,0.00938845,0.94902,-4.92449,0.94902,-4.03429,0.94902,-0.0402589,0.94902,4.83585,0.95098,0.532508,0.94902,All
-4.79567,0.952941,15.7727,0.95098,0.0093974,0.95098,-4.92431,0.95098,-4.01863,0.95098,-0.0331936,0.95098,4.86143,0.952941,0.540161,0.95098,All
-4.57761,0.954902,15.7755,0.952941,0.00940126,0.952941,-4.92429,0.952941,-4.00901,0.952941,-0.0317034,0.952941,4.86909,0.954902,0.545608,0.952941,All
-4.52035,0.956863,15.7764,0.954902,0.00940369,0.954902,-4.92423,0.954902,-4.00343,0.954902,-0.0197227,0.954902,4.95447,0.956863,0.546288,0.954902,All
-4.49766,0.958824,15.7767,0.956863,0.00941047,0.956863,-4.92422,0.956863,-3.98422,0.956863,-0.014204,0.956863,4.97054,0.958824,0.559686,0.956863,All
-4.49445,0.960784,15.7859,0.958824,0.00942315,0.958824,-4.92407,0.958824,-3.97861,0.958824,-0.0104067,0.958824,4.97647,0.960784,0.561589,0.958824,All
-4.18021,0.962745,15.7873,0.960784,0.00943079,0.960784,-4.92406,0.960784,-3.97466,0.960784,0.00826215,0.960784,4.97897,0.962745,0.562769,0.960784,All
-4.15599,0.964706,15.793,0.962745,0.00943272,0.962745,-4.92314,0.962745,-3.95782,0.962745,0.0177372,0.962745,5.00124,0.964706,0.563202,0.962745,All
-3.98932,0.966667,15.7954,0.964706,0.00945072,0.964706,-4.92306,0.964706,-3.93301,0.964706,0.0323866,0.964706,5.06674,0.966667,0.568982,0.964706,All
-3.38664,0.968627,15.8237,0.966667,0.00947098,0.966667,-4.92302,0.966667,-3.92732,0.966667,0.0408086,0.966667,5.0714,0.968627,0.571799,0.966667,All
-3.30832,0.970588,15.8286,0.968627,0.00949068,0.968627,-4.92272,0.968627,-3.91887,0.968627,0.0486573,0.968627,5.09258,0.970588,0.598207,0.968627,All
-3.27923,0.972549,15.8306,0.970588,0.00950075,0.970588,-4.92261,0.970588,-3.90324,0.970588,0.0612557,0.970588,5.09411,0.972549,0.605283,0.970588,All
-3.18568,0.97451,15.8321,0.972549,0.00952052,0.972549,-4.92224,0.972549,-3.88917,0.972549,0.0625515,0.972549,5.09557,0.97451,0.610234,0.972549,All
-3.12106,0.976471,15.8339,0.97451,0.00952363,0.97451,-4.92209,0.97451,-3.84147,0.97451,0.0652423,0.97451,5.16659,0.976471,0.615374,0.97451,All
-3.09431,0.978431,15.8357,0.976471,0.00952853,0.976471,-4.92178,0.976471,-3.82827,0.976471,0.0692526,0.976471,5.20845,0.978431,0.621526,0.976471,All
-2.87336,0.980392,15.8377,0.978431,0.00957199,0.978431,-4.92123,0.978431,-3.82658,0.978431,0.0933528,0.978431,5.2629,0.980392,0.631412,0.978431,All
-2.73014,0.982353,15.846,0.980392,0.00957393,0.980392,-4.92092,0.980392,-3.82169,0.980392,0.100446,0.980392,5.37234,0.982353,0.645583,0.980392,All
-2.56053,0.984314,15.854,0.982353,0.00961088,0.982353,-4.92069,0.982353,-3.7931,0.982353,0.126567,0.982353,5.4056,0.984314,0.659273,0.982353,All
-2.53773,0.986275,15.9508,0.984314,0.00961508,0.984314,-4.91992,0.984314,-3.76766,0.984314,0.137833,0.984314,5.41016,0.986275,0.668205,0.984314,All
-2.49443,0.988235,15.9555,0.986275,0.00963495,0.986275,-4.91961,0.986275,-3.75882,0.986275,0.145176,0.986275,5.4151,0.988235,0.674516,0.986275,All
-2.33379,0.990196,15.9711,0.988235,0.00963693,0.988235,-4.91879,0.988235,-3.74506,0.988235,0.154783,0.988235,5.45531,0.990196,0.678384,0.988235,All
-2.18971,0.992157,15.9824,0.990196,0.00964735,0.990196,-4.91852,0.990196,-3.69845,0.990196,0.190154,0.990196,5.53182,0.992157,0.68081,0.990196,All
-2.01497,0.994118,15.9971,0.992157,0.00969779,0.992157,-4.91781,0.992157,-3.6304,0.992157,0.20084,0.992157,5.64086,0.994118,0.741097,0.992157,All
-2.00512,0.996078,16.0078,0.994118,0.00978609,0.994118,-4.91777,0.994118,-3.62442,0.994118,0.22301,0.994118,5.76691,0.996078,0.749953,0.994118,All
-0.81452,0.998039,16.0431,0.996078,0.00979284,0.996078,-4.91688,0.996078,-3.5599,0.996078,0.247245,0.996078,5.82282,0.998039,0.781402,0.996078,All
-0.0158268,1,16.0688,0.998039,0.00989428,0.998039,-4.91651,0.998039,-3.54894,0.998039,0.253879,0.998039,6.25403,1,0.787415,0.998039,All
-0.0158268,1,16.0813,1,0.0100908,1,-4.91588,1,-3.42026,1,0.379572,1,6.25403,1,0.892269,1,All
-0.0158268,1,20.0233,1,0.0129165,1,-4.75603,1,-3.42026,1,0.512183,1,6.25403,1,0.892269,1,All
