initT_abscissa,initT_pdf,initT_cdf,aS_abscissa,aS_pdf,aS_cdf,dS_abscissa,dS_pdf,dS_cdf,lBt0_abscissa,lBt0_pdf,lBt0_cdf,dI_abscissa,dI_pdf,dI_cdf,n_abscissa,n_pdf,n_cdf,split
-40.8529,0.000475118,0.00118551,0.242062,0.0210636,0.000511877,1.34007e-05,339.345,0.00195391,-6.32913,0.00694159,0.00119766,0.355501,0.0655134,0.00447302,0.0173222,1.92105,0.00806949,All
-40.4768,0.00054486,0.00137705,0.265236,0.0432077,0.0012339,0.000679412,430.147,0.49624,-6.29267,0.00840616,0.00147672,0.440523,0.133251,0.0127859,0.0233381,3.79772,0.0251953,All
-40.1007,0.000623554,0.00159647,0.28841,0.0787636,0.00261821,0.00134542,192.547,0.688324,-6.25621,0.0101385,0.00181394,0.525545,0.2143,0.0275095,0.0293539,5.5926,0.0535789,All
-39.7246,0.000712143,0.00184732,0.311583,0.130505,0.00500973,0.00201144,106.711,0.783981,-6.21974,0.0121783,0.00221982,0.610567,0.29698,0.0492696,0.0353698,7.01533,0.0917236,All
-39.3485,0.000811644,0.00213351,0.334757,0.199937,0.0088038,0.00267745,66.5218,0.84019,-6.18328,0.0145691,0.00270633,0.695588,0.372234,0.077795,0.0413857,7.98706,0.137074,All
-38.9724,0.000923142,0.00245933,0.35793,0.286992,0.0144128,0.00334346,44.7094,0.876563,-6.14682,0.0173588,0.00328714,0.78061,0.43462,0.112198,0.0474016,8.5404,0.18698,All
-38.5963,0.00104779,0.00282953,0.381104,0.390008,0.0222287,0.00400947,31.6765,0.901657,-6.11035,0.0205988,0.00397772,0.865632,0.48184,0.151267,0.0534175,8.75103,0.239143,All
-38.2202,0.00118683,0.00324927,0.404277,0.505956,0.0325887,0.00467548,23.3412,0.919786,-6.07389,0.0243446,0.00479549,0.950654,0.513818,0.193698,0.0594333,8.70183,0.29175,All
-37.8441,0.00134154,0.00372421,0.427451,0.630816,0.0457473,0.0053415,17.7316,0.933347,-6.03743,0.0286548,0.00575995,1.03568,0.531821,0.238242,0.0654492,8.46729,0.34347,All
-37.468,0.00151331,0.0042605,0.450624,0.760025,0.0618588,0.00600751,13.8034,0.943775,-6.00096,0.0335916,0.00689281,1.1207,0.5378,0.28379,0.0714651,8.10834,0.393378,All
-37.0919,0.00170354,0.00486482,0.473798,0.888914,0.0809697,0.00667352,10.9633,0.951974,-5.9645,0.0392194,0.00821808,1.20572,0.533926,0.329412,0.077481,7.67216,0.440874,All
-36.7159,0.00191374,0.00554439,0.496972,1.01308,0.103021,0.00733953,8.85527,0.95854,-5.92804,0.0456045,0.00976215,1.29074,0.522326,0.374362,0.0834969,7.1939,0.485604,All
-36.3398,0.00214546,0.00630701,0.520145,1.12865,0.127856,0.00800554,7.25573,0.963881,-5.89157,0.0528142,0.0115539,1.37576,0.504926,0.418066,0.0895127,6.69895,0.527396,All
-35.9637,0.00240027,0.00716107,0.543319,1.23247,0.155239,0.00867155,6.01902,0.968285,-5.85511,0.0609159,0.0136246,1.46078,0.483389,0.460104,0.0955286,6.20509,0.566207,All
-35.5876,0.00267982,0.00811556,0.566492,1.32221,0.184869,0.00933757,5.04721,0.971957,-5.81865,0.0699757,0.0160079,1.54581,0.459099,0.500186,0.101544,5.72433,0.602081,All
-35.2115,0.00298576,0.0091801,0.589666,1.39631,0.216399,0.0100036,4.27268,0.975052,-5.78218,0.0800573,0.0187401,1.63083,0.433176,0.538125,0.10756,5.26443,0.635122,All
-34.8354,0.00331978,0.0103649,0.612839,1.45399,0.249457,0.0106696,3.64765,0.977682,-5.74572,0.0912203,0.0218594,1.71585,0.4065,0.573823,0.113576,4.83009,0.665472,All
-34.4593,0.00368356,0.0116809,0.636013,1.49515,0.283659,0.0113356,3.13765,0.979936,-5.70926,0.103519,0.0254063,1.80087,0.379748,0.607246,0.119592,4.42376,0.693293,All
-34.0832,0.0040788,0.0131396,0.659187,1.52022,0.318628,0.0120016,2.71737,0.981881,-5.67279,0.116999,0.029423,1.88589,0.353427,0.638409,0.125608,4.04637,0.718756,All
-33.7071,0.00450713,0.0147531,0.68236,1.53011,0.354,0.0126676,2.36792,0.983571,-5.63633,0.131699,0.0339535,1.97091,0.327904,0.667366,0.131624,3.69778,0.742036,All
-33.331,0.0049702,0.0165342,0.705534,1.52602,0.389436,0.0133336,2.07501,0.985048,-5.59987,0.147646,0.0390426,2.05594,0.303432,0.694197,0.13764,3.37715,0.763303,All
-32.9549,0.00546955,0.0184962,0.728707,1.50939,0.424629,0.0139996,1.82769,0.986345,-5.5634,0.164852,0.0447361,2.14096,0.280181,0.718998,0.143656,3.08319,0.782722,All
-32.5788,0.00600668,0.020653,0.751881,1.48177,0.459307,0.0146657,1.61745,0.987491,-5.52694,0.183319,0.0510801,2.22598,0.258248,0.741877,0.149672,2.81436,0.80045,All
-32.2027,0.00658296,0.0230192,0.775054,1.44479,0.493233,0.0153317,1.43762,0.988506,-5.49048,0.203027,0.0581201,2.311,0.237681,0.76295,0.155687,2.56896,0.816631,All
-31.8266,0.00719968,0.0256097,0.798228,1.40001,0.526209,0.0159977,1.28294,0.989411,-5.45401,0.223944,0.0659009,2.39602,0.218487,0.782332,0.161703,2.34526,0.831402,All
-31.4505,0.00785797,0.0284399,0.821401,1.34899,0.558071,0.0166637,1.14918,0.99022,-5.41755,0.246015,0.0744656,2.48104,0.200647,0.800141,0.167719,2.14157,0.844889,All
-31.0744,0.00855877,0.0315257,0.844575,1.29314,0.588693,0.0173297,1.03295,0.990946,-5.38109,0.269165,0.083855,2.56607,0.184118,0.816488,0.173735,1.95621,0.857206,All
-30.6984,0.00930288,0.0348832,0.867749,1.23378,0.617978,0.0179957,0.931493,0.991599,-5.34462,0.293301,0.0941069,2.65109,0.168847,0.831484,0.179751,1.78763,0.868459,All
-30.3223,0.0100909,0.0385287,0.890922,1.17208,0.645857,0.0186617,0.842554,0.992189,-5.30816,0.318307,0.105255,2.73611,0.15477,0.845233,0.185767,1.63433,0.878745,All
-29.9462,0.010923,0.0424789,0.914096,1.10908,0.67229,0.0193277,0.764279,0.992724,-5.2717,0.344044,0.117329,2.82113,0.141817,0.857834,0.191783,1.49494,0.888151,All
-29.5701,0.0117995,0.0467505,0.937269,1.04568,0.697257,0.0199938,0.695135,0.993209,-5.23523,0.370356,0.130352,2.90615,0.129918,0.869378,0.197799,1.3682,0.896757,All
-29.194,0.01272,0.0513599,0.960443,0.982629,0.720757,0.0206598,0.633842,0.993651,-5.19877,0.397065,0.144343,2.99118,0.119,0.879953,0.203814,1.25294,0.904636,All
-28.8179,0.0136842,0.0563238,0.983616,0.920567,0.742807,0.0213258,0.579331,0.994055,-5.16231,0.423976,0.159311,3.0762,0.108993,0.889639,0.20983,1.14809,0.911853,All
-28.4418,0.014691,0.0616583,1.00679,0.86001,0.763435,0.0219918,0.530701,0.994424,-5.12584,0.450876,0.175262,3.16122,0.0998279,0.898511,0.215846,1.05268,0.918468,All
-28.0657,0.0157395,0.0673794,1.02996,0.801365,0.78268,0.0226578,0.48719,0.994763,-5.08938,0.47754,0.192189,3.24624,0.0914404,0.906636,0.221862,0.965817,0.924536,All
-27.6896,0.0168281,0.0735024,1.05314,0.744949,0.800593,0.0233238,0.448151,0.995074,-5.05292,0.503731,0.210081,3.33126,0.0837681,0.91408,0.227878,0.886706,0.930104,All
-27.3135,0.0179549,0.0800421,1.07631,0.690992,0.817226,0.0239898,0.413033,0.995361,-5.01645,0.529206,0.228916,3.41628,0.0767529,0.920899,0.233894,0.814617,0.935218,All
-26.9374,0.0191177,0.0870124,1.09948,0.639654,0.832638,0.0246558,0.381363,0.995625,-4.97999,0.553717,0.248663,3.50131,0.0703402,0.927148,0.23991,0.74889,0.939918,All
-26.5613,0.0203139,0.0944264,1.12266,0.591033,0.846893,0.0253218,0.352734,0.99587,-4.94353,0.577015,0.269282,3.58633,0.0644793,0.932876,0.245926,0.688931,0.94424,All
-26.1852,0.0215405,0.102296,1.14583,0.545175,0.860052,0.0259879,0.326796,0.996096,-4.90706,0.598858,0.290725,3.67135,0.0591234,0.938127,0.251941,0.6342,0.948218,All
-25.8091,0.0227941,0.110632,1.169,0.502085,0.872182,0.0266539,0.303246,0.996305,-4.8706,0.619009,0.312934,3.75637,0.054229,0.942942,0.257957,0.584211,0.95188,All
-25.433,0.024071,0.119444,1.19218,0.461729,0.883344,0.0273199,0.28182,0.9965,-4.83414,0.637246,0.335844,3.84139,0.0497562,0.94736,0.263973,0.538524,0.955255,All
-25.0569,0.0253671,0.128741,1.21535,0.424051,0.893602,0.0279859,0.262287,0.996681,-4.79767,0.653362,0.359381,3.92641,0.0456684,0.951414,0.269989,0.496742,0.958368,All
-24.6809,0.0266779,0.138527,1.23853,0.388968,0.903017,0.0286519,0.244448,0.99685,-4.76121,0.667171,0.383463,4.01144,0.0419318,0.955136,0.276005,0.458506,0.961239,All
-24.3048,0.0279987,0.148809,1.2617,0.356383,0.911649,0.0293179,0.228125,0.997007,-4.72475,0.678512,0.408005,4.09646,0.0385158,0.958553,0.282021,0.423493,0.963891,All
-23.9287,0.0293244,0.159588,1.28487,0.326188,0.919553,0.0299839,0.213165,0.997154,-4.68828,0.68725,0.432914,4.18148,0.0353921,0.961693,0.288037,0.39141,0.96634,All
-23.5526,0.0306495,0.170866,1.30805,0.298266,0.926784,0.0306499,0.199431,0.997291,-4.65182,0.69328,0.458091,4.2665,0.0325349,0.964579,0.294053,0.361992,0.968605,All
-23.1765,0.0319686,0.182641,1.33122,0.272493,0.933394,0.031316,0.186802,0.99742,-4.61536,0.69653,0.483438,4.35152,0.0299209,0.967232,0.300069,0.335,0.970701,All
-22.8004,0.0332758,0.194911,1.35439,0.248746,0.939429,0.031982,0.175171,0.99754,-4.57889,0.696959,0.508853,4.43654,0.0275286,0.969673,0.306084,0.310218,0.97264,All
-22.4243,0.0345651,0.207669,1.37757,0.226901,0.944937,0.032648,0.164445,0.997653,-4.54243,0.694563,0.534231,4.52157,0.0253384,0.971919,0.3121,0.287449,0.974437,All
-22.0482,0.0358304,0.220907,1.40074,0.206834,0.949959,0.033314,0.154539,0.99776,-4.50597,0.68937,0.559471,4.60659,0.0233327,0.973987,0.318116,0.266517,0.976103,All
-21.6721,0.0370655,0.234616,1.42391,0.188424,0.954536,0.03398,0.145377,0.997859,-4.4695,0.681444,0.584471,4.69161,0.0214952,0.975892,0.324132,0.24726,0.977647,All
-21.296,0.0382643,0.248783,1.44709,0.171557,0.958704,0.034646,0.136892,0.997953,-4.43304,0.67088,0.609134,4.77663,0.0198112,0.977647,0.330148,0.229533,0.979081,All
-20.9199,0.0394204,0.263393,1.47026,0.156118,0.962498,0.035312,0.129026,0.998042,-4.39658,0.657804,0.633366,4.86165,0.0182672,0.979264,0.336164,0.213204,0.980412,All
-20.5438,0.0405279,0.278428,1.49343,0.142003,0.96595,0.035978,0.121722,0.998125,-4.36011,0.642369,0.657077,4.94667,0.0168511,0.980756,0.34218,0.198154,0.981649,All
-20.1677,0.0415807,0.29387,1.51661,0.129109,0.969089,0.0366441,0.114934,0.998204,-4.32365,0.624755,0.680185,5.0317,0.0155518,0.982133,0.348196,0.184272,0.982798,All
-19.7916,0.0425729,0.309697,1.53978,0.117341,0.971942,0.0373101,0.108618,0.998279,-4.28719,0.605162,0.702614,5.11672,0.014359,0.983404,0.354211,0.171462,0.983868,All
-19.4155,0.0434991,0.325885,1.56296,0.106608,0.974535,0.0379761,0.102734,0.998349,-4.25072,0.583808,0.724296,5.20174,0.0132637,0.984577,0.360227,0.159632,0.984863,All
-19.0394,0.0443539,0.342408,1.58613,0.096828,0.976891,0.0386421,0.0972473,0.998416,-4.21426,0.560926,0.745171,5.28676,0.0122575,0.985662,0.366243,0.148701,0.98579,All
-18.6634,0.0451324,0.359238,1.6093,0.0879207,0.97903,0.0393081,0.0921252,0.998479,-4.1778,0.536757,0.765187,5.37178,0.0113326,0.986664,0.372259,0.138594,0.986654,All
-18.2873,0.0458299,0.376346,1.63248,0.0798134,0.980972,0.0399741,0.0873389,0.998538,-4.14133,0.511548,0.784302,5.45681,0.0104822,0.987591,0.378275,0.129244,0.987459,All
-17.9112,0.0464424,0.3937,1.65565,0.0724383,0.982735,0.0406401,0.0828621,0.998595,-4.10487,0.485548,0.802483,5.54183,0.00969992,0.988448,0.384291,0.120589,0.98821,All
-17.5351,0.0469661,0.411268,1.67882,0.0657324,0.984334,0.0413061,0.0786708,0.998649,-4.06841,0.459002,0.819705,5.62685,0.00897998,0.989242,0.390307,0.112573,0.988911,All
-17.159,0.047398,0.429016,1.702,0.0596378,0.985786,0.0419721,0.0747432,0.9987,-4.03194,0.432149,0.835953,5.71187,0.00831713,0.989977,0.396323,0.105143,0.989566,All
-16.7829,0.0477353,0.446908,1.72517,0.054101,0.987103,0.0426382,0.0710594,0.998748,-3.99548,0.405219,0.851219,5.79689,0.00770657,0.990658,0.402338,0.0982547,0.990178,All
-16.4068,0.047976,0.464909,1.74834,0.0490727,0.988297,0.0433042,0.0676014,0.998795,-3.95902,0.378427,0.865506,5.88191,0.00714394,0.991289,0.408354,0.0918634,0.990749,All
-16.0307,0.0481186,0.482983,1.77152,0.0445076,0.989381,0.0439702,0.0643525,0.998839,-3.92255,0.351975,0.878821,5.96694,0.00662523,0.991874,0.41437,0.0859303,0.991284,All
-15.6546,0.0481622,0.501091,1.79469,0.0403644,0.990363,0.0446362,0.0612976,0.99888,-3.88609,0.326046,0.89118,6.05196,0.00614683,0.992417,0.420386,0.0804195,0.991784,All
-15.2785,0.0481066,0.519197,1.81786,0.036605,0.991254,0.0453022,0.0584229,0.99892,-3.84963,0.300803,0.902607,6.13698,0.00570539,0.99292,0.426402,0.0752984,0.992252,All
-14.9024,0.0479521,0.537264,1.84104,0.0331946,0.992062,0.0459682,0.0557156,0.998958,-3.81316,0.27639,0.913127,6.222,0.0052979,0.993388,0.432418,0.0705367,0.992691,All
-14.5263,0.0476997,0.555254,1.86421,0.0301014,0.992795,0.0466342,0.0531641,0.998994,-3.7767,0.252929,0.922774,6.30702,0.00492157,0.993822,0.438434,0.0661069,0.993102,All
-14.1502,0.0473509,0.573131,1.88739,0.0272964,0.99346,0.0473002,0.0507577,0.999029,-3.74024,0.230522,0.931585,6.39204,0.00457387,0.994225,0.44445,0.0619838,0.993487,All
-13.7741,0.0469078,0.590859,1.91056,0.024753,0.994062,0.0479663,0.0484865,0.999062,-3.70377,0.209248,0.939599,6.47707,0.00425248,0.9946,0.450465,0.0581442,0.993848,All
-13.398,0.0463732,0.608403,1.93373,0.0224473,0.994609,0.0486323,0.0463414,0.999094,-3.66731,0.189169,0.946859,6.56209,0.0039553,0.994949,0.456481,0.0545668,0.994187,All
-13.022,0.0457503,0.625729,1.95691,0.0203571,0.995104,0.0492983,0.044314,0.999124,-3.63085,0.170323,0.95341,6.64711,0.00368037,0.995274,0.462497,0.051232,0.994505,All
-12.6459,0.0450428,0.642805,1.98008,0.0184626,0.995554,0.0499643,0.0423967,0.999153,-3.59438,0.152733,0.959296,6.73213,0.00342593,0.995576,0.468513,0.0481218,0.994804,All
-12.2698,0.0442549,0.6596,2.00325,0.0167454,0.995961,0.0506303,0.0405822,0.99918,-3.55792,0.136405,0.964563,6.81715,0.00319034,0.995857,0.474529,0.0452198,0.995084,All
-11.8937,0.0433912,0.676084,2.02643,0.015189,0.996331,0.0512963,0.038864,0.999207,-3.52146,0.121329,0.969259,6.90217,0.00297213,0.996119,0.480545,0.0425107,0.995348,All
-11.5176,0.0424568,0.692229,2.0496,0.0137785,0.996667,0.0519623,0.037236,0.999232,-3.48499,0.107482,0.973427,6.9872,0.00276992,0.996363,0.486561,0.0399804,0.995596,All
-11.1415,0.0414569,0.708011,2.07277,0.0125001,0.996971,0.0526283,0.0356925,0.999256,-3.44853,0.0948297,0.977111,7.07222,0.00258247,0.99659,0.492577,0.0376162,0.995829,All
-10.7654,0.0403972,0.723405,2.09595,0.0113415,0.997247,0.0532943,0.0342283,0.99928,-3.41207,0.0833276,0.980356,7.15724,0.00240862,0.996802,0.498593,0.0354061,0.996049,All
-10.3893,0.0392836,0.738391,2.11912,0.0102915,0.997497,0.0539604,0.0328385,0.999302,-3.3756,0.072924,0.983202,7.24226,0.00224733,0.997,0.504608,0.033339,0.996256,All
-10.0132,0.038122,0.752948,2.14229,0.00933973,0.997725,0.0546264,0.0315185,0.999323,-3.33914,0.0635607,0.985687,7.32728,0.00209763,0.997185,0.510624,0.031405,0.99645,All
-9.63711,0.0369185,0.76706,2.16547,0.00847709,0.997931,0.0552924,0.0302643,0.999344,-3.30268,0.0551751,0.987849,7.41231,0.00195862,0.997357,0.51664,0.0295946,0.996634,All
-9.26101,0.0356794,0.780713,2.18864,0.00769516,0.998118,0.0559584,0.0290719,0.999364,-3.26621,0.0477018,0.989722,7.49733,0.0018295,0.997518,0.522656,0.0278992,0.996807,All
-8.88492,0.0344109,0.793894,2.21181,0.00698633,0.998288,0.0566244,0.0279376,0.999383,-3.22975,0.0410737,0.991338,7.58235,0.00170952,0.997668,0.528672,0.0263108,0.99697,All
-8.50883,0.0331191,0.806593,2.23499,0.00634373,0.998442,0.0572904,0.0268581,0.999401,-3.19328,0.0352232,0.992727,7.66737,0.00159798,0.997809,0.534688,0.024822,0.997123,All
-8.13273,0.0318102,0.818804,2.25816,0.00576111,0.998582,0.0579564,0.0258302,0.999419,-3.15682,0.0300837,0.993915,7.75239,0.00149425,0.99794,0.540704,0.0234261,0.997269,All
-7.75664,0.0304901,0.830519,2.28134,0.00523282,0.99871,0.0586224,0.024851,0.999435,-3.12036,0.02559,0.994928,7.83741,0.00139775,0.998063,0.54672,0.0221167,0.997406,All
-7.38055,0.0291646,0.841737,2.30451,0.00475375,0.998825,0.0592885,0.0239177,0.999452,-3.08389,0.0216793,0.995788,7.92244,0.00130794,0.998178,0.552735,0.0208878,0.997535,All
-7.00445,0.0278392,0.852457,2.32768,0.00431927,0.99893,0.0599545,0.0230277,0.999467,-3.04743,0.0182919,0.996516,8.00746,0.00122433,0.998286,0.558751,0.0197342,0.997657,All
-6.62836,0.0265194,0.862678,2.35086,0.00392517,0.999026,0.0606205,0.0221787,0.999482,-3.01097,0.0153712,0.997128,8.09248,0.00114645,0.998386,0.564767,0.0186508,0.997772,All
-6.25226,0.0252101,0.872405,2.37403,0.00356766,0.999113,0.0612865,0.0213684,0.999497,-2.9745,0.0128645,0.997642,8.1775,0.00107389,0.998481,0.570783,0.0176329,0.997882,All
-5.87617,0.0239161,0.881643,2.3972,0.0032433,0.999191,0.0619525,0.0205947,0.999511,-2.93804,0.010723,0.998071,8.26252,0.00100626,0.998569,0.576799,0.0166761,0.997985,All
-5.50008,0.0226418,0.890397,2.42038,0.00294897,0.999263,0.0626185,0.0198556,0.999524,-2.90158,0.00890175,0.998428,8.34754,0.000943202,0.998652,0.582815,0.0157766,0.998082,All
-5.12398,0.0213912,0.898677,2.44355,0.00268185,0.999328,0.0632845,0.0191492,0.999537,-2.86511,0.0073599,0.998723,8.43257,0.000884388,0.99873,0.588831,0.0149304,0.998175,All
-4.74789,0.0201681,0.906491,2.46672,0.0024394,0.999388,0.0639505,0.0184739,0.99955,-2.82865,0.00606045,0.998967,8.51759,0.000829512,0.998803,0.594847,0.0141343,0.998262,All
-4.3718,0.0189758,0.913851,2.4899,0.00221929,0.999442,0.0646165,0.017828,0.999562,-2.79219,0.00497021,0.999168,8.60261,0.000778291,0.998871,0.600862,0.0133848,0.998345,All
-3.9957,0.0178172,0.920768,2.51307,0.00201944,0.999491,0.0652826,0.01721,0.999574,-2.75572,0.00405958,0.999332,8.68763,0.000730467,0.998935,0.606878,0.0126792,0.998423,All
-3.61961,0.0166949,0.927257,2.53624,0.00183796,0.999535,0.0659486,0.0166185,0.999585,-2.71926,0.00330236,0.999466,8.77265,0.000685798,0.998995,0.612894,0.0120144,0.998497,All
