popPred_spline_abscissa,popPred_spline,popPred_ciAbscissa,popPred_piLower,popPred_piUpper,indivPred_spline_abscissa,indivPred_spline,indivPred_ciAbscissa,indivPred_piLower,indivPred_piUpper,split
4.47818,4.72032,4.47818,3.9425,5.01385,0.659792,0.855036,0.659792,0.124118,1.19547,All
4.51809,4.74751,4.51809,3.98242,5.05377,0.693611,0.882802,0.693611,0.157937,1.22929,All
4.52819,4.67029,4.52819,3.99252,5.06387,0.729164,0.91199,0.729164,0.19349,1.26484,All
4.55836,4.69395,4.55836,4.02269,5.09404,0.766538,0.942674,0.766538,0.230864,1.30221,All
4.57821,4.79753,4.57821,4.04253,5.11388,0.805828,0.974932,0.805828,0.270154,1.3415,All
4.59899,4.73364,4.59899,4.06332,5.13466,0.807245,0.976095,0.807245,0.271571,1.34292,All
4.62822,4.70193,4.62822,4.09255,5.1639,0.847133,1.00884,0.847133,0.311458,1.38281,All
4.63998,4.75248,4.63998,4.10431,5.17566,0.890554,1.044,0.890554,0.35488,1.42623,All
4.67824,4.75995,4.67824,4.14256,5.21391,0.936201,1.08043,0.936201,0.400527,1.47187,All
4.68134,4.77777,4.68134,4.14566,5.21701,0.954698,1.09519,0.954698,0.419024,1.49037,All
4.72306,4.96927,4.72306,4.18739,5.25874,0.984187,1.11873,0.984187,0.448513,1.51986,All
4.72825,4.97142,4.72825,4.19258,5.26393,1.03463,1.15881,1.03463,0.49896,1.57031,All
4.76516,4.96321,4.76516,4.22949,5.30083,1.08767,1.20081,1.08767,0.551992,1.62334,All
4.77827,4.93308,4.77827,4.24259,5.31394,1.10215,1.21228,1.10215,0.566477,1.63783,All
4.80763,4.87236,4.80763,4.27196,5.34331,1.14342,1.24496,1.14342,0.607742,1.67909,All
4.82828,4.90581,4.82828,4.29261,5.36396,1.20202,1.29138,1.20202,0.66635,1.7377,All
4.85048,4.94176,4.85048,4.31481,5.38616,1.2496,1.3291,1.2496,0.71393,1.78528,All
4.8783,5.0035,4.8783,4.34262,5.41397,1.26364,1.34029,1.26364,0.727961,1.79931,All
4.89372,5.04566,4.89372,4.35804,5.42939,1.32841,1.39212,1.32841,0.792731,1.86408,All
4.92831,5.14027,4.92831,4.39264,5.46399,1.3965,1.44706,1.3965,0.860821,1.93217,All
4.93734,5.13482,4.93734,4.40166,5.47301,1.39706,1.44752,1.39706,0.861383,1.93273,All
4.97833,5.07576,4.97833,4.44265,5.514,1.46807,1.50555,1.46807,0.932401,2.00375,All
4.98134,5.07142,4.98134,4.44567,5.51702,1.54332,1.56802,1.54332,1.00765,2.079,All
5.02574,4.99572,5.02574,4.49007,5.56142,1.54451,1.56902,1.54451,1.00884,2.08018,All
5.02834,4.99027,5.02834,4.49267,5.56402,1.62243,1.63504,1.62243,1.08676,2.1581,All
5.07054,4.90185,5.07054,4.53486,5.60621,1.69196,1.69527,1.69196,1.15629,2.22764,All
5.07836,4.88545,5.07836,4.54268,5.61403,1.70559,1.70722,1.70559,1.16992,2.24126,All
5.11573,4.88435,5.11573,4.58006,5.6514,1.79301,1.78532,1.79301,1.25734,2.32869,All
5.12837,4.91395,5.12837,4.5927,5.66405,1.83942,1.82781,1.83942,1.30374,2.37509,All
5.16133,4.99107,5.16133,4.62565,5.697,1.88492,1.87024,1.88492,1.34924,2.42059,All
5.17839,5.03101,5.17839,4.64272,5.71406,1.98153,1.96302,1.98153,1.44586,2.51721,All
5.20733,5.09568,5.20733,4.67166,5.743,1.98687,1.96826,1.98687,1.45119,2.52254,All
5.2284,5.12692,5.2284,4.69273,5.76408,2.0831,2.06493,2.0831,1.54742,2.61877,All
5.25374,5.16448,5.25374,4.71807,5.78942,2.13432,2.11819,2.13432,1.59865,2.67,All
5.27842,5.20106,5.27842,4.74275,5.81409,2.18987,2.17735,2.18987,1.6542,2.72555,All
5.30057,5.2339,5.30057,4.7649,5.83625,2.28177,2.27721,2.28177,1.7461,2.81745,All
5.32843,5.27181,5.32843,4.79276,5.86411,2.30212,2.29945,2.30212,1.76644,2.83779,All
5.34782,5.26283,5.34782,4.81214,5.88349,2.42012,2.42739,2.42012,1.88444,2.95579,All
5.37845,5.24864,5.37845,4.84278,5.91412,2.42923,2.43711,2.42923,1.89355,2.9649,All
5.39548,5.24074,5.39548,4.85981,5.93116,2.54416,2.55581,2.54416,2.00849,3.07984,All
5.42847,5.22546,5.42847,4.89279,5.96414,2.57668,2.5877,2.57668,2.04101,3.11235,All
5.44357,5.21846,5.44357,4.9079,5.97925,2.67457,2.67753,2.67457,2.13889,3.21024,All
5.47848,5.1984,5.47848,4.94281,6.01415,2.72413,2.71933,2.72413,2.18846,3.25981,All
5.49209,5.18581,5.49209,4.95642,6.02776,2.81166,2.79092,2.81166,2.27598,3.34733,All
5.5285,5.15214,5.5285,4.99282,6.06417,2.87159,2.84143,2.87159,2.33591,3.40726,All
5.54104,5.14054,5.54104,5.00537,6.07672,2.95578,2.91942,2.95578,2.4201,3.49145,All
5.57851,5.10589,5.57851,5.04284,6.11418,3.01904,2.98444,3.01904,2.48337,3.55471,All
5.59043,5.09486,5.59043,5.05476,6.1261,3.10728,3.08069,3.10728,2.5716,3.64295,All
5.62853,5.05963,5.62853,5.09285,6.1642,3.16649,3.14652,3.16649,2.63082,3.70217,All
5.64026,5.05176,5.64026,5.10458,6.17593,3.26655,3.2551,3.26655,2.73087,3.80222,All
5.67854,5.05223,5.67854,5.14287,6.21421,3.31395,3.30434,3.31395,2.77827,3.84962,All
5.69053,5.05238,5.69053,5.15486,6.2262,3.43398,3.42112,3.43398,2.89831,3.96965,All
5.72856,5.05285,5.72856,5.19288,6.26423,3.4614,3.44602,3.4614,2.92572,3.99707,All
5.74125,5.05301,5.74125,5.20558,6.27692,3.60885,3.58782,3.60885,3.07318,4.14453,All
5.77857,5.05347,5.77857,5.2429,6.31425,3.61,3.58907,3.61,3.07432,4.14567,All
5.79242,5.05364,5.79242,5.25675,6.3281,3.7563,3.74975,3.7563,3.22063,4.29198,All
5.82859,5.05409,5.82859,5.29291,6.36426,3.79503,3.78655,3.79503,3.25936,4.33071,All
5.84405,5.04999,5.84405,5.30838,6.37973,3.90376,3.87843,3.90376,3.36808,4.43943,All
5.8786,5.039,5.8786,5.34293,6.41428,3.98955,3.9689,3.98955,3.45388,4.52523,All
5.89614,5.03342,5.89614,5.36047,6.43181,4.05121,4.03973,4.05121,3.51554,4.58688,All
5.92862,5.02309,5.92862,5.39294,6.46429,4.19404,4.17154,4.19404,3.65837,4.72972,All
5.94869,5.0167,5.94869,5.41302,6.48437,4.19866,4.17619,4.19866,3.66299,4.73434,All
5.97863,5.00718,5.97863,5.44296,6.51431,4.34612,4.32673,4.34612,3.81044,4.88179,All
6.00171,4.99984,6.00171,5.46604,6.53739,4.40902,4.39732,4.40902,3.87334,4.94469,All
6.02865,4.99127,6.02865,5.49297,6.56432,4.49357,4.4965,4.49357,3.95789,5.02924,All
6.05521,4.98279,6.05521,5.51953,6.59088,4.63501,4.64979,4.63501,4.09934,5.17068,All
6.07866,4.97445,6.07866,5.54299,6.61434,4.64102,4.65631,4.64102,4.10535,5.1767,All
6.10918,4.9636,6.10918,5.5735,6.64485,4.78847,4.79611,4.78847,4.2528,5.32415,All
6.12868,4.95667,6.12868,5.593,6.66435,4.87259,4.8789,4.87259,4.33691,5.40826,All
6.16363,4.94424,6.16363,5.62796,6.6993,4.93593,4.93716,4.93593,4.40025,5.4716,All
6.17869,4.93888,6.17869,5.64302,6.71437,5.08338,5.07331,5.08338,4.54771,5.61905,All
6.21857,4.9247,6.21857,5.68289,6.75424,5.12234,5.10535,5.12234,4.58666,5.65801,All
6.22871,4.9211,6.22871,5.69303,6.76438,5.23083,5.23029,5.23083,4.69516,5.76651,All
6.27399,4.905,6.27399,5.73832,6.80967,5.37829,5.37376,5.37829,4.84261,5.91396,All
6.27872,4.90331,6.27872,5.74305,6.8144,5.38489,5.37989,5.38489,4.84922,5.92057,All
6.32874,4.90483,6.32874,5.79306,6.86441,5.52574,5.5253,5.52574,4.99007,6.06141,All
6.32991,4.90542,6.32991,5.79424,6.86559,5.6609,5.67484,5.6609,5.12523,6.19658,All
6.37875,4.92992,6.37875,5.84308,6.91443,5.67319,5.68833,5.67319,5.13752,6.20887,All
6.38633,4.93373,6.38633,5.85066,6.92201,5.82065,5.81778,5.82065,5.28497,6.35632,All
6.42877,4.95502,6.42877,5.89309,6.96444,5.95106,5.95365,5.95106,5.41539,6.48674,All
6.44326,4.96229,6.44326,5.90758,6.97893,5.9681,5.9686,5.9681,5.43242,6.50377,All
6.47878,4.98011,6.47878,5.94311,7.01446,6.11555,6.12006,6.11555,5.57988,6.65123,All
6.50068,4.9911,6.50068,5.96501,7.03636,6.2561,6.28224,6.2561,5.72042,6.79177,All
6.5288,5.0052,6.5288,5.99312,7.06447,6.263,6.28943,6.263,5.72733,6.79868,All
6.55863,5.02017,6.55863,6.02295,7.0943,6.41046,6.43369,6.41046,5.87478,6.94613,All
6.57881,5.02925,6.57881,6.04314,7.11449,6.55791,6.58386,6.55791,6.02224,7.09358,All
6.61708,5.03395,6.61708,6.08141,7.15276,6.57676,6.60457,6.57676,6.04109,7.11244,All
6.62883,5.03539,6.62883,6.09315,7.1645,6.70536,6.74714,6.70536,6.16969,7.24104,All
6.67606,5.04119,6.67606,6.14039,7.21174,6.85282,6.89757,6.85282,6.31714,7.38849,All
6.67884,5.04153,6.67884,6.14317,7.21452,6.91387,6.95665,6.91387,6.37819,7.44954,All
6.72886,5.04767,6.72886,6.19319,7.26453,7.00027,7.04064,7.00027,6.46459,7.53594,All
6.73557,5.04849,6.73557,6.19989,7.27124,7.14772,7.19228,7.14772,6.61205,7.6834,All
6.77887,5.0538,6.77887,6.2432,7.31455,7.26825,7.32165,7.26825,6.73258,7.80392,All
6.7956,5.05586,6.7956,6.25993,7.33128,7.29517,7.35066,7.29517,6.7595,7.83085,All
6.82889,5.05925,6.82889,6.29322,7.36456,7.44263,7.50659,7.44263,6.90695,7.9783,All
6.85617,4.98773,6.85617,6.3205,7.39185,7.59008,7.65084,7.59008,7.05441,8.12575,All
6.8789,4.92814,6.8789,6.34323,7.41458,7.6408,7.69585,7.6408,7.10512,8.17647,All
6.91728,4.92494,6.91728,6.38161,7.45295,7.73753,7.7738,7.73753,7.20186,8.27321,All
6.92892,4.96223,6.92892,6.39325,7.46459,7.88499,7.8599,7.88499,7.34931,8.42066,All
6.97894,5.12245,6.97894,6.44326,7.51461,8.03244,7.9211,8.03244,7.49677,8.56811,All
