initT_abscissa,initT_cdf,aS_abscissa,aS_cdf,dS_abscissa,dS_cdf,lBt0_abscissa,lBt0_cdf,lk_abscissa,lk_cdf,lae_abscissa,lae_cdf,lw_abscissa,lw_cdf,dE_abscissa,dE_cdf,split
-22.6648,0.00196078,10.4988,0,0.00876696,0,-4.90949,0,-5.42574,0.00196078,0.25625,0,-0.0786742,0.00196078,0.0160982,0.00196078,All
-22.5295,0.00392157,12.848,0.00196078,0.011411,0.00196078,-4.75879,0.00196078,-5.26208,0.00392157,0.556649,0.00196078,0.152231,0.00392157,0.021491,0.00392157,All
-21.5022,0.00588235,12.8639,0.00392157,0.0114444,0.00392157,-4.75843,0.00392157,-5.21856,0.00588235,0.631908,0.00392157,0.186058,0.00588235,0.0241968,0.00588235,All
-20.9911,0.00784314,12.8968,0.00588235,0.0114941,0.00588235,-4.7567,0.00588235,-5.20437,0.00784314,0.636753,0.00588235,0.218035,0.00784314,0.0247609,0.00784314,All
-19.891,0.00980392,12.9003,0.00784314,0.0115769,0.00784314,-4.75668,0.00784314,-5.18738,0.00980392,0.666071,0.00784314,0.262909,0.00980392,0.0249008,0.00980392,All
-19.3614,0.0117647,12.9037,0.00980392,0.011584,0.00980392,-4.75571,0.00980392,-5.17536,0.0117647,0.67421,0.00980392,0.316819,0.0117647,0.0257191,0.0117647,All
-18.7595,0.0137255,12.9133,0.0117647,0.0116021,0.0117647,-4.75568,0.0117647,-5.15756,0.0137255,0.675535,0.0117647,0.390858,0.0137255,0.0264244,0.0137255,All
-18.5223,0.0156863,12.9148,0.0137255,0.0116111,0.0137255,-4.75449,0.0137255,-5.13014,0.0156863,0.680532,0.0137255,0.408363,0.0156863,0.0264935,0.0156863,All
-18.2858,0.0176471,12.9325,0.0156863,0.0116122,0.0156863,-4.75432,0.0156863,-5.07718,0.0176471,0.681235,0.0156863,0.408918,0.0176471,0.02671,0.0176471,All
-18.1311,0.0196078,12.9344,0.0176471,0.0116309,0.0176471,-4.7541,0.0176471,-5.06135,0.0196078,0.703953,0.0176471,0.420472,0.0196078,0.0267504,0.0196078,All
-17.8391,0.0215686,12.9602,0.0196078,0.0116358,0.0196078,-4.75394,0.0196078,-5.02027,0.0215686,0.704827,0.0196078,0.42655,0.0215686,0.0267781,0.0215686,All
-17.8225,0.0235294,12.9772,0.0215686,0.0116436,0.0215686,-4.75389,0.0215686,-4.9928,0.0235294,0.71425,0.0215686,0.446304,0.0235294,0.0269198,0.0235294,All
-17.7887,0.0254902,13.0012,0.0235294,0.011644,0.0235294,-4.75386,0.0235294,-4.98017,0.0254902,0.715435,0.0235294,0.525988,0.0254902,0.0270799,0.0254902,All
-17.476,0.027451,13.0316,0.0254902,0.0116577,0.0254902,-4.75378,0.0254902,-4.94449,0.027451,0.717583,0.0254902,0.582127,0.027451,0.0271054,0.027451,All
-17.4754,0.0294118,13.0441,0.027451,0.0116917,0.027451,-4.75306,0.027451,-4.9226,0.0294118,0.727816,0.027451,0.586576,0.0294118,0.0274516,0.0294118,All
-17.4325,0.0313725,13.0555,0.0294118,0.0116953,0.0294118,-4.75302,0.0294118,-4.90156,0.0313725,0.733253,0.0294118,0.61934,0.0313725,0.0279503,0.0313725,All
-17.2651,0.0333333,13.0647,0.0313725,0.0116956,0.0313725,-4.75301,0.0313725,-4.88827,0.0333333,0.738754,0.0313725,0.620105,0.0333333,0.0279503,0.0333333,All
-17.2457,0.0352941,13.0691,0.0333333,0.0116969,0.0333333,-4.753,0.0333333,-4.88171,0.0352941,0.742274,0.0333333,0.625171,0.0352941,0.0280153,0.0352941,All
-17.204,0.0372549,13.0713,0.0352941,0.0117023,0.0352941,-4.75294,0.0352941,-4.86291,0.0372549,0.75118,0.0352941,0.636668,0.0372549,0.0281672,0.0372549,All
-17.1312,0.0392157,13.0799,0.0372549,0.0117064,0.0372549,-4.75292,0.0372549,-4.85,0.0392157,0.753258,0.0372549,0.667275,0.0392157,0.0284792,0.0392157,All
-17.0105,0.0411765,13.083,0.0392157,0.0117104,0.0392157,-4.7529,0.0392157,-4.8233,0.0411765,0.759348,0.0392157,0.674386,0.0411765,0.0287423,0.0411765,All
-16.9414,0.0431373,13.085,0.0411765,0.011715,0.0411765,-4.75286,0.0411765,-4.82229,0.0431373,0.760191,0.0411765,0.676675,0.0431373,0.028848,0.0431373,All
-16.8987,0.045098,13.0904,0.0431373,0.0117389,0.0431373,-4.75256,0.0431373,-4.81099,0.045098,0.769105,0.0431373,0.679798,0.045098,0.0290919,0.045098,All
-16.877,0.0470588,13.0913,0.045098,0.0117447,0.045098,-4.75243,0.045098,-4.79888,0.0470588,0.769567,0.045098,0.687236,0.0470588,0.0294461,0.0470588,All
-16.8359,0.0490196,13.0969,0.0470588,0.0117516,0.0470588,-4.75234,0.0470588,-4.78783,0.0490196,0.770236,0.0470588,0.691114,0.0490196,0.0296413,0.0490196,All
-16.7588,0.0509804,13.102,0.0490196,0.011756,0.0490196,-4.75207,0.0490196,-4.77838,0.0509804,0.771617,0.0490196,0.70079,0.0509804,0.0298441,0.0509804,All
-16.709,0.0529412,13.1026,0.0509804,0.0117577,0.0509804,-4.75202,0.0509804,-4.77301,0.0529412,0.772734,0.0509804,0.702466,0.0529412,0.0302832,0.0529412,All
-16.6806,0.054902,13.1043,0.0529412,0.0117588,0.0529412,-4.75199,0.0529412,-4.76078,0.054902,0.785791,0.0529412,0.710533,0.054902,0.0306409,0.054902,All
-16.6751,0.0568627,13.1045,0.054902,0.011767,0.054902,-4.75189,0.054902,-4.74342,0.0568627,0.786972,0.054902,0.710752,0.0568627,0.0308431,0.0568627,All
-16.6618,0.0588235,13.1047,0.0568627,0.0117689,0.0568627,-4.75187,0.0568627,-4.74175,0.0588235,0.789203,0.0568627,0.719171,0.0588235,0.0309457,0.0588235,All
-16.5827,0.0607843,13.1143,0.0588235,0.0117697,0.0588235,-4.75176,0.0588235,-4.74106,0.0607843,0.792022,0.0588235,0.729935,0.0607843,0.0310639,0.0607843,All
-16.513,0.0627451,13.1224,0.0607843,0.0117726,0.0607843,-4.75168,0.0607843,-4.72815,0.0627451,0.795955,0.0607843,0.744343,0.0627451,0.031075,0.0627451,All
-16.4471,0.0647059,13.1239,0.0627451,0.0118008,0.0627451,-4.75166,0.0627451,-4.72641,0.0647059,0.796425,0.0627451,0.758256,0.0647059,0.0313269,0.0647059,All
-16.4459,0.0666667,13.1284,0.0647059,0.0118099,0.0647059,-4.75158,0.0647059,-4.71589,0.0666667,0.799888,0.0647059,0.766911,0.0666667,0.0314261,0.0666667,All
-16.1927,0.0686275,13.1292,0.0666667,0.0118176,0.0666667,-4.75152,0.0666667,-4.71351,0.0686275,0.803789,0.0666667,0.77064,0.0686275,0.0315221,0.0686275,All
-16.0917,0.0705882,13.1296,0.0686275,0.0118192,0.0686275,-4.75132,0.0686275,-4.71304,0.0705882,0.805921,0.0686275,0.776984,0.0705882,0.0317824,0.0705882,All
-16.0321,0.072549,13.131,0.0705882,0.0118303,0.0705882,-4.75127,0.0705882,-4.71282,0.072549,0.805985,0.0705882,0.778059,0.072549,0.0318688,0.072549,All
-15.8675,0.0745098,13.1348,0.072549,0.0118327,0.072549,-4.75125,0.072549,-4.70325,0.0745098,0.806311,0.072549,0.779736,0.0745098,0.0319482,0.0745098,All
-15.8159,0.0764706,13.1407,0.0745098,0.0118363,0.0745098,-4.75117,0.0745098,-4.7016,0.0764706,0.810124,0.0745098,0.781605,0.0764706,0.0323734,0.0764706,All
-15.8102,0.0784314,13.1414,0.0764706,0.0118484,0.0764706,-4.7511,0.0764706,-4.69976,0.0784314,0.813855,0.0764706,0.781646,0.0784314,0.0329138,0.0784314,All
-15.7947,0.0803922,13.1417,0.0784314,0.0118486,0.0784314,-4.75102,0.0784314,-4.69894,0.0803922,0.814054,0.0784314,0.783081,0.0803922,0.033013,0.0803922,All
-15.7578,0.0823529,13.1427,0.0803922,0.0118492,0.0803922,-4.75087,0.0803922,-4.68542,0.0823529,0.814541,0.0803922,0.784166,0.0823529,0.0330391,0.0823529,All
-15.709,0.0843137,13.1507,0.0823529,0.0118506,0.0823529,-4.75081,0.0823529,-4.68136,0.0843137,0.816062,0.0823529,0.785586,0.0843137,0.0330545,0.0843137,All
-15.6866,0.0862745,13.1564,0.0843137,0.0118553,0.0843137,-4.75065,0.0843137,-4.66997,0.0862745,0.81832,0.0843137,0.794733,0.0862745,0.0331933,0.0862745,All
-15.6055,0.0882353,13.1593,0.0862745,0.0118556,0.0862745,-4.75042,0.0862745,-4.66848,0.0882353,0.821519,0.0862745,0.823504,0.0882353,0.0332623,0.0882353,All
-15.5474,0.0901961,13.1596,0.0882353,0.0118588,0.0882353,-4.75034,0.0882353,-4.66246,0.0901961,0.828736,0.0882353,0.839172,0.0901961,0.0336349,0.0901961,All
-15.5162,0.0921569,13.162,0.0901961,0.0118596,0.0901961,-4.75016,0.0901961,-4.64769,0.0921569,0.829406,0.0901961,0.843119,0.0921569,0.0339581,0.0921569,All
-15.4566,0.0941176,13.1684,0.0921569,0.0118665,0.0921569,-4.75009,0.0921569,-4.64658,0.0941176,0.832774,0.0921569,0.851283,0.0941176,0.0339744,0.0941176,All
-15.4531,0.0960784,13.1727,0.0941176,0.0118682,0.0941176,-4.74992,0.0941176,-4.63998,0.0960784,0.836724,0.0941176,0.860745,0.0960784,0.0340279,0.0960784,All
-15.4045,0.0980392,13.1737,0.0960784,0.0118703,0.0960784,-4.74991,0.0960784,-4.63639,0.0980392,0.837691,0.0960784,0.865673,0.0980392,0.0342068,0.0980392,All
-15.3306,0.1,13.1759,0.0980392,0.0118766,0.0980392,-4.74978,0.0980392,-4.6334,0.1,0.837933,0.0980392,0.86718,0.1,0.0347073,0.1,All
-15.3173,0.101961,13.1762,0.1,0.0118796,0.1,-4.74973,0.1,-4.62458,0.101961,0.839537,0.1,0.881764,0.101961,0.0347947,0.101961,All
-15.2801,0.103922,13.1777,0.101961,0.0118814,0.101961,-4.74972,0.101961,-4.61303,0.103922,0.841388,0.101961,0.882147,0.103922,0.0348934,0.103922,All
-15.2582,0.105882,13.1867,0.103922,0.0118931,0.103922,-4.74972,0.103922,-4.60887,0.105882,0.845739,0.103922,0.891123,0.105882,0.034947,0.105882,All
-15.2149,0.107843,13.1869,0.105882,0.0118939,0.105882,-4.74971,0.105882,-4.60532,0.107843,0.847397,0.105882,0.892252,0.107843,0.034956,0.107843,All
-15.1633,0.109804,13.1895,0.107843,0.011896,0.107843,-4.74966,0.107843,-4.59724,0.109804,0.850518,0.107843,0.901399,0.109804,0.0353402,0.109804,All
-15.1493,0.111765,13.1905,0.109804,0.0118981,0.109804,-4.74956,0.109804,-4.5909,0.111765,0.856534,0.109804,0.90374,0.111765,0.0355594,0.111765,All
-15.1362,0.113725,13.1967,0.111765,0.0119008,0.111765,-4.74936,0.111765,-4.58855,0.113725,0.85821,0.111765,0.903831,0.113725,0.0360725,0.113725,All
-15.0881,0.115686,13.198,0.113725,0.0119083,0.113725,-4.74933,0.113725,-4.58496,0.115686,0.85867,0.113725,0.911001,0.115686,0.0363573,0.115686,All
-15.0753,0.117647,13.1987,0.115686,0.01191,0.115686,-4.74933,0.115686,-4.58276,0.117647,0.861041,0.115686,0.915552,0.117647,0.0366546,0.117647,All
-15.0401,0.119608,13.2006,0.117647,0.0119162,0.117647,-4.74933,0.117647,-4.58155,0.119608,0.863673,0.117647,0.918397,0.119608,0.0367639,0.119608,All
-14.9821,0.121569,13.2031,0.119608,0.0119178,0.119608,-4.74919,0.119608,-4.57969,0.121569,0.864978,0.119608,0.919462,0.121569,0.0369868,0.121569,All
-14.9526,0.123529,13.2075,0.121569,0.0119212,0.121569,-4.74907,0.121569,-4.57278,0.123529,0.865512,0.121569,0.919993,0.123529,0.0377572,0.123529,All
-14.9344,0.12549,13.2086,0.123529,0.0119253,0.123529,-4.74906,0.123529,-4.56503,0.12549,0.869057,0.123529,0.921787,0.12549,0.0379989,0.12549,All
-14.8697,0.127451,13.209,0.12549,0.0119283,0.12549,-4.74903,0.12549,-4.56117,0.127451,0.872562,0.12549,0.923456,0.127451,0.0382626,0.127451,All
-14.8689,0.129412,13.2092,0.127451,0.0119304,0.127451,-4.74897,0.127451,-4.5598,0.129412,0.876485,0.127451,0.928564,0.129412,0.0382772,0.129412,All
-14.7172,0.131373,13.211,0.129412,0.0119339,0.129412,-4.74891,0.129412,-4.55892,0.131373,0.87705,0.129412,0.940164,0.131373,0.0383791,0.131373,All
-14.6894,0.133333,13.2123,0.131373,0.0119354,0.131373,-4.74891,0.131373,-4.55808,0.133333,0.880583,0.131373,0.946814,0.133333,0.0385577,0.133333,All
-14.6862,0.135294,13.2124,0.133333,0.0119376,0.133333,-4.74887,0.133333,-4.55319,0.135294,0.881561,0.133333,0.947194,0.135294,0.0386646,0.135294,All
-14.5725,0.137255,13.2145,0.135294,0.0119405,0.135294,-4.74883,0.135294,-4.54878,0.137255,0.884851,0.135294,0.953064,0.137255,0.0387086,0.137255,All
-14.5572,0.139216,13.2149,0.137255,0.0119405,0.137255,-4.74881,0.137255,-4.54587,0.139216,0.884928,0.137255,0.955162,0.139216,0.038833,0.139216,All
-14.5259,0.141176,13.2192,0.139216,0.0119417,0.139216,-4.74861,0.139216,-4.54545,0.141176,0.890773,0.139216,0.956714,0.141176,0.038834,0.141176,All
-14.4855,0.143137,13.221,0.141176,0.0119489,0.141176,-4.7485,0.141176,-4.53642,0.143137,0.890845,0.141176,0.979941,0.143137,0.0390401,0.143137,All
-14.4593,0.145098,13.2219,0.143137,0.0119506,0.143137,-4.74846,0.143137,-4.5311,0.145098,0.891151,0.143137,0.988111,0.145098,0.0392651,0.145098,All
-14.4407,0.147059,13.2222,0.145098,0.0119511,0.145098,-4.74845,0.145098,-4.52161,0.147059,0.89779,0.145098,0.993286,0.147059,0.0393373,0.147059,All
-14.3893,0.14902,13.2227,0.147059,0.0119585,0.147059,-4.74842,0.147059,-4.51614,0.14902,0.898927,0.147059,0.994686,0.14902,0.0394532,0.14902,All
-14.3363,0.15098,13.2235,0.14902,0.0119663,0.14902,-4.74838,0.14902,-4.50542,0.15098,0.899065,0.14902,0.997097,0.15098,0.0396906,0.15098,All
-14.3263,0.152941,13.2236,0.15098,0.0119711,0.15098,-4.74828,0.15098,-4.50067,0.152941,0.899191,0.15098,0.997509,0.152941,0.039841,0.152941,All
-14.2872,0.154902,13.2239,0.152941,0.0119742,0.152941,-4.74827,0.152941,-4.49825,0.154902,0.899696,0.152941,1.00746,0.154902,0.0400565,0.154902,All
-14.2544,0.156863,13.2257,0.154902,0.0119867,0.154902,-4.74825,0.154902,-4.4954,0.156863,0.900044,0.154902,1.01032,0.156863,0.0401385,0.156863,All
-14.124,0.158824,13.2291,0.156863,0.011989,0.156863,-4.7482,0.156863,-4.48832,0.158824,0.900896,0.156863,1.016,0.158824,0.0401745,0.158824,All
-14.0997,0.160784,13.2292,0.158824,0.0119913,0.158824,-4.74818,0.158824,-4.48576,0.160784,0.903887,0.158824,1.01658,0.160784,0.040458,0.160784,All
-14.0554,0.162745,13.2307,0.160784,0.0119952,0.160784,-4.74816,0.160784,-4.48338,0.162745,0.904766,0.160784,1.02297,0.162745,0.0405621,0.162745,All
-14.0195,0.164706,13.2307,0.162745,0.0120066,0.162745,-4.74807,0.162745,-4.48278,0.164706,0.905379,0.162745,1.02667,0.164706,0.0409238,0.164706,All
-14.0136,0.166667,13.2327,0.164706,0.0120132,0.164706,-4.74804,0.164706,-4.4699,0.166667,0.909743,0.164706,1.03133,0.166667,0.0409908,0.166667,All
-13.9988,0.168627,13.2343,0.166667,0.0120145,0.166667,-4.74801,0.166667,-4.46818,0.168627,0.910069,0.166667,1.03454,0.168627,0.0412165,0.168627,All
-13.9875,0.170588,13.2356,0.168627,0.0120219,0.168627,-4.74788,0.168627,-4.46121,0.170588,0.91249,0.168627,1.04017,0.170588,0.041718,0.170588,All
-13.9666,0.172549,13.2374,0.170588,0.0120225,0.170588,-4.74783,0.170588,-4.4582,0.172549,0.915394,0.170588,1.04077,0.172549,0.0417208,0.172549,All
-13.9408,0.17451,13.2393,0.172549,0.0120353,0.172549,-4.74781,0.172549,-4.45808,0.17451,0.915715,0.172549,1.04215,0.17451,0.0420714,0.17451,All
-13.9307,0.176471,13.2397,0.17451,0.0120371,0.17451,-4.74776,0.17451,-4.4536,0.176471,0.916481,0.17451,1.04355,0.176471,0.0422043,0.176471,All
-13.9225,0.178431,13.2402,0.176471,0.0120386,0.176471,-4.74769,0.176471,-4.4515,0.178431,0.917162,0.176471,1.04837,0.178431,0.042268,0.178431,All
-13.9076,0.180392,13.2431,0.178431,0.0120401,0.178431,-4.74753,0.178431,-4.44952,0.180392,0.918495,0.178431,1.06148,0.180392,0.0430709,0.180392,All
-13.9006,0.182353,13.2443,0.180392,0.0120436,0.180392,-4.74743,0.180392,-4.44464,0.182353,0.919518,0.180392,1.06791,0.182353,0.043366,0.182353,All
-13.869,0.184314,13.2472,0.182353,0.0120444,0.182353,-4.74739,0.182353,-4.44427,0.184314,0.919985,0.182353,1.07025,0.184314,0.0435837,0.184314,All
-13.8478,0.186275,13.248,0.184314,0.0120451,0.184314,-4.74736,0.184314,-4.44187,0.186275,0.92584,0.184314,1.07045,0.186275,0.0436944,0.186275,All
-13.828,0.188235,13.249,0.186275,0.0120467,0.186275,-4.74729,0.186275,-4.42923,0.188235,0.925885,0.186275,1.07318,0.188235,0.0437996,0.188235,All
-13.8078,0.190196,13.2491,0.188235,0.0120505,0.188235,-4.74726,0.188235,-4.42916,0.190196,0.925917,0.188235,1.07593,0.190196,0.0444032,0.190196,All
-13.7802,0.192157,13.2524,0.190196,0.0120532,0.190196,-4.74712,0.190196,-4.42228,0.192157,0.928784,0.190196,1.08099,0.192157,0.0444664,0.192157,All
-13.7729,0.194118,13.2537,0.192157,0.0120538,0.192157,-4.74708,0.192157,-4.41772,0.194118,0.928879,0.192157,1.08131,0.194118,0.0447538,0.194118,All
-13.7236,0.196078,13.2542,0.194118,0.0120611,0.194118,-4.747,0.194118,-4.40951,0.196078,0.929066,0.194118,1.08138,0.196078,0.044809,0.196078,All
-13.7144,0.198039,13.2542,0.196078,0.0120615,0.196078,-4.74696,0.196078,-4.40798,0.198039,0.929077,0.196078,1.08951,0.198039,0.0448245,0.198039,All
-13.6809,0.2,13.2558,0.198039,0.012062,0.198039,-4.74691,0.198039,-4.40398,0.2,0.930133,0.198039,1.09079,0.2,0.0449733,0.2,All
-13.6666,0.201961,13.2572,0.2,0.0120636,0.2,-4.74675,0.2,-4.39793,0.201961,0.93072,0.2,1.09288,0.201961,0.045558,0.201961,All
-13.6617,0.203922,13.2581,0.201961,0.0120651,0.201961,-4.74671,0.201961,-4.39531,0.203922,0.933491,0.201961,1.09436,0.203922,0.0456275,0.203922,All
-13.6522,0.205882,13.2602,0.203922,0.0120674,0.203922,-4.74664,0.203922,-4.3876,0.205882,0.936956,0.203922,1.10153,0.205882,0.0466172,0.205882,All
-13.5948,0.207843,13.2605,0.205882,0.0120717,0.205882,-4.74657,0.205882,-4.38714,0.207843,0.937629,0.205882,1.10206,0.207843,0.0468019,0.207843,All
-13.5918,0.209804,13.2636,0.207843,0.0120754,0.207843,-4.74652,0.207843,-4.38356,0.209804,0.938958,0.207843,1.10652,0.209804,0.046897,0.209804,All
-13.5704,0.211765,13.2647,0.209804,0.0120766,0.209804,-4.74652,0.209804,-4.38351,0.211765,0.939201,0.209804,1.10684,0.211765,0.0470991,0.211765,All
-13.5557,0.213725,13.2661,0.211765,0.0120778,0.211765,-4.74641,0.211765,-4.37009,0.213725,0.939457,0.211765,1.10735,0.213725,0.0474713,0.213725,All
-13.4817,0.215686,13.2697,0.213725,0.0120783,0.213725,-4.7464,0.213725,-4.35579,0.215686,0.939759,0.213725,1.10966,0.215686,0.0474743,0.215686,All
-13.4786,0.217647,13.27,0.215686,0.0120783,0.215686,-4.74629,0.215686,-4.34772,0.217647,0.939971,0.215686,1.11452,0.217647,0.0476714,0.217647,All
-13.4772,0.219608,13.2702,0.217647,0.0120849,0.217647,-4.74622,0.217647,-4.34252,0.219608,0.943805,0.217647,1.11808,0.219608,0.0481856,0.219608,All
-13.4695,0.221569,13.2708,0.219608,0.0120874,0.219608,-4.74602,0.219608,-4.33981,0.221569,0.944624,0.219608,1.12122,0.221569,0.0482426,0.221569,All
-13.378,0.223529,13.2764,0.221569,0.0120892,0.221569,-4.74587,0.221569,-4.33956,0.223529,0.945302,0.221569,1.12688,0.223529,0.0485173,0.223529,All
-13.3483,0.22549,13.2765,0.223529,0.0120899,0.223529,-4.74577,0.223529,-4.33842,0.22549,0.946993,0.223529,1.12775,0.22549,0.0487173,0.22549,All
-13.3369,0.227451,13.2773,0.22549,0.012092,0.22549,-4.74575,0.22549,-4.33751,0.227451,0.947151,0.22549,1.14382,0.227451,0.049531,0.227451,All
-13.3323,0.229412,13.2775,0.227451,0.0121012,0.227451,-4.74573,0.227451,-4.33749,0.229412,0.947621,0.227451,1.16019,0.229412,0.0496478,0.229412,All
-13.3172,0.231373,13.2816,0.229412,0.0121013,0.229412,-4.74563,0.229412,-4.33595,0.231373,0.94769,0.229412,1.16837,0.231373,0.0499135,0.231373,All
-13.2901,0.233333,13.2837,0.231373,0.0121034,0.231373,-4.74556,0.231373,-4.33529,0.233333,0.948386,0.231373,1.17212,0.233333,0.0509589,0.233333,All
-13.2725,0.235294,13.2837,0.233333,0.0121065,0.233333,-4.74552,0.233333,-4.33317,0.235294,0.951576,0.233333,1.17866,0.235294,0.0511508,0.235294,All
-13.2563,0.237255,13.2877,0.235294,0.0121135,0.235294,-4.7455,0.235294,-4.33033,0.237255,0.951869,0.235294,1.17963,0.237255,0.0512494,0.237255,All
-13.2488,0.239216,13.2887,0.237255,0.012114,0.237255,-4.74546,0.237255,-4.32873,0.239216,0.956919,0.237255,1.17979,0.239216,0.0513667,0.239216,All
-13.2253,0.241176,13.2888,0.239216,0.0121174,0.239216,-4.74543,0.239216,-4.32747,0.241176,0.957683,0.239216,1.18052,0.241176,0.0525653,0.241176,All
-13.1769,0.243137,13.2889,0.241176,0.0121204,0.241176,-4.7454,0.241176,-4.32718,0.243137,0.957871,0.241176,1.18076,0.243137,0.0536182,0.243137,All
-13.1769,0.245098,13.2891,0.243137,0.0121217,0.243137,-4.74539,0.243137,-4.32484,0.245098,0.958587,0.243137,1.18485,0.245098,0.0542637,0.245098,All
-13.1465,0.247059,13.2925,0.245098,0.0121249,0.245098,-4.74538,0.245098,-4.32479,0.247059,0.959457,0.245098,1.18998,0.247059,0.0547815,0.247059,All
-13.1394,0.24902,13.293,0.247059,0.0121296,0.247059,-4.74528,0.247059,-4.32243,0.24902,0.959541,0.247059,1.19511,0.24902,0.0548702,0.24902,All
-13.1388,0.25098,13.294,0.24902,0.0121361,0.24902,-4.74525,0.24902,-4.31923,0.25098,0.959632,0.24902,1.19796,0.25098,0.0553724,0.25098,All
-13.0873,0.252941,13.2953,0.25098,0.0121374,0.25098,-4.74524,0.25098,-4.31922,0.252941,0.961744,0.25098,1.20189,0.252941,0.0557686,0.252941,All
-13.0786,0.254902,13.2954,0.252941,0.0121375,0.252941,-4.74518,0.252941,-4.31675,0.254902,0.961969,0.252941,1.20423,0.254902,0.0562165,0.254902,All
-13.0526,0.256863,13.2956,0.254902,0.0121394,0.254902,-4.74517,0.254902,-4.31531,0.256863,0.962047,0.254902,1.20534,0.256863,0.0562342,0.256863,All
-13.0477,0.258824,13.2962,0.256863,0.0121413,0.256863,-4.74515,0.256863,-4.31148,0.258824,0.963791,0.256863,1.20837,0.258824,0.0563592,0.258824,All
-13.038,0.260784,13.2979,0.258824,0.012148,0.258824,-4.74513,0.258824,-4.31023,0.260784,0.965138,0.258824,1.21032,0.260784,0.0572479,0.260784,All
-13.0275,0.262745,13.2991,0.260784,0.0121489,0.260784,-4.74507,0.260784,-4.3077,0.262745,0.965617,0.260784,1.21565,0.262745,0.0573121,0.262745,All
-13.0129,0.264706,13.2996,0.262745,0.012149,0.262745,-4.74503,0.262745,-4.30646,0.264706,0.967317,0.262745,1.22049,0.264706,0.0577093,0.264706,All
-12.9707,0.266667,13.3,0.264706,0.0121552,0.264706,-4.74497,0.264706,-4.30424,0.266667,0.967485,0.264706,1.22182,0.266667,0.0579044,0.266667,All
-12.9624,0.268627,13.301,0.266667,0.0121582,0.266667,-4.74473,0.266667,-4.301,0.268627,0.968713,0.266667,1.22424,0.268627,0.0603069,0.268627,All
-12.9207,0.270588,13.3032,0.268627,0.0121586,0.268627,-4.74471,0.268627,-4.29806,0.270588,0.969743,0.268627,1.23428,0.270588,0.0618201,0.270588,All
-12.9137,0.272549,13.3042,0.270588,0.0121588,0.270588,-4.74471,0.270588,-4.29532,0.272549,0.970023,0.270588,1.23808,0.272549,0.0620084,0.272549,All
-12.8603,0.27451,13.3057,0.272549,0.0121596,0.272549,-4.74468,0.272549,-4.29384,0.27451,0.970234,0.272549,1.23816,0.27451,0.0620132,0.27451,All
-12.8565,0.276471,13.306,0.27451,0.0121599,0.27451,-4.74465,0.27451,-4.28527,0.276471,0.970595,0.27451,1.23932,0.276471,0.0627326,0.276471,All
-12.8292,0.278431,13.3085,0.276471,0.0121631,0.276471,-4.74461,0.276471,-4.28183,0.278431,0.971396,0.276471,1.2397,0.278431,0.0628134,0.278431,All
-12.8124,0.280392,13.3091,0.278431,0.012165,0.278431,-4.7446,0.278431,-4.27937,0.280392,0.971769,0.278431,1.24023,0.280392,0.0636451,0.280392,All
-12.8107,0.282353,13.3099,0.280392,0.0121703,0.280392,-4.74455,0.280392,-4.27802,0.282353,0.973331,0.280392,1.24414,0.282353,0.0639855,0.282353,All
-12.8013,0.284314,13.3109,0.282353,0.0121715,0.282353,-4.74454,0.282353,-4.26921,0.284314,0.973973,0.282353,1.24713,0.284314,0.0647349,0.284314,All
-12.7881,0.286275,13.3115,0.284314,0.0121717,0.284314,-4.74453,0.284314,-4.26805,0.286275,0.974918,0.284314,1.25007,0.286275,0.0653326,0.286275,All
-12.7834,0.288235,13.3126,0.286275,0.0121733,0.286275,-4.74448,0.286275,-4.26753,0.288235,0.978222,0.286275,1.25036,0.288235,0.0660376,0.288235,All
-12.7568,0.290196,13.3126,0.288235,0.0121742,0.288235,-4.74432,0.288235,-4.26595,0.290196,0.979325,0.288235,1.25131,0.290196,0.0661583,0.290196,All
-12.7297,0.292157,13.3142,0.290196,0.0121742,0.290196,-4.74431,0.290196,-4.2644,0.292157,0.981548,0.290196,1.25152,0.292157,0.0672161,0.292157,All
-12.6766,0.294118,13.3149,0.292157,0.0121749,0.292157,-4.7443,0.292157,-4.26328,0.294118,0.981966,0.292157,1.25252,0.294118,0.0672233,0.294118,All
-12.6748,0.296078,13.3153,0.294118,0.0121785,0.294118,-4.7443,0.294118,-4.25984,0.296078,0.984254,0.294118,1.25726,0.296078,0.0678252,0.296078,All
-12.6529,0.298039,13.3156,0.296078,0.0121786,0.296078,-4.74428,0.296078,-4.25459,0.298039,0.984484,0.296078,1.25775,0.298039,0.0681385,0.298039,All
-12.6117,0.3,13.316,0.298039,0.0121816,0.298039,-4.74424,0.298039,-4.24854,0.3,0.98479,0.298039,1.25867,0.3,0.0683978,0.3,All
-12.594,0.301961,13.317,0.3,0.0121829,0.3,-4.74414,0.3,-4.24493,0.301961,0.985532,0.3,1.25974,0.301961,0.0690794,0.301961,All
-12.536,0.303922,13.3173,0.301961,0.0121859,0.301961,-4.7441,0.301961,-4.23706,0.303922,0.986314,0.301961,1.26225,0.303922,0.0697021,0.303922,All
-12.5131,0.305882,13.3175,0.303922,0.0121897,0.303922,-4.74409,0.303922,-4.23398,0.305882,0.988534,0.303922,1.27259,0.305882,0.070067,0.305882,All
-12.4897,0.307843,13.3176,0.305882,0.0121898,0.305882,-4.74409,0.305882,-4.22984,0.307843,0.989101,0.305882,1.27525,0.307843,0.0701051,0.307843,All
-12.4838,0.309804,13.3187,0.307843,0.0121959,0.307843,-4.74406,0.307843,-4.22977,0.309804,0.989528,0.307843,1.27577,0.309804,0.0701303,0.309804,All
-12.4801,0.311765,13.3195,0.309804,0.0121969,0.309804,-4.74404,0.309804,-4.22348,0.311765,0.992795,0.309804,1.27632,0.311765,0.0705613,0.311765,All
-12.4485,0.313725,13.3199,0.311765,0.0121985,0.311765,-4.74401,0.311765,-4.22327,0.313725,0.993928,0.311765,1.27988,0.313725,0.0709445,0.313725,All
-12.3782,0.315686,13.3204,0.313725,0.0122029,0.313725,-4.74399,0.313725,-4.22326,0.315686,0.994378,0.313725,1.28654,0.315686,0.0716265,0.315686,All
-12.3732,0.317647,13.3241,0.315686,0.0122032,0.315686,-4.74393,0.315686,-4.22179,0.317647,0.995234,0.315686,1.28957,0.317647,0.0716311,0.317647,All
-12.3612,0.319608,13.325,0.317647,0.0122054,0.317647,-4.74392,0.317647,-4.21869,0.319608,0.995282,0.317647,1.29113,0.319608,0.0723391,0.319608,All
-12.3423,0.321569,13.326,0.319608,0.0122061,0.319608,-4.7438,0.319608,-4.21614,0.321569,0.995803,0.319608,1.2995,0.321569,0.0728884,0.321569,All
-12.327,0.323529,13.3274,0.321569,0.012207,0.321569,-4.74377,0.321569,-4.20935,0.323529,0.997795,0.321569,1.30102,0.323529,0.0730136,0.323529,All
-12.2779,0.32549,13.3279,0.323529,0.012211,0.323529,-4.74374,0.323529,-4.2023,0.32549,0.998495,0.323529,1.30224,0.32549,0.0735843,0.32549,All
-12.2266,0.327451,13.3311,0.32549,0.0122128,0.32549,-4.74373,0.32549,-4.20147,0.327451,0.998565,0.32549,1.30666,0.327451,0.073865,0.327451,All
-12.2051,0.329412,13.3327,0.327451,0.0122149,0.327451,-4.74362,0.327451,-4.19951,0.329412,1.00097,0.327451,1.30844,0.329412,0.0738656,0.329412,All
-12.1962,0.331373,13.3358,0.329412,0.0122151,0.329412,-4.74357,0.329412,-4.19839,0.331373,1.0021,0.329412,1.30858,0.331373,0.0738663,0.331373,All
-12.1914,0.333333,13.3362,0.331373,0.0122157,0.331373,-4.74355,0.331373,-4.1922,0.333333,1.00212,0.331373,1.3086,0.333333,0.0738924,0.333333,All
-12.1547,0.335294,13.3371,0.333333,0.0122209,0.333333,-4.74348,0.333333,-4.19114,0.335294,1.00233,0.333333,1.31118,0.335294,0.0742017,0.335294,All
-12.1312,0.337255,13.3371,0.335294,0.0122215,0.335294,-4.7434,0.335294,-4.18873,0.337255,1.00268,0.335294,1.31323,0.337255,0.0747156,0.337255,All
-12.1076,0.339216,13.3373,0.337255,0.0122219,0.337255,-4.7434,0.337255,-4.17727,0.339216,1.00372,0.337255,1.31348,0.339216,0.0747681,0.339216,All
-12.0912,0.341176,13.3374,0.339216,0.0122226,0.339216,-4.74337,0.339216,-4.17703,0.341176,1.00398,0.339216,1.31901,0.341176,0.0747954,0.341176,All
-12.0866,0.343137,13.3391,0.341176,0.0122257,0.341176,-4.74335,0.341176,-4.177,0.343137,1.00437,0.341176,1.31928,0.343137,0.0748842,0.343137,All
-12.0791,0.345098,13.3398,0.343137,0.0122279,0.343137,-4.74331,0.343137,-4.17438,0.345098,1.00464,0.343137,1.32373,0.345098,0.0752821,0.345098,All
-12.0738,0.347059,13.3446,0.345098,0.0122282,0.345098,-4.74326,0.345098,-4.16845,0.347059,1.00519,0.345098,1.32419,0.347059,0.076019,0.347059,All
-12.0551,0.34902,13.3462,0.347059,0.0122302,0.347059,-4.7432,0.347059,-4.168,0.34902,1.00549,0.347059,1.32963,0.34902,0.0763248,0.34902,All
-12.0474,0.35098,13.3481,0.34902,0.0122314,0.34902,-4.74318,0.34902,-4.16325,0.35098,1.00612,0.34902,1.33414,0.35098,0.0764289,0.35098,All
-11.9767,0.352941,13.3505,0.35098,0.0122324,0.35098,-4.74313,0.35098,-4.16123,0.352941,1.00712,0.35098,1.33984,0.352941,0.0771923,0.352941,All
-11.9639,0.354902,13.3512,0.352941,0.0122329,0.352941,-4.74313,0.352941,-4.15328,0.354902,1.00794,0.352941,1.34251,0.354902,0.0788182,0.354902,All
-11.9464,0.356863,13.3521,0.354902,0.0122343,0.354902,-4.7431,0.354902,-4.15174,0.356863,1.00881,0.354902,1.34261,0.356863,0.0789897,0.356863,All
-11.9345,0.358824,13.3553,0.356863,0.0122353,0.356863,-4.74307,0.356863,-4.15006,0.358824,1.00892,0.356863,1.34304,0.358824,0.0792168,0.358824,All
-11.9181,0.360784,13.3565,0.358824,0.0122377,0.358824,-4.74303,0.358824,-4.14908,0.360784,1.01151,0.358824,1.3488,0.360784,0.0800589,0.360784,All
-11.9177,0.362745,13.3568,0.360784,0.0122416,0.360784,-4.74301,0.360784,-4.14356,0.362745,1.01189,0.360784,1.35359,0.362745,0.0800621,0.362745,All
-11.9139,0.364706,13.3571,0.362745,0.0122429,0.362745,-4.743,0.362745,-4.14315,0.364706,1.01218,0.362745,1.35554,0.364706,0.0809275,0.364706,All
-11.9119,0.366667,13.3589,0.364706,0.0122447,0.364706,-4.74298,0.364706,-4.13035,0.366667,1.01247,0.364706,1.3641,0.366667,0.0814931,0.366667,All
-11.9111,0.368627,13.3648,0.366667,0.0122457,0.366667,-4.74298,0.366667,-4.12979,0.368627,1.01333,0.366667,1.36713,0.368627,0.0816911,0.368627,All
-11.8965,0.370588,13.3654,0.368627,0.0122467,0.368627,-4.74296,0.368627,-4.12835,0.370588,1.01368,0.368627,1.36944,0.370588,0.0817087,0.370588,All
-11.8812,0.372549,13.3678,0.370588,0.0122473,0.370588,-4.74287,0.370588,-4.12544,0.372549,1.01377,0.370588,1.3701,0.372549,0.0837225,0.372549,All
-11.8623,0.37451,13.3687,0.372549,0.0122497,0.372549,-4.7428,0.372549,-4.1206,0.37451,1.01394,0.372549,1.37979,0.37451,0.0842734,0.37451,All
-11.8598,0.376471,13.3688,0.37451,0.0122529,0.37451,-4.74279,0.37451,-4.11281,0.376471,1.01441,0.37451,1.38017,0.376471,0.0846098,0.376471,All
-11.852,0.378431,13.3715,0.376471,0.0122546,0.376471,-4.74279,0.376471,-4.1078,0.378431,1.015,0.376471,1.38397,0.378431,0.0850845,0.378431,All
-11.8401,0.380392,13.3715,0.378431,0.0122557,0.378431,-4.74273,0.378431,-4.10715,0.380392,1.01593,0.378431,1.39038,0.380392,0.0861457,0.380392,All
-11.8256,0.382353,13.3722,0.380392,0.0122573,0.380392,-4.74267,0.380392,-4.10633,0.382353,1.01661,0.380392,1.39202,0.382353,0.0863694,0.382353,All
-11.7932,0.384314,13.3725,0.382353,0.0122576,0.382353,-4.74265,0.382353,-4.10588,0.384314,1.01665,0.382353,1.39641,0.384314,0.086395,0.384314,All
-11.7521,0.386275,13.3728,0.384314,0.0122606,0.384314,-4.74261,0.384314,-4.09816,0.386275,1.01665,0.384314,1.39657,0.386275,0.0866334,0.386275,All
-11.748,0.388235,13.3729,0.386275,0.0122625,0.386275,-4.74245,0.386275,-4.09333,0.388235,1.01755,0.386275,1.39736,0.388235,0.0882279,0.388235,All
-11.7359,0.390196,13.3731,0.388235,0.0122643,0.388235,-4.74244,0.388235,-4.09217,0.390196,1.01845,0.388235,1.40426,0.390196,0.0887913,0.390196,All
-11.7224,0.392157,13.3735,0.390196,0.0122676,0.390196,-4.74244,0.390196,-4.09212,0.392157,1.01953,0.390196,1.40565,0.392157,0.0888438,0.392157,All
-11.7036,0.394118,13.3737,0.392157,0.0122698,0.392157,-4.74242,0.392157,-4.08949,0.394118,1.02136,0.392157,1.40616,0.394118,0.0906965,0.394118,All
-11.6879,0.396078,13.3763,0.394118,0.0122713,0.394118,-4.74241,0.394118,-4.08287,0.396078,1.02163,0.394118,1.40636,0.396078,0.0910795,0.396078,All
-11.6772,0.398039,13.3768,0.396078,0.0122725,0.396078,-4.7424,0.396078,-4.07578,0.398039,1.02189,0.396078,1.40779,0.398039,0.0912544,0.398039,All
-11.6637,0.4,13.3773,0.398039,0.0122734,0.398039,-4.74236,0.398039,-4.07522,0.4,1.02427,0.398039,1.4113,0.4,0.0916592,0.4,All
-11.6621,0.401961,13.3774,0.4,0.0122742,0.4,-4.74234,0.4,-4.07284,0.401961,1.02437,0.4,1.41452,0.401961,0.0917451,0.401961,All
-11.6447,0.403922,13.3793,0.401961,0.0122747,0.401961,-4.74234,0.401961,-4.07256,0.403922,1.02693,0.401961,1.41675,0.403922,0.0918941,0.403922,All
-11.6447,0.405882,13.3797,0.403922,0.0122766,0.403922,-4.74231,0.403922,-4.07108,0.405882,1.02699,0.403922,1.41948,0.405882,0.0927123,0.405882,All
-11.6049,0.407843,13.3815,0.405882,0.0122793,0.405882,-4.74221,0.405882,-4.06844,0.407843,1.02714,0.405882,1.42073,0.407843,0.0932831,0.407843,All
-11.5943,0.409804,13.3815,0.407843,0.0122842,0.407843,-4.74213,0.407843,-4.06632,0.409804,1.02805,0.407843,1.42197,0.409804,0.0935918,0.409804,All
-11.5891,0.411765,13.3833,0.409804,0.0122866,0.409804,-4.74206,0.409804,-4.05499,0.411765,1.02906,0.409804,1.42231,0.411765,0.094921,0.411765,All
-11.5805,0.413725,13.3835,0.411765,0.0122876,0.411765,-4.74202,0.411765,-4.05049,0.413725,1.02955,0.411765,1.4237,0.413725,0.0961434,0.413725,All
-11.5167,0.415686,13.3835,0.413725,0.0122896,0.413725,-4.74178,0.413725,-4.04192,0.415686,1.03144,0.413725,1.43156,0.415686,0.0983926,0.415686,All
-11.5085,0.417647,13.3841,0.415686,0.0122922,0.415686,-4.74176,0.415686,-4.04092,0.417647,1.03167,0.415686,1.43177,0.417647,0.0987597,0.417647,All
-11.5053,0.419608,13.3856,0.417647,0.0122943,0.417647,-4.74172,0.417647,-4.03522,0.419608,1.03193,0.417647,1.43473,0.419608,0.0992416,0.419608,All
-11.5034,0.421569,13.3892,0.419608,0.0122964,0.419608,-4.7417,0.419608,-4.03136,0.421569,1.03303,0.419608,1.43529,0.421569,0.100311,0.421569,All
-11.4974,0.423529,13.3902,0.421569,0.0122974,0.421569,-4.74165,0.421569,-4.03032,0.423529,1.0334,0.421569,1.43571,0.423529,0.100451,0.423529,All
-11.4771,0.42549,13.3923,0.423529,0.0122979,0.423529,-4.74154,0.423529,-4.02999,0.42549,1.03386,0.423529,1.44738,0.42549,0.100643,0.42549,All
-11.4759,0.427451,13.3955,0.42549,0.0123028,0.42549,-4.74153,0.42549,-4.02884,0.427451,1.0342,0.42549,1.45055,0.427451,0.101606,0.427451,All
-11.4758,0.429412,13.3966,0.427451,0.0123064,0.427451,-4.7415,0.427451,-4.02685,0.429412,1.03509,0.427451,1.45884,0.429412,0.104959,0.429412,All
-11.4509,0.431373,13.3972,0.429412,0.0123137,0.429412,-4.74145,0.429412,-4.02196,0.431373,1.03536,0.429412,1.46003,0.431373,0.105619,0.431373,All
-11.4502,0.433333,13.3972,0.431373,0.0123144,0.431373,-4.7414,0.431373,-4.02137,0.433333,1.03569,0.431373,1.46653,0.433333,0.105793,0.433333,All
-11.4357,0.435294,13.399,0.433333,0.0123152,0.433333,-4.74133,0.433333,-4.02129,0.435294,1.03635,0.433333,1.46702,0.435294,0.105864,0.435294,All
-11.3412,0.437255,13.3992,0.435294,0.0123201,0.435294,-4.7413,0.435294,-4.02125,0.437255,1.03745,0.435294,1.46841,0.437255,0.106768,0.437255,All
-11.3353,0.439216,13.3993,0.437255,0.0123211,0.437255,-4.74125,0.437255,-4.02067,0.439216,1.03818,0.437255,1.47145,0.439216,0.108688,0.439216,All
-11.3115,0.441176,13.4007,0.439216,0.0123228,0.439216,-4.74124,0.439216,-4.01933,0.441176,1.04016,0.439216,1.47169,0.441176,0.108792,0.441176,All
-11.3011,0.443137,13.4008,0.441176,0.0123283,0.441176,-4.74119,0.441176,-4.00937,0.443137,1.041,0.441176,1.47876,0.443137,0.109269,0.443137,All
-11.2999,0.445098,13.4011,0.443137,0.0123296,0.443137,-4.74117,0.443137,-4.00926,0.445098,1.04107,0.443137,1.47938,0.445098,0.109294,0.445098,All
-11.2962,0.447059,13.4019,0.445098,0.0123313,0.445098,-4.74115,0.445098,-3.98877,0.447059,1.04165,0.445098,1.48485,0.447059,0.109649,0.447059,All
-11.2954,0.44902,13.4023,0.447059,0.0123314,0.447059,-4.74115,0.447059,-3.98699,0.44902,1.0417,0.447059,1.48833,0.44902,0.110115,0.44902,All
-11.2888,0.45098,13.4024,0.44902,0.0123335,0.44902,-4.74113,0.44902,-3.98175,0.45098,1.04217,0.44902,1.49289,0.45098,0.111028,0.45098,All
-11.2833,0.452941,13.4024,0.45098,0.0123348,0.45098,-4.74107,0.45098,-3.97868,0.452941,1.04275,0.45098,1.49562,0.452941,0.111817,0.452941,All
-11.2657,0.454902,13.4057,0.452941,0.0123348,0.452941,-4.74098,0.452941,-3.97717,0.454902,1.04333,0.452941,1.50203,0.454902,0.112359,0.454902,All
-11.2249,0.456863,13.4064,0.454902,0.0123354,0.454902,-4.74096,0.454902,-3.97437,0.456863,1.04379,0.454902,1.50642,0.456863,0.114111,0.456863,All
-11.2235,0.458824,13.4067,0.456863,0.0123373,0.456863,-4.74093,0.456863,-3.97067,0.458824,1.04395,0.456863,1.51136,0.458824,0.114336,0.458824,All
-11.2005,0.460784,13.407,0.458824,0.0123377,0.458824,-4.74081,0.458824,-3.96983,0.460784,1.04494,0.458824,1.51269,0.460784,0.114673,0.460784,All
-11.1968,0.462745,13.4072,0.460784,0.0123384,0.460784,-4.74074,0.460784,-3.96872,0.462745,1.04502,0.460784,1.51419,0.462745,0.115367,0.462745,All
-11.1374,0.464706,13.4086,0.462745,0.0123414,0.462745,-4.74063,0.462745,-3.96499,0.464706,1.04507,0.462745,1.51672,0.464706,0.116828,0.464706,All
-11.113,0.466667,13.4089,0.464706,0.0123438,0.464706,-4.74062,0.464706,-3.96455,0.466667,1.04551,0.464706,1.52632,0.466667,0.117912,0.466667,All
-11.106,0.468627,13.409,0.466667,0.012344,0.466667,-4.74061,0.466667,-3.96279,0.468627,1.04572,0.466667,1.52844,0.468627,0.118442,0.468627,All
-11.0965,0.470588,13.4117,0.468627,0.0123474,0.468627,-4.74056,0.468627,-3.96042,0.470588,1.04578,0.468627,1.53596,0.470588,0.119856,0.470588,All
-11.0959,0.472549,13.412,0.470588,0.0123488,0.470588,-4.74055,0.470588,-3.95684,0.472549,1.04585,0.470588,1.53847,0.472549,0.120045,0.472549,All
-11.0946,0.47451,13.4123,0.472549,0.0123527,0.472549,-4.74054,0.472549,-3.95062,0.47451,1.04598,0.472549,1.54272,0.47451,0.120142,0.47451,All
-11.0945,0.476471,13.413,0.47451,0.0123537,0.47451,-4.74047,0.47451,-3.94782,0.476471,1.04658,0.47451,1.54723,0.476471,0.120752,0.476471,All
-11.0732,0.478431,13.4144,0.476471,0.0123543,0.476471,-4.74045,0.476471,-3.94692,0.478431,1.04738,0.476471,1.55087,0.478431,0.120769,0.478431,All
-11.0537,0.480392,13.4149,0.478431,0.0123595,0.478431,-4.74035,0.478431,-3.94549,0.480392,1.04787,0.478431,1.55121,0.480392,0.122805,0.480392,All
-11.0435,0.482353,13.4181,0.480392,0.0123601,0.480392,-4.74034,0.480392,-3.9443,0.482353,1.04821,0.480392,1.55221,0.482353,0.123515,0.482353,All
-11.0323,0.484314,13.4183,0.482353,0.0123621,0.482353,-4.74026,0.482353,-3.93566,0.484314,1.05114,0.482353,1.56671,0.484314,0.123639,0.484314,All
-11.0134,0.486275,13.4196,0.484314,0.0123633,0.484314,-4.74024,0.484314,-3.93371,0.486275,1.05116,0.484314,1.58072,0.486275,0.126822,0.486275,All
-11.0125,0.488235,13.4219,0.486275,0.0123636,0.486275,-4.74021,0.486275,-3.93314,0.488235,1.05146,0.486275,1.58405,0.488235,0.12895,0.488235,All
-10.9851,0.490196,13.4228,0.488235,0.0123638,0.488235,-4.74013,0.488235,-3.93179,0.490196,1.05242,0.488235,1.58602,0.490196,0.129457,0.490196,All
-10.9727,0.492157,13.4246,0.490196,0.0123663,0.490196,-4.74012,0.490196,-3.92912,0.492157,1.0526,0.490196,1.58838,0.492157,0.130045,0.492157,All
-10.9421,0.494118,13.4249,0.492157,0.0123699,0.492157,-4.74012,0.492157,-3.92737,0.494118,1.05274,0.492157,1.59036,0.494118,0.130648,0.494118,All
-10.9406,0.496078,13.4252,0.494118,0.0123712,0.494118,-4.7401,0.494118,-3.92694,0.496078,1.05279,0.494118,1.59112,0.496078,0.131337,0.496078,All
-10.9389,0.498039,13.4259,0.496078,0.0123735,0.496078,-4.74006,0.496078,-3.92542,0.498039,1.05285,0.496078,1.59138,0.498039,0.131372,0.498039,All
-10.9332,0.5,13.426,0.498039,0.0123744,0.498039,-4.74005,0.498039,-3.92451,0.5,1.05433,0.498039,1.59259,0.5,0.131968,0.5,All
-10.9122,0.501961,13.4265,0.5,0.0123748,0.5,-4.74001,0.5,-3.9222,0.501961,1.05449,0.5,1.59356,0.501961,0.133593,0.501961,All
-10.9051,0.503922,13.4289,0.501961,0.0123825,0.501961,-4.73997,0.501961,-3.92003,0.503922,1.05506,0.501961,1.59603,0.503922,0.133919,0.503922,All
-10.8773,0.505882,13.43,0.503922,0.0123852,0.503922,-4.73984,0.503922,-3.91681,0.505882,1.05566,0.503922,1.59799,0.505882,0.13411,0.505882,All
-10.8616,0.507843,13.4322,0.505882,0.0123853,0.505882,-4.7398,0.505882,-3.91445,0.507843,1.05582,0.505882,1.60159,0.507843,0.134773,0.507843,All
-10.856,0.509804,13.4371,0.507843,0.0123858,0.507843,-4.73974,0.507843,-3.91269,0.509804,1.05635,0.507843,1.60378,0.509804,0.135592,0.509804,All
-10.8537,0.511765,13.4374,0.509804,0.0123889,0.509804,-4.73971,0.509804,-3.90397,0.511765,1.05766,0.509804,1.60807,0.511765,0.136033,0.511765,All
-10.8448,0.513725,13.4401,0.511765,0.0123903,0.511765,-4.73969,0.511765,-3.90122,0.513725,1.05975,0.511765,1.6089,0.513725,0.136167,0.513725,All
-10.8368,0.515686,13.4419,0.513725,0.0123943,0.513725,-4.73967,0.513725,-3.89944,0.515686,1.05975,0.513725,1.60963,0.515686,0.137378,0.515686,All
-10.8363,0.517647,13.4427,0.515686,0.0123952,0.515686,-4.73964,0.515686,-3.89907,0.517647,1.06156,0.515686,1.61699,0.517647,0.138915,0.517647,All
-10.8353,0.519608,13.4432,0.517647,0.0123953,0.517647,-4.73961,0.517647,-3.89607,0.519608,1.06195,0.517647,1.62308,0.519608,0.140925,0.519608,All
-10.7972,0.521569,13.4433,0.519608,0.0123992,0.519608,-4.73957,0.519608,-3.89574,0.521569,1.06264,0.519608,1.6235,0.521569,0.142879,0.521569,All
-10.7784,0.523529,13.4433,0.521569,0.0124005,0.521569,-4.73956,0.521569,-3.89463,0.523529,1.06519,0.521569,1.6303,0.523529,0.143618,0.523529,All
-10.7707,0.52549,13.4459,0.523529,0.0124013,0.523529,-4.73955,0.523529,-3.89374,0.52549,1.06725,0.523529,1.63308,0.52549,0.14686,0.52549,All
-10.763,0.527451,13.4459,0.52549,0.0124021,0.52549,-4.73954,0.52549,-3.89228,0.527451,1.06742,0.52549,1.6362,0.527451,0.148647,0.527451,All
-10.7192,0.529412,13.4464,0.527451,0.0124025,0.527451,-4.73954,0.527451,-3.88844,0.529412,1.06793,0.527451,1.63723,0.529412,0.148786,0.529412,All
-10.7099,0.531373,13.4469,0.529412,0.0124081,0.529412,-4.73937,0.529412,-3.88647,0.531373,1.06845,0.529412,1.63943,0.531373,0.149544,0.531373,All
-10.6837,0.533333,13.4469,0.531373,0.0124085,0.531373,-4.73932,0.531373,-3.88502,0.533333,1.06907,0.531373,1.64049,0.533333,0.150754,0.533333,All
-10.6568,0.535294,13.4478,0.533333,0.0124092,0.533333,-4.7393,0.533333,-3.88437,0.535294,1.07039,0.533333,1.64135,0.535294,0.152574,0.535294,All
-10.6471,0.537255,13.448,0.535294,0.0124124,0.535294,-4.73925,0.535294,-3.87798,0.537255,1.07166,0.535294,1.65221,0.537255,0.15274,0.537255,All
-10.6235,0.539216,13.4482,0.537255,0.012417,0.537255,-4.73923,0.537255,-3.87702,0.539216,1.07176,0.537255,1.65389,0.539216,0.153865,0.539216,All
-10.6141,0.541176,13.4488,0.539216,0.0124174,0.539216,-4.73921,0.539216,-3.87504,0.541176,1.07202,0.539216,1.6553,0.541176,0.155209,0.541176,All
-10.5998,0.543137,13.4489,0.541176,0.0124176,0.541176,-4.73911,0.541176,-3.8739,0.543137,1.07236,0.541176,1.66144,0.543137,0.156251,0.543137,All
-10.5829,0.545098,13.4489,0.543137,0.012419,0.543137,-4.73908,0.543137,-3.87226,0.545098,1.0726,0.543137,1.66171,0.545098,0.157194,0.545098,All
-10.5248,0.547059,13.4501,0.545098,0.0124196,0.545098,-4.73905,0.545098,-3.86915,0.547059,1.07282,0.545098,1.66723,0.547059,0.158986,0.547059,All
-10.5108,0.54902,13.451,0.547059,0.0124255,0.547059,-4.73902,0.547059,-3.86837,0.54902,1.07596,0.547059,1.66789,0.54902,0.160422,0.54902,All
-10.5066,0.55098,13.4551,0.54902,0.0124264,0.54902,-4.73901,0.54902,-3.86377,0.55098,1.07736,0.54902,1.6719,0.55098,0.160904,0.55098,All
-10.5016,0.552941,13.4552,0.55098,0.0124265,0.55098,-4.73894,0.55098,-3.86231,0.552941,1.07786,0.55098,1.67502,0.552941,0.161492,0.552941,All
-10.4955,0.554902,13.4557,0.552941,0.0124288,0.552941,-4.73886,0.552941,-3.86228,0.554902,1.07942,0.552941,1.67671,0.554902,0.162503,0.554902,All
-10.4917,0.556863,13.4573,0.554902,0.0124309,0.554902,-4.73878,0.554902,-3.85974,0.556863,1.08015,0.554902,1.68083,0.556863,0.166135,0.556863,All
-10.4601,0.558824,13.4603,0.556863,0.0124315,0.556863,-4.7387,0.556863,-3.85294,0.558824,1.08072,0.556863,1.68834,0.558824,0.169361,0.558824,All
-10.3366,0.560784,13.4619,0.558824,0.0124329,0.558824,-4.73867,0.558824,-3.85231,0.560784,1.08074,0.558824,1.69443,0.560784,0.171776,0.560784,All
-10.3221,0.562745,13.4651,0.560784,0.0124349,0.560784,-4.73863,0.560784,-3.83985,0.562745,1.08103,0.560784,1.69775,0.562745,0.173098,0.562745,All
-10.3177,0.564706,13.4654,0.562745,0.0124352,0.562745,-4.73863,0.562745,-3.83431,0.564706,1.08217,0.562745,1.70265,0.564706,0.173223,0.564706,All
-10.3052,0.566667,13.4664,0.564706,0.0124368,0.564706,-4.73862,0.564706,-3.83334,0.566667,1.08235,0.564706,1.71087,0.566667,0.175221,0.566667,All
-10.299,0.568627,13.4672,0.566667,0.0124396,0.566667,-4.73859,0.566667,-3.83083,0.568627,1.08236,0.566667,1.71133,0.568627,0.176965,0.568627,All
-10.2769,0.570588,13.4673,0.568627,0.0124414,0.568627,-4.73857,0.568627,-3.8293,0.570588,1.08299,0.568627,1.71139,0.570588,0.178734,0.570588,All
-10.2733,0.572549,13.4674,0.570588,0.0124427,0.570588,-4.73852,0.570588,-3.82828,0.572549,1.08303,0.570588,1.71752,0.572549,0.180239,0.572549,All
-10.267,0.57451,13.4688,0.572549,0.0124428,0.572549,-4.73843,0.572549,-3.81985,0.57451,1.08344,0.572549,1.71879,0.57451,0.180317,0.57451,All
-10.2591,0.576471,13.4698,0.57451,0.0124429,0.57451,-4.73842,0.57451,-3.81857,0.576471,1.08411,0.57451,1.72488,0.576471,0.180789,0.576471,All
-10.2267,0.578431,13.4725,0.576471,0.0124456,0.576471,-4.73835,0.576471,-3.81197,0.578431,1.08448,0.576471,1.72676,0.578431,0.187535,0.578431,All
-10.2201,0.580392,13.4739,0.578431,0.0124476,0.578431,-4.73832,0.578431,-3.81036,0.580392,1.08574,0.578431,1.73017,0.580392,0.18765,0.580392,All
-10.2134,0.582353,13.4763,0.580392,0.0124485,0.580392,-4.73828,0.580392,-3.80451,0.582353,1.08713,0.580392,1.73303,0.582353,0.190091,0.582353,All
-10.211,0.584314,13.4764,0.582353,0.0124491,0.582353,-4.73825,0.582353,-3.8009,0.584314,1.08723,0.582353,1.73351,0.584314,0.191477,0.584314,All
-10.1886,0.586275,13.4772,0.584314,0.0124529,0.584314,-4.7382,0.584314,-3.79853,0.586275,1.08733,0.584314,1.73449,0.586275,0.191498,0.586275,All
-10.1882,0.588235,13.4775,0.586275,0.0124548,0.586275,-4.73813,0.586275,-3.79705,0.588235,1.08771,0.586275,1.73524,0.588235,0.19162,0.588235,All
-10.1614,0.590196,13.4781,0.588235,0.0124555,0.588235,-4.7381,0.588235,-3.79575,0.590196,1.08792,0.588235,1.74039,0.590196,0.19174,0.590196,All
-10.1422,0.592157,13.4802,0.590196,0.0124559,0.590196,-4.7381,0.590196,-3.79451,0.592157,1.08848,0.590196,1.75228,0.592157,0.197299,0.592157,All
-10.1262,0.594118,13.4808,0.592157,0.0124579,0.592157,-4.73809,0.592157,-3.79376,0.594118,1.08894,0.592157,1.75469,0.594118,0.1976,0.594118,All
-10.1233,0.596078,13.4814,0.594118,0.0124581,0.594118,-4.73808,0.594118,-3.78802,0.596078,1.08912,0.594118,1.75742,0.596078,0.204229,0.596078,All
-10.0942,0.598039,13.4821,0.596078,0.0124584,0.596078,-4.73805,0.596078,-3.78037,0.598039,1.08984,0.596078,1.76338,0.598039,0.204298,0.598039,All
-10.0632,0.6,13.4888,0.598039,0.012467,0.598039,-4.73804,0.598039,-3.77601,0.6,1.09054,0.598039,1.76367,0.6,0.204917,0.6,All
-10.0585,0.601961,13.4896,0.6,0.0124682,0.6,-4.73802,0.6,-3.77486,0.601961,1.09279,0.6,1.76551,0.601961,0.208658,0.601961,All
-10.0549,0.603922,13.4901,0.601961,0.0124688,0.601961,-4.73798,0.601961,-3.76983,0.603922,1.09288,0.601961,1.76557,0.603922,0.210763,0.603922,All
-10.0476,0.605882,13.4908,0.603922,0.0124718,0.603922,-4.73785,0.603922,-3.76904,0.605882,1.09289,0.603922,1.76748,0.605882,0.2111,0.605882,All
-10.0473,0.607843,13.491,0.605882,0.0124721,0.605882,-4.73782,0.605882,-3.76833,0.607843,1.09307,0.605882,1.7709,0.607843,0.211722,0.607843,All
-9.97345,0.609804,13.4911,0.607843,0.0124756,0.607843,-4.73775,0.607843,-3.7665,0.609804,1.09308,0.607843,1.77201,0.609804,0.211861,0.609804,All
-9.97246,0.611765,13.4919,0.609804,0.0124758,0.609804,-4.73774,0.609804,-3.76512,0.611765,1.09377,0.609804,1.77317,0.611765,0.211869,0.611765,All
-9.9651,0.613725,13.4937,0.611765,0.0124765,0.611765,-4.73772,0.611765,-3.76459,0.613725,1.09487,0.611765,1.77794,0.613725,0.217147,0.613725,All
-9.95397,0.615686,13.4948,0.613725,0.0124779,0.613725,-4.7377,0.613725,-3.76344,0.615686,1.09495,0.613725,1.78622,0.615686,0.219991,0.615686,All
-9.9489,0.617647,13.4962,0.615686,0.0124845,0.615686,-4.73766,0.615686,-3.75385,0.617647,1.09618,0.615686,1.78655,0.617647,0.220498,0.617647,All
-9.94407,0.619608,13.4971,0.617647,0.0124852,0.617647,-4.73764,0.617647,-3.75205,0.619608,1.09883,0.617647,1.79037,0.619608,0.228966,0.619608,All
-9.93438,0.621569,13.4997,0.619608,0.0124869,0.619608,-4.73759,0.619608,-3.75042,0.621569,1.09933,0.619608,1.79498,0.621569,0.232078,0.621569,All
-9.92182,0.623529,13.5013,0.621569,0.0124873,0.621569,-4.73757,0.621569,-3.74608,0.623529,1.09974,0.621569,1.79829,0.623529,0.232827,0.623529,All
-9.89991,0.62549,13.5028,0.623529,0.0124881,0.623529,-4.73757,0.623529,-3.74312,0.62549,1.10082,0.623529,1.80085,0.62549,0.233474,0.62549,All
-9.8607,0.627451,13.5034,0.62549,0.0124888,0.62549,-4.73756,0.62549,-3.73995,0.627451,1.10087,0.62549,1.80169,0.627451,0.234374,0.627451,All
-9.8545,0.629412,13.5051,0.627451,0.0124898,0.627451,-4.73753,0.627451,-3.73936,0.629412,1.1012,0.627451,1.80269,0.629412,0.235305,0.629412,All
-9.84167,0.631373,13.5057,0.629412,0.0124916,0.629412,-4.73749,0.629412,-3.7386,0.631373,1.10144,0.629412,1.80429,0.631373,0.238086,0.631373,All
-9.8358,0.633333,13.5061,0.631373,0.0124918,0.631373,-4.73748,0.631373,-3.73649,0.633333,1.10147,0.631373,1.80739,0.633333,0.238999,0.633333,All
-9.82627,0.635294,13.5067,0.633333,0.0124928,0.633333,-4.73748,0.633333,-3.73425,0.635294,1.10173,0.633333,1.81794,0.635294,0.240015,0.635294,All
-9.8262,0.637255,13.5076,0.635294,0.0124929,0.635294,-4.73719,0.635294,-3.73239,0.637255,1.10193,0.635294,1.82996,0.637255,0.241026,0.637255,All
-9.82277,0.639216,13.5086,0.637255,0.0124939,0.637255,-4.73716,0.637255,-3.73178,0.639216,1.10208,0.637255,1.83248,0.639216,0.249321,0.639216,All
-9.8022,0.641176,13.5107,0.639216,0.0124962,0.639216,-4.73715,0.639216,-3.72891,0.641176,1.10278,0.639216,1.83571,0.641176,0.251854,0.641176,All
-9.7957,0.643137,13.5107,0.641176,0.0124983,0.641176,-4.73699,0.641176,-3.72691,0.643137,1.10484,0.641176,1.83584,0.643137,0.253847,0.643137,All
-9.78589,0.645098,13.5108,0.643137,0.0124997,0.643137,-4.73698,0.643137,-3.72233,0.645098,1.10573,0.643137,1.83791,0.645098,0.254775,0.645098,All
-9.76563,0.647059,13.5113,0.645098,0.0124999,0.645098,-4.73697,0.645098,-3.71093,0.647059,1.10647,0.645098,1.83794,0.647059,0.254813,0.647059,All
-9.76305,0.64902,13.5114,0.647059,0.0125008,0.647059,-4.73691,0.647059,-3.70776,0.64902,1.10756,0.647059,1.83846,0.64902,0.256707,0.64902,All
-9.76158,0.65098,13.5114,0.64902,0.0125012,0.64902,-4.73677,0.64902,-3.70734,0.65098,1.10765,0.64902,1.84971,0.65098,0.25792,0.65098,All
-9.75732,0.652941,13.5126,0.65098,0.0125013,0.65098,-4.73673,0.65098,-3.70259,0.652941,1.10794,0.65098,1.8539,0.652941,0.261934,0.652941,All
-9.75631,0.654902,13.5146,0.652941,0.0125014,0.652941,-4.73671,0.652941,-3.70078,0.654902,1.10871,0.652941,1.85689,0.654902,0.262071,0.654902,All
-9.72917,0.656863,13.5148,0.654902,0.012502,0.654902,-4.73665,0.654902,-3.68759,0.656863,1.10891,0.654902,1.85794,0.656863,0.268673,0.656863,All
-9.7126,0.658824,13.5152,0.656863,0.0125024,0.656863,-4.73663,0.656863,-3.68572,0.658824,1.11015,0.656863,1.85796,0.658824,0.272041,0.658824,All
-9.7026,0.660784,13.5168,0.658824,0.0125048,0.658824,-4.73641,0.658824,-3.68435,0.660784,1.11095,0.658824,1.85904,0.660784,0.272318,0.660784,All
-9.68216,0.662745,13.5176,0.660784,0.0125061,0.660784,-4.73638,0.660784,-3.68423,0.662745,1.11271,0.660784,1.86253,0.662745,0.275961,0.662745,All
-9.66372,0.664706,13.5179,0.662745,0.0125067,0.662745,-4.73636,0.662745,-3.68279,0.664706,1.11401,0.662745,1.86395,0.664706,0.283623,0.664706,All
-9.62517,0.666667,13.5195,0.664706,0.0125075,0.664706,-4.73631,0.664706,-3.6779,0.666667,1.11403,0.664706,1.86474,0.666667,0.283977,0.666667,All
-9.62211,0.668627,13.5196,0.666667,0.0125082,0.666667,-4.73628,0.666667,-3.67437,0.668627,1.11412,0.666667,1.86778,0.668627,0.287667,0.668627,All
-9.61811,0.670588,13.5202,0.668627,0.0125091,0.668627,-4.73626,0.668627,-3.67406,0.670588,1.11415,0.668627,1.87221,0.670588,0.289698,0.670588,All
-9.61802,0.672549,13.5206,0.670588,0.0125093,0.670588,-4.73621,0.670588,-3.67211,0.672549,1.11419,0.670588,1.87589,0.672549,0.289723,0.672549,All
-9.59263,0.67451,13.5209,0.672549,0.0125107,0.672549,-4.73618,0.672549,-3.67169,0.67451,1.11429,0.672549,1.87848,0.67451,0.289827,0.67451,All
-9.57698,0.676471,13.5216,0.67451,0.0125107,0.67451,-4.73615,0.67451,-3.67135,0.676471,1.11494,0.67451,1.87899,0.676471,0.290968,0.676471,All
-9.57646,0.678431,13.5223,0.676471,0.0125115,0.676471,-4.73613,0.676471,-3.66501,0.678431,1.11496,0.676471,1.87921,0.678431,0.29399,0.678431,All
-9.54855,0.680392,13.5232,0.678431,0.0125131,0.678431,-4.73613,0.678431,-3.6613,0.680392,1.11504,0.678431,1.88212,0.680392,0.295525,0.680392,All
-9.54834,0.682353,13.5236,0.680392,0.0125137,0.680392,-4.73611,0.680392,-3.66026,0.682353,1.11508,0.680392,1.89596,0.682353,0.298542,0.682353,All
-9.54474,0.684314,13.5241,0.682353,0.0125137,0.682353,-4.73605,0.682353,-3.65495,0.684314,1.11601,0.682353,1.89694,0.684314,0.30071,0.684314,All
-9.53025,0.686275,13.5247,0.684314,0.0125158,0.684314,-4.73598,0.684314,-3.64879,0.686275,1.1163,0.684314,1.90888,0.686275,0.302289,0.686275,All
-9.47894,0.688235,13.525,0.686275,0.0125168,0.686275,-4.73594,0.686275,-3.64514,0.688235,1.11636,0.686275,1.91349,0.688235,0.303349,0.688235,All
-9.47147,0.690196,13.5266,0.688235,0.0125176,0.688235,-4.73593,0.688235,-3.64465,0.690196,1.11871,0.688235,1.92131,0.690196,0.304478,0.690196,All
-9.45765,0.692157,13.5277,0.690196,0.0125196,0.690196,-4.73591,0.690196,-3.64436,0.692157,1.11881,0.690196,1.92231,0.692157,0.307168,0.692157,All
-9.45567,0.694118,13.529,0.692157,0.0125197,0.692157,-4.73583,0.692157,-3.64195,0.694118,1.11954,0.692157,1.92606,0.694118,0.308387,0.694118,All
-9.44932,0.696078,13.5313,0.694118,0.0125308,0.694118,-4.73577,0.694118,-3.6367,0.696078,1.12092,0.694118,1.92823,0.696078,0.314085,0.696078,All
-9.43909,0.698039,13.5316,0.696078,0.0125309,0.696078,-4.73572,0.696078,-3.63293,0.698039,1.12123,0.696078,1.92994,0.698039,0.319161,0.698039,All
-9.36363,0.7,13.5319,0.698039,0.0125317,0.698039,-4.73572,0.698039,-3.63179,0.7,1.12127,0.698039,1.93065,0.7,0.322211,0.7,All
-9.35299,0.701961,13.5324,0.7,0.0125364,0.7,-4.73569,0.7,-3.62008,0.701961,1.12133,0.7,1.93151,0.701961,0.325617,0.701961,All
-9.34092,0.703922,13.5333,0.701961,0.0125368,0.701961,-4.73566,0.701961,-3.61579,0.703922,1.12204,0.701961,1.93373,0.703922,0.327591,0.703922,All
-9.33828,0.705882,13.5333,0.703922,0.012538,0.703922,-4.73565,0.703922,-3.61223,0.705882,1.1221,0.703922,1.93485,0.705882,0.332925,0.705882,All
-9.30029,0.707843,13.5355,0.705882,0.0125391,0.705882,-4.73565,0.705882,-3.61026,0.707843,1.1226,0.705882,1.93548,0.707843,0.333514,0.707843,All
-9.28039,0.709804,13.5367,0.707843,0.0125403,0.707843,-4.73557,0.707843,-3.60404,0.709804,1.12417,0.707843,1.93581,0.709804,0.336114,0.709804,All
-9.28028,0.711765,13.5375,0.709804,0.012542,0.709804,-4.73555,0.709804,-3.60024,0.711765,1.12466,0.709804,1.9359,0.711765,0.337613,0.711765,All
-9.24675,0.713725,13.5377,0.711765,0.0125434,0.711765,-4.73554,0.711765,-3.59948,0.713725,1.1248,0.711765,1.93842,0.713725,0.340048,0.713725,All
-9.2427,0.715686,13.5388,0.713725,0.012547,0.713725,-4.73554,0.713725,-3.59907,0.715686,1.12619,0.713725,1.93924,0.715686,0.343457,0.715686,All
-9.16825,0.717647,13.5419,0.715686,0.0125485,0.715686,-4.73552,0.715686,-3.59629,0.717647,1.12742,0.715686,1.94031,0.717647,0.346875,0.717647,All
-9.14035,0.719608,13.5443,0.717647,0.0125494,0.717647,-4.73551,0.717647,-3.59103,0.719608,1.12771,0.717647,1.94557,0.719608,0.350425,0.719608,All
-9.13089,0.721569,13.5446,0.719608,0.0125495,0.719608,-4.73551,0.719608,-3.58453,0.721569,1.12782,0.719608,1.9465,0.721569,0.352038,0.721569,All
-9.10967,0.723529,13.5454,0.721569,0.0125497,0.721569,-4.7355,0.721569,-3.58437,0.723529,1.12807,0.721569,1.947,0.723529,0.35207,0.723529,All
-9.09854,0.72549,13.547,0.723529,0.0125516,0.723529,-4.73547,0.723529,-3.58288,0.72549,1.12903,0.723529,1.94824,0.72549,0.35383,0.72549,All
-9.08708,0.727451,13.5476,0.72549,0.0125557,0.72549,-4.73533,0.72549,-3.58023,0.727451,1.13261,0.72549,1.94991,0.727451,0.357474,0.727451,All
-9.08535,0.729412,13.5485,0.727451,0.0125561,0.727451,-4.73532,0.727451,-3.57447,0.729412,1.13323,0.727451,1.95067,0.729412,0.358894,0.729412,All
-9.04504,0.731373,13.5488,0.729412,0.0125561,0.729412,-4.73525,0.729412,-3.56848,0.731373,1.13346,0.729412,1.95737,0.731373,0.359071,0.731373,All
-9.01412,0.733333,13.5491,0.731373,0.0125567,0.731373,-4.73524,0.731373,-3.56826,0.733333,1.1338,0.731373,1.96058,0.733333,0.360811,0.733333,All
-8.95471,0.735294,13.5498,0.733333,0.0125582,0.733333,-4.73522,0.733333,-3.56695,0.735294,1.13424,0.733333,1.96292,0.735294,0.360832,0.735294,All
-8.93313,0.737255,13.551,0.735294,0.01256,0.735294,-4.73513,0.735294,-3.56412,0.737255,1.13511,0.735294,1.96462,0.737255,0.363345,0.737255,All
-8.85516,0.739216,13.552,0.737255,0.0125615,0.737255,-4.73496,0.737255,-3.56365,0.739216,1.13531,0.737255,1.96577,0.739216,0.366906,0.739216,All
-8.84622,0.741176,13.5533,0.739216,0.012563,0.739216,-4.73495,0.739216,-3.56297,0.741176,1.13532,0.739216,1.96593,0.741176,0.371144,0.741176,All
-8.8269,0.743137,13.5544,0.741176,0.0125631,0.741176,-4.73495,0.741176,-3.56215,0.743137,1.13919,0.741176,1.9714,0.743137,0.375566,0.743137,All
-8.82258,0.745098,13.555,0.743137,0.0125796,0.743137,-4.73481,0.743137,-3.55961,0.745098,1.14151,0.743137,1.97155,0.745098,0.382062,0.745098,All
-8.81745,0.747059,13.5557,0.745098,0.0125802,0.745098,-4.73479,0.745098,-3.55211,0.747059,1.14167,0.745098,1.97801,0.747059,0.387173,0.747059,All
-8.79116,0.74902,13.5558,0.747059,0.0125804,0.747059,-4.73479,0.747059,-3.5508,0.74902,1.14175,0.747059,1.98083,0.74902,0.39298,0.74902,All
-8.75859,0.75098,13.556,0.74902,0.0125854,0.74902,-4.73473,0.74902,-3.5445,0.75098,1.14353,0.74902,1.9855,0.75098,0.393283,0.75098,All
-8.74864,0.752941,13.5573,0.75098,0.012586,0.75098,-4.73465,0.75098,-3.54208,0.752941,1.14714,0.75098,1.98748,0.752941,0.393373,0.752941,All
-8.73573,0.754902,13.5613,0.752941,0.012588,0.752941,-4.73464,0.752941,-3.54175,0.754902,1.14854,0.752941,1.98986,0.754902,0.398248,0.754902,All
-8.73014,0.756863,13.5634,0.754902,0.0125896,0.754902,-4.73457,0.754902,-3.54081,0.756863,1.1498,0.754902,1.99017,0.756863,0.405219,0.756863,All
-8.72469,0.758824,13.5637,0.756863,0.0125926,0.756863,-4.73453,0.756863,-3.54015,0.758824,1.15018,0.756863,1.99262,0.758824,0.411282,0.758824,All
-8.72092,0.760784,13.5641,0.758824,0.0125962,0.758824,-4.73452,0.758824,-3.53849,0.760784,1.15242,0.758824,2.00157,0.760784,0.413543,0.760784,All
-8.7045,0.762745,13.5654,0.760784,0.0125965,0.760784,-4.7345,0.760784,-3.53833,0.762745,1.15248,0.760784,2.00557,0.762745,0.414998,0.762745,All
-8.70332,0.764706,13.5671,0.762745,0.0125978,0.762745,-4.73442,0.762745,-3.53536,0.764706,1.15402,0.762745,2.00833,0.764706,0.415856,0.764706,All
-8.66799,0.766667,13.5672,0.764706,0.0126032,0.764706,-4.73437,0.764706,-3.53332,0.766667,1.15442,0.764706,2.03668,0.766667,0.416092,0.766667,All
-8.66167,0.768627,13.5683,0.766667,0.0126054,0.766667,-4.73435,0.766667,-3.53276,0.768627,1.15451,0.766667,2.0378,0.768627,0.42146,0.768627,All
-8.60382,0.770588,13.5684,0.768627,0.0126137,0.768627,-4.73429,0.768627,-3.53126,0.770588,1.1558,0.768627,2.04424,0.770588,0.42782,0.770588,All
-8.4541,0.772549,13.5695,0.770588,0.0126192,0.770588,-4.73422,0.770588,-3.5265,0.772549,1.15612,0.770588,2.04656,0.772549,0.430879,0.772549,All
-8.4363,0.77451,13.5701,0.772549,0.0126248,0.772549,-4.73417,0.772549,-3.52189,0.77451,1.15893,0.772549,2.04751,0.77451,0.432426,0.77451,All
-8.40869,0.776471,13.5708,0.77451,0.0126304,0.77451,-4.73401,0.77451,-3.52142,0.776471,1.16093,0.77451,2.04756,0.776471,0.445169,0.776471,All
-8.40389,0.778431,13.5713,0.776471,0.0126385,0.776471,-4.73395,0.776471,-3.52037,0.778431,1.16259,0.776471,2.05053,0.778431,0.447165,0.778431,All
-8.3329,0.780392,13.5722,0.778431,0.0126392,0.778431,-4.7339,0.778431,-3.51716,0.780392,1.16312,0.778431,2.07188,0.780392,0.460886,0.780392,All
-8.33009,0.782353,13.5765,0.780392,0.0126436,0.780392,-4.73389,0.780392,-3.51566,0.782353,1.16404,0.780392,2.07207,0.782353,0.464612,0.782353,All
-8.32504,0.784314,13.5765,0.782353,0.0126443,0.782353,-4.73386,0.782353,-3.51108,0.784314,1.16542,0.782353,2.07419,0.784314,0.470235,0.784314,All
-8.32281,0.786275,13.5804,0.784314,0.0126498,0.784314,-4.73382,0.784314,-3.51061,0.786275,1.16686,0.784314,2.08516,0.786275,0.471786,0.786275,All
-8.30263,0.788235,13.5831,0.786275,0.0126522,0.786275,-4.73375,0.786275,-3.50722,0.788235,1.16933,0.786275,2.08924,0.788235,0.482034,0.788235,All
-8.28971,0.790196,13.5842,0.788235,0.0126569,0.788235,-4.73372,0.788235,-3.50279,0.790196,1.17199,0.788235,2.09733,0.790196,0.486263,0.790196,All
-8.27288,0.792157,13.5849,0.790196,0.0126584,0.790196,-4.73352,0.790196,-3.50214,0.792157,1.17354,0.790196,2.10059,0.792157,0.492884,0.792157,All
-8.26578,0.794118,13.5862,0.792157,0.0126608,0.792157,-4.7335,0.792157,-3.49701,0.794118,1.17372,0.792157,2.10082,0.794118,0.499214,0.794118,All
-8.22245,0.796078,13.5901,0.794118,0.0126616,0.794118,-4.73339,0.794118,-3.48592,0.796078,1.17381,0.794118,2.10175,0.796078,0.499942,0.796078,All
-8.21821,0.798039,13.5904,0.796078,0.0126632,0.796078,-4.73338,0.796078,-3.48364,0.798039,1.17435,0.796078,2.10678,0.798039,0.500916,0.798039,All
-8.218,0.8,13.5917,0.798039,0.0126635,0.798039,-4.73329,0.798039,-3.48115,0.8,1.17487,0.798039,2.10728,0.8,0.510511,0.8,All
-8.21792,0.801961,13.5935,0.8,0.0126653,0.8,-4.73325,0.8,-3.47982,0.801961,1.1767,0.8,2.10791,0.801961,0.516534,0.801961,All
-8.20797,0.803922,13.595,0.801961,0.0126666,0.801961,-4.73323,0.801961,-3.47687,0.803922,1.17706,0.801961,2.10912,0.803922,0.522382,0.803922,All
-8.19771,0.805882,13.5951,0.803922,0.0126707,0.803922,-4.73322,0.803922,-3.47234,0.805882,1.17846,0.803922,2.12607,0.805882,0.524044,0.805882,All
-8.12729,0.807843,13.5953,0.805882,0.0126753,0.805882,-4.73322,0.805882,-3.47228,0.807843,1.18291,0.805882,2.1282,0.807843,0.535916,0.807843,All
-8.11227,0.809804,13.597,0.807843,0.0126783,0.807843,-4.73321,0.807843,-3.4707,0.809804,1.18523,0.807843,2.12944,0.809804,0.536719,0.809804,All
-8.09346,0.811765,13.5978,0.809804,0.0126801,0.809804,-4.73321,0.809804,-3.46604,0.811765,1.1853,0.809804,2.13142,0.811765,0.540451,0.811765,All
-8.0775,0.813725,13.6004,0.811765,0.012681,0.811765,-4.7332,0.811765,-3.46109,0.813725,1.1858,0.811765,2.15357,0.813725,0.540783,0.813725,All
-8.0665,0.815686,13.6005,0.813725,0.0126834,0.813725,-4.73316,0.813725,-3.45673,0.815686,1.18817,0.813725,2.15596,0.815686,0.553749,0.815686,All
-8.04647,0.817647,13.6025,0.815686,0.012687,0.815686,-4.73313,0.815686,-3.44598,0.817647,1.18886,0.815686,2.15762,0.817647,0.559246,0.817647,All
-8.04074,0.819608,13.6052,0.817647,0.0126881,0.817647,-4.73294,0.817647,-3.43592,0.819608,1.18917,0.817647,2.15903,0.819608,0.574873,0.819608,All
-8.01126,0.821569,13.6057,0.819608,0.0126902,0.819608,-4.73289,0.819608,-3.43312,0.821569,1.18933,0.819608,2.16368,0.821569,0.578801,0.821569,All
-7.9789,0.823529,13.6061,0.821569,0.0126939,0.821569,-4.73288,0.821569,-3.43063,0.823529,1.18961,0.821569,2.16775,0.823529,0.580399,0.823529,All
-7.97815,0.82549,13.6086,0.823529,0.0126954,0.823529,-4.73288,0.823529,-3.42997,0.82549,1.19026,0.823529,2.17734,0.82549,0.581862,0.82549,All
-7.90911,0.827451,13.6105,0.82549,0.0126987,0.82549,-4.73283,0.82549,-3.42858,0.827451,1.19069,0.82549,2.18024,0.827451,0.588588,0.827451,All
-7.90749,0.829412,13.6113,0.827451,0.012704,0.827451,-4.7327,0.827451,-3.42507,0.829412,1.19604,0.827451,2.18099,0.829412,0.589971,0.829412,All
-7.90666,0.831373,13.6134,0.829412,0.0127063,0.829412,-4.73265,0.829412,-3.41931,0.831373,1.19713,0.829412,2.19269,0.831373,0.599289,0.831373,All
-7.90568,0.833333,13.6135,0.831373,0.012714,0.831373,-4.73262,0.831373,-3.41704,0.833333,1.1991,0.831373,2.20242,0.833333,0.604455,0.833333,All
-7.90452,0.835294,13.6141,0.833333,0.012716,0.833333,-4.7326,0.833333,-3.41259,0.835294,1.202,0.833333,2.20552,0.835294,0.612749,0.835294,All
-7.875,0.837255,13.6158,0.835294,0.0127174,0.835294,-4.7324,0.835294,-3.41221,0.837255,1.20567,0.835294,2.21187,0.837255,0.618672,0.837255,All
-7.85728,0.839216,13.6179,0.837255,0.0127181,0.837255,-4.73235,0.837255,-3.40838,0.839216,1.20884,0.837255,2.21447,0.839216,0.619959,0.839216,All
-7.85066,0.841176,13.6187,0.839216,0.012727,0.839216,-4.73233,0.839216,-3.40775,0.841176,1.2095,0.839216,2.21473,0.841176,0.628693,0.841176,All
-7.83716,0.843137,13.619,0.841176,0.0127286,0.841176,-4.73219,0.841176,-3.40532,0.843137,1.21082,0.841176,2.21864,0.843137,0.634162,0.843137,All
-7.81359,0.845098,13.6222,0.843137,0.0127317,0.843137,-4.73214,0.843137,-3.40107,0.845098,1.21225,0.843137,2.2293,0.845098,0.640081,0.845098,All
-7.81194,0.847059,13.6229,0.845098,0.0127369,0.845098,-4.73214,0.845098,-3.39708,0.847059,1.21238,0.845098,2.22955,0.847059,0.641275,0.847059,All
-7.80795,0.84902,13.6256,0.847059,0.0127369,0.847059,-4.732,0.847059,-3.38149,0.84902,1.21787,0.847059,2.23316,0.84902,0.643392,0.84902,All
-7.8044,0.85098,13.6268,0.84902,0.0127372,0.84902,-4.73199,0.84902,-3.3747,0.85098,1.21805,0.84902,2.25646,0.85098,0.651697,0.85098,All
-7.77332,0.852941,13.6304,0.85098,0.012738,0.85098,-4.73198,0.85098,-3.37014,0.852941,1.2199,0.85098,2.27379,0.852941,0.655521,0.852941,All
-7.75287,0.854902,13.6338,0.852941,0.0127414,0.852941,-4.73194,0.852941,-3.33522,0.854902,1.22231,0.852941,2.27849,0.854902,0.662271,0.854902,All
-7.68593,0.856863,13.6395,0.854902,0.0127427,0.854902,-4.73191,0.854902,-3.33325,0.856863,1.22313,0.854902,2.27938,0.856863,0.678563,0.856863,All
-7.68161,0.858824,13.6421,0.856863,0.0127446,0.856863,-4.73187,0.856863,-3.32995,0.858824,1.22331,0.856863,2.28072,0.858824,0.680695,0.858824,All
-7.65541,0.860784,13.6443,0.858824,0.0127463,0.858824,-4.73186,0.858824,-3.31819,0.860784,1.22366,0.858824,2.29314,0.860784,0.689649,0.860784,All
-7.64851,0.862745,13.6493,0.860784,0.0127509,0.860784,-4.73172,0.860784,-3.31468,0.862745,1.22726,0.860784,2.30331,0.862745,0.702233,0.862745,All
-7.61671,0.864706,13.6514,0.862745,0.0127516,0.862745,-4.73172,0.862745,-3.31165,0.864706,1.22946,0.862745,2.30503,0.864706,0.724919,0.864706,All
-7.59665,0.866667,13.6558,0.864706,0.0127546,0.864706,-4.73171,0.864706,-3.30761,0.866667,1.23207,0.864706,2.30632,0.866667,0.72762,0.866667,All
-7.58202,0.868627,13.6573,0.866667,0.012755,0.866667,-4.73162,0.866667,-3.30571,0.868627,1.23432,0.866667,2.30896,0.868627,0.731931,0.868627,All
-7.56822,0.870588,13.658,0.868627,0.0127602,0.868627,-4.73127,0.868627,-3.30103,0.870588,1.23546,0.868627,2.31089,0.870588,0.748718,0.870588,All
-7.55225,0.872549,13.6645,0.870588,0.0127637,0.870588,-4.73121,0.870588,-3.29974,0.872549,1.23649,0.870588,2.31491,0.872549,0.765453,0.872549,All
-7.52313,0.87451,13.6718,0.872549,0.0127659,0.872549,-4.73117,0.872549,-3.29861,0.87451,1.23709,0.872549,2.31645,0.87451,0.768487,0.87451,All
-7.51372,0.876471,13.6722,0.87451,0.0127674,0.87451,-4.73107,0.87451,-3.29331,0.876471,1.23845,0.87451,2.32125,0.876471,0.777813,0.876471,All
-7.46664,0.878431,13.6771,0.876471,0.0127685,0.876471,-4.73098,0.876471,-3.29174,0.878431,1.24515,0.876471,2.34189,0.878431,0.778858,0.878431,All
-7.30713,0.880392,13.6781,0.878431,0.0127692,0.878431,-4.73088,0.878431,-3.29071,0.880392,1.24567,0.878431,2.34242,0.880392,0.778987,0.880392,All
-7.28463,0.882353,13.6789,0.880392,0.0127698,0.880392,-4.73069,0.880392,-3.2839,0.882353,1.2457,0.880392,2.3426,0.882353,0.790842,0.882353,All
-7.2715,0.884314,13.6791,0.882353,0.0127783,0.882353,-4.73062,0.882353,-3.28193,0.884314,1.25022,0.882353,2.34615,0.884314,0.797805,0.884314,All
-7.27047,0.886275,13.6799,0.884314,0.0127811,0.884314,-4.73054,0.884314,-3.27852,0.886275,1.25138,0.884314,2.36466,0.886275,0.797875,0.886275,All
-7.2553,0.888235,13.6806,0.886275,0.0127819,0.886275,-4.73046,0.886275,-3.27634,0.888235,1.25353,0.886275,2.368,0.888235,0.808532,0.888235,All
-7.20995,0.890196,13.6806,0.888235,0.0127865,0.888235,-4.73046,0.888235,-3.27189,0.890196,1.25498,0.888235,2.36881,0.890196,0.824307,0.890196,All
-7.1969,0.892157,13.6832,0.890196,0.012789,0.890196,-4.73039,0.890196,-3.26746,0.892157,1.25702,0.890196,2.36944,0.892157,0.82529,0.892157,All
-7.14159,0.894118,13.6845,0.892157,0.0127904,0.892157,-4.73039,0.892157,-3.2641,0.894118,1.25745,0.892157,2.38227,0.894118,0.826963,0.894118,All
-7.09772,0.896078,13.6855,0.894118,0.0127913,0.894118,-4.73012,0.894118,-3.26389,0.896078,1.25814,0.894118,2.38537,0.896078,0.827077,0.896078,All
-7.08729,0.898039,13.6867,0.896078,0.0127957,0.896078,-4.72982,0.896078,-3.25071,0.898039,1.25873,0.896078,2.38955,0.898039,0.830238,0.898039,All
-6.99783,0.9,13.6914,0.898039,0.0127975,0.898039,-4.7298,0.898039,-3.2435,0.9,1.25981,0.898039,2.40564,0.9,0.850189,0.9,All
-6.95118,0.901961,13.6941,0.9,0.0127993,0.9,-4.72974,0.9,-3.24205,0.901961,1.26748,0.9,2.41555,0.901961,0.851501,0.901961,All
-6.93645,0.903922,13.6949,0.901961,0.0128009,0.901961,-4.72974,0.901961,-3.24199,0.903922,1.27368,0.901961,2.4185,0.903922,0.853028,0.903922,All
-6.88532,0.905882,13.6953,0.903922,0.0128137,0.903922,-4.72972,0.903922,-3.23665,0.905882,1.27869,0.903922,2.42983,0.905882,0.85922,0.905882,All
-6.87646,0.907843,13.6954,0.905882,0.0128137,0.905882,-4.72964,0.905882,-3.23265,0.907843,1.28363,0.905882,2.43353,0.907843,0.877858,0.907843,All
-6.83655,0.909804,13.6964,0.907843,0.0128183,0.907843,-4.7295,0.907843,-3.22854,0.909804,1.28624,0.907843,2.4468,0.909804,0.892466,0.909804,All
-6.82406,0.911765,13.7028,0.909804,0.012821,0.909804,-4.72937,0.909804,-3.22635,0.911765,1.28855,0.909804,2.45482,0.911765,0.902481,0.911765,All
-6.71254,0.913725,13.7098,0.911765,0.0128245,0.911765,-4.72925,0.911765,-3.22497,0.913725,1.29647,0.911765,2.46541,0.913725,0.923894,0.913725,All
-6.66797,0.915686,13.7103,0.913725,0.0128256,0.913725,-4.72925,0.913725,-3.21417,0.915686,1.29923,0.913725,2.46619,0.915686,0.929759,0.915686,All
-6.58079,0.917647,13.7118,0.915686,0.0128278,0.915686,-4.72922,0.915686,-3.1999,0.917647,1.29987,0.915686,2.47628,0.917647,0.938644,0.917647,All
-6.51124,0.919608,13.7119,0.917647,0.0128283,0.917647,-4.72915,0.917647,-3.19326,0.919608,1.301,0.917647,2.48244,0.919608,0.981487,0.919608,All
-6.4746,0.921569,13.7123,0.919608,0.0128487,0.919608,-4.72913,0.919608,-3.18773,0.921569,1.30146,0.919608,2.48628,0.921569,0.984681,0.921569,All
-6.43893,0.923529,13.7144,0.921569,0.0128492,0.921569,-4.72906,0.921569,-3.18252,0.923529,1.30179,0.921569,2.49608,0.923529,0.999987,0.923529,All
-6.39655,0.92549,13.7152,0.923529,0.0128539,0.923529,-4.72905,0.923529,-3.16115,0.92549,1.30361,0.923529,2.49724,0.92549,1.00355,0.92549,All
-6.37261,0.927451,13.7182,0.92549,0.0128554,0.92549,-4.72895,0.92549,-3.15505,0.927451,1.30677,0.92549,2.4993,0.927451,1.00422,0.927451,All
-6.30431,0.929412,13.7202,0.927451,0.0128561,0.927451,-4.72882,0.927451,-3.14709,0.929412,1.30761,0.927451,2.54288,0.929412,1.00637,0.929412,All
-6.24429,0.931373,13.7219,0.929412,0.0128652,0.929412,-4.72875,0.929412,-3.14693,0.931373,1.3077,0.929412,2.5442,0.931373,1.01257,0.931373,All
-6.24321,0.933333,13.7241,0.931373,0.0128673,0.931373,-4.72874,0.931373,-3.13051,0.933333,1.30786,0.931373,2.56795,0.933333,1.03221,0.933333,All
-6.23814,0.935294,13.7303,0.933333,0.0128712,0.933333,-4.72865,0.933333,-3.11962,0.935294,1.31126,0.933333,2.58464,0.935294,1.03749,0.935294,All
-6.12944,0.937255,13.7318,0.935294,0.0128789,0.935294,-4.72862,0.935294,-3.11852,0.937255,1.31623,0.935294,2.58968,0.937255,1.04316,0.937255,All
-6.09592,0.939216,13.7352,0.937255,0.0128851,0.937255,-4.72859,0.937255,-3.10301,0.939216,1.32099,0.937255,2.59271,0.939216,1.07801,0.939216,All
-6.08566,0.941176,13.7417,0.939216,0.012886,0.939216,-4.72856,0.939216,-3.0983,0.941176,1.32323,0.939216,2.59469,0.941176,1.07939,0.941176,All
-6.03816,0.943137,13.7428,0.941176,0.0128896,0.941176,-4.72856,0.941176,-3.09298,0.943137,1.32336,0.941176,2.60744,0.943137,1.1068,0.943137,All
-6.01673,0.945098,13.7458,0.943137,0.0128939,0.943137,-4.72855,0.943137,-3.08713,0.945098,1.32364,0.943137,2.60761,0.945098,1.16563,0.945098,All
-5.892,0.947059,13.746,0.945098,0.0128993,0.945098,-4.72846,0.945098,-3.08375,0.947059,1.32689,0.945098,2.62111,0.947059,1.17638,0.947059,All
-5.72363,0.94902,13.7523,0.947059,0.0129046,0.947059,-4.7283,0.947059,-3.07786,0.94902,1.32949,0.947059,2.63126,0.94902,1.17777,0.94902,All
-5.4721,0.95098,13.7582,0.94902,0.0129048,0.94902,-4.72826,0.94902,-3.06415,0.95098,1.33129,0.94902,2.63527,0.95098,1.18266,0.95098,All
-5.31069,0.952941,13.7585,0.95098,0.0129147,0.95098,-4.72814,0.95098,-3.0582,0.952941,1.33193,0.95098,2.64159,0.952941,1.19444,0.952941,All
-5.04952,0.954902,13.7589,0.952941,0.0129439,0.952941,-4.7281,0.952941,-3.05367,0.954902,1.33298,0.952941,2.65122,0.954902,1.20327,0.954902,All
-4.63431,0.956863,13.7617,0.954902,0.0129513,0.954902,-4.72803,0.954902,-3.05285,0.956863,1.33951,0.954902,2.65852,0.956863,1.22593,0.956863,All
-4.4318,0.958824,13.7619,0.956863,0.0129589,0.956863,-4.7278,0.956863,-3.04741,0.958824,1.34121,0.956863,2.7096,0.958824,1.23133,0.958824,All
-4.37047,0.960784,13.7649,0.958824,0.0129691,0.958824,-4.7271,0.958824,-3.03521,0.960784,1.34131,0.958824,2.71949,0.960784,1.26374,0.960784,All
-4.27739,0.962745,13.7662,0.960784,0.0129982,0.960784,-4.72708,0.960784,-3.02727,0.962745,1.34367,0.960784,2.72676,0.962745,1.30474,0.962745,All
-4.12512,0.964706,13.7787,0.962745,0.0130078,0.962745,-4.7268,0.962745,-3.02127,0.964706,1.34494,0.962745,2.74378,0.964706,1.41003,0.964706,All
-4.03231,0.966667,13.7808,0.964706,0.0130086,0.964706,-4.72666,0.964706,-3.01837,0.966667,1.35103,0.964706,2.74464,0.966667,1.42257,0.966667,All
-3.67503,0.968627,13.7904,0.966667,0.0130391,0.966667,-4.72634,0.966667,-3.01478,0.968627,1.36659,0.966667,2.74638,0.968627,1.44971,0.968627,All
-3.6426,0.970588,13.7944,0.968627,0.0130426,0.968627,-4.72631,0.968627,-2.9829,0.970588,1.36793,0.968627,2.7526,0.970588,1.4507,0.970588,All
-3.57644,0.972549,13.7947,0.970588,0.0130445,0.970588,-4.726,0.970588,-2.96981,0.972549,1.36857,0.970588,2.84297,0.972549,1.56428,0.972549,All
-2.96672,0.97451,13.8027,0.972549,0.0130497,0.972549,-4.72588,0.972549,-2.92628,0.97451,1.3721,0.972549,2.86925,0.97451,1.86965,0.97451,All
-2.85693,0.976471,13.8063,0.97451,0.013065,0.97451,-4.72585,0.97451,-2.92427,0.976471,1.37321,0.97451,2.87185,0.976471,1.93787,0.976471,All
-2.83012,0.978431,13.8224,0.976471,0.0130678,0.976471,-4.7256,0.976471,-2.88152,0.978431,1.37411,0.976471,2.89041,0.978431,1.96579,0.978431,All
-2.51936,0.980392,13.8284,0.978431,0.0130782,0.978431,-4.72518,0.978431,-2.87553,0.980392,1.37536,0.978431,2.94653,0.980392,1.99378,0.980392,All
-2.48909,0.982353,13.8324,0.980392,0.013082,0.980392,-4.72514,0.980392,-2.84938,0.982353,1.37698,0.980392,2.96829,0.982353,2.09462,0.982353,All
-2.38928,0.984314,13.8343,0.982353,0.01311,0.982353,-4.72475,0.982353,-2.79284,0.984314,1.37878,0.982353,2.96875,0.984314,2.11088,0.984314,All
-2.33992,0.986275,13.8366,0.984314,0.0131111,0.984314,-4.72407,0.984314,-2.77687,0.986275,1.38443,0.984314,2.99181,0.986275,2.27099,0.986275,All
-2.22373,0.988235,13.8727,0.986275,0.0131565,0.986275,-4.72386,0.986275,-2.75527,0.988235,1.38465,0.986275,3.04244,0.988235,2.27127,0.988235,All
-2.12995,0.990196,13.8853,0.988235,0.0131886,0.988235,-4.72268,0.988235,-2.7444,0.990196,1.40728,0.988235,3.05661,0.990196,3.06564,0.990196,All
-1.88597,0.992157,13.9158,0.990196,0.0132027,0.990196,-4.72245,0.990196,-2.62358,0.992157,1.41168,0.990196,3.06132,0.992157,3.12625,0.992157,All
-1.67054,0.994118,13.9168,0.992157,0.0132109,0.992157,-4.72212,0.992157,-2.59955,0.994118,1.42254,0.992157,3.06557,0.994118,3.78839,0.994118,All
-1.37373,0.996078,13.9208,0.994118,0.0132257,0.994118,-4.72176,0.994118,-2.59592,0.996078,1.44171,0.994118,3.13324,0.996078,6.44897,0.996078,All
-1.12914,0.998039,13.9331,0.996078,0.0132621,0.996078,-4.72089,0.996078,-2.57477,0.998039,1.44301,0.996078,3.14874,0.998039,6.71061,0.998039,All
-0.775901,1,13.9898,0.998039,0.0133447,0.998039,-4.72077,0.998039,-2.56261,1,1.4462,0.998039,3.28234,1,7.47361,1,All
-0.775901,1,14.1881,1,0.0135034,1,-4.71312,1,-2.56261,1,1.44807,1,3.28234,1,7.47361,1,All
-0.775901,1,17.1465,1,0.0174537,1,-4.57123,1,-2.56261,1,1.80678,1,3.28234,1,7.47361,1,All
