initT_abscissa,initT_cdf,aS_abscissa,aS_cdf,dS_abscissa,dS_cdf,lBt0_abscissa,lBt0_cdf,dI_abscissa,dI_cdf,w_abscissa,w_cdf,split
-4.37791,0.00196078,-4,0,-4,0,-4,0,-4,0,-4,0,All
-3.95526,0.00392157,-2.354,0.00196078,-3.52815,0.00196078,-3.14637,0.00196078,-2.30232,0.00196078,-3.10678,0.00196078,All
-3.10785,0.00588235,-2.26515,0.00392157,-3.14398,0.00392157,-2.70667,0.00392157,-2.10613,0.00392157,-2.6304,0.00392157,All
-2.91176,0.00784314,-2.06688,0.00588235,-2.88284,0.00588235,-2.47555,0.00588235,-2.04067,0.00588235,-2.36082,0.00588235,All
-2.85296,0.00980392,-2.0395,0.00784314,-2.66986,0.00784314,-2.29194,0.00784314,-1.99412,0.00784314,-2.35856,0.00784314,All
-2.73495,0.0117647,-2.03562,0.00980392,-2.62507,0.00980392,-2.11404,0.00980392,-1.88699,0.00980392,-2.08897,0.00980392,All
-2.66748,0.0137255,-2.02772,0.0117647,-2.60055,0.0117647,-2.08419,0.0117647,-1.8302,0.0117647,-2.06827,0.0117647,All
-2.59986,0.0156863,-1.98383,0.0137255,-2.44017,0.0137255,-2.08264,0.0137255,-1.83008,0.0137255,-1.9316,0.0137255,All
-2.50647,0.0176471,-1.94293,0.0156863,-2.41183,0.0156863,-2.06439,0.0156863,-1.82097,0.0156863,-1.79801,0.0156863,All
-2.43758,0.0196078,-1.89848,0.0176471,-2.25814,0.0176471,-2.0554,0.0176471,-1.80591,0.0176471,-1.76739,0.0176471,All
-2.37074,0.0215686,-1.85246,0.0196078,-2.24005,0.0196078,-2.03803,0.0196078,-1.78817,0.0196078,-1.7234,0.0196078,All
-2.25069,0.0235294,-1.79004,0.0215686,-2.21855,0.0215686,-2.03702,0.0215686,-1.78614,0.0215686,-1.68022,0.0215686,All
-2.18935,0.0254902,-1.77907,0.0235294,-2.19485,0.0235294,-2.01638,0.0235294,-1.77457,0.0235294,-1.67732,0.0235294,All
-2.1626,0.027451,-1.7628,0.0254902,-2.14228,0.0254902,-1.99998,0.0254902,-1.74527,0.0254902,-1.66948,0.0254902,All
-2.14376,0.0294118,-1.75889,0.027451,-2.08546,0.027451,-1.92588,0.027451,-1.68584,0.027451,-1.667,0.027451,All
-2.14033,0.0313725,-1.75806,0.0294118,-2.01883,0.0294118,-1.88778,0.0294118,-1.66681,0.0294118,-1.65566,0.0294118,All
-2.02632,0.0333333,-1.75307,0.0313725,-2.01771,0.0313725,-1.86793,0.0313725,-1.65255,0.0313725,-1.63789,0.0313725,All
-1.98987,0.0352941,-1.75187,0.0333333,-2.00508,0.0333333,-1.82757,0.0333333,-1.64601,0.0333333,-1.62887,0.0333333,All
-1.93267,0.0372549,-1.74843,0.0352941,-1.97811,0.0352941,-1.81038,0.0352941,-1.63784,0.0352941,-1.60185,0.0352941,All
-1.89609,0.0392157,-1.72228,0.0372549,-1.95654,0.0372549,-1.79664,0.0372549,-1.63176,0.0372549,-1.59297,0.0372549,All
-1.82505,0.0411765,-1.7089,0.0392157,-1.87822,0.0392157,-1.75554,0.0392157,-1.62634,0.0392157,-1.58499,0.0392157,All
-1.81442,0.0431373,-1.65625,0.0411765,-1.767,0.0411765,-1.74624,0.0411765,-1.61725,0.0411765,-1.58362,0.0411765,All
-1.79072,0.045098,-1.65269,0.0431373,-1.70549,0.0431373,-1.69384,0.0431373,-1.61609,0.0431373,-1.5821,0.0431373,All
-1.75203,0.0470588,-1.59962,0.045098,-1.69858,0.045098,-1.67871,0.045098,-1.56478,0.045098,-1.57386,0.045098,All
-1.75118,0.0490196,-1.59362,0.0470588,-1.69016,0.0470588,-1.66024,0.0470588,-1.55631,0.0470588,-1.54114,0.0470588,All
-1.71459,0.0509804,-1.58185,0.0490196,-1.67469,0.0490196,-1.57383,0.0490196,-1.54085,0.0490196,-1.52292,0.0490196,All
-1.70909,0.0529412,-1.56977,0.0509804,-1.61715,0.0509804,-1.54228,0.0509804,-1.52558,0.0509804,-1.50349,0.0509804,All
-1.7077,0.054902,-1.55807,0.0529412,-1.55228,0.0529412,-1.53134,0.0529412,-1.52416,0.0529412,-1.48796,0.0529412,All
-1.63438,0.0568627,-1.55185,0.054902,-1.5488,0.054902,-1.50939,0.054902,-1.515,0.054902,-1.44602,0.054902,All
-1.63356,0.0588235,-1.55071,0.0568627,-1.54673,0.0568627,-1.47179,0.0568627,-1.50873,0.0568627,-1.42316,0.0568627,All
-1.60594,0.0607843,-1.54387,0.0588235,-1.53311,0.0588235,-1.4591,0.0588235,-1.50021,0.0588235,-1.40901,0.0588235,All
-1.5588,0.0627451,-1.50972,0.0607843,-1.53305,0.0607843,-1.45612,0.0607843,-1.49981,0.0607843,-1.39359,0.0607843,All
-1.55208,0.0647059,-1.49922,0.0627451,-1.52752,0.0627451,-1.44884,0.0627451,-1.48106,0.0627451,-1.3885,0.0627451,All
-1.54561,0.0666667,-1.48996,0.0647059,-1.52656,0.0647059,-1.44626,0.0647059,-1.4576,0.0647059,-1.3812,0.0647059,All
-1.47467,0.0686275,-1.45432,0.0666667,-1.52378,0.0666667,-1.43598,0.0666667,-1.45665,0.0666667,-1.36191,0.0666667,All
-1.46892,0.0705882,-1.41598,0.0686275,-1.5157,0.0686275,-1.42871,0.0686275,-1.45199,0.0686275,-1.35314,0.0686275,All
-1.45286,0.072549,-1.4126,0.0705882,-1.51236,0.0705882,-1.40748,0.0705882,-1.44171,0.0705882,-1.32992,0.0705882,All
-1.44385,0.0745098,-1.39073,0.072549,-1.49984,0.072549,-1.39682,0.072549,-1.42451,0.072549,-1.32698,0.072549,All
-1.42942,0.0764706,-1.37095,0.0745098,-1.46694,0.0745098,-1.39277,0.0745098,-1.41327,0.0745098,-1.32516,0.0745098,All
-1.41895,0.0784314,-1.3583,0.0764706,-1.45189,0.0764706,-1.38622,0.0764706,-1.40849,0.0764706,-1.3172,0.0764706,All
-1.3913,0.0803922,-1.35815,0.0784314,-1.45166,0.0784314,-1.38222,0.0784314,-1.40234,0.0784314,-1.31315,0.0784314,All
-1.39078,0.0823529,-1.32874,0.0803922,-1.44184,0.0803922,-1.34615,0.0803922,-1.38651,0.0803922,-1.30378,0.0803922,All
-1.3856,0.0843137,-1.29952,0.0823529,-1.41084,0.0823529,-1.33691,0.0823529,-1.37327,0.0823529,-1.29421,0.0823529,All
-1.33904,0.0862745,-1.29359,0.0843137,-1.40634,0.0843137,-1.3199,0.0843137,-1.37137,0.0843137,-1.28881,0.0843137,All
-1.33311,0.0882353,-1.27836,0.0862745,-1.37434,0.0862745,-1.31008,0.0862745,-1.36286,0.0862745,-1.2866,0.0862745,All
-1.2938,0.0901961,-1.2781,0.0882353,-1.36337,0.0882353,-1.30673,0.0882353,-1.33589,0.0882353,-1.267,0.0882353,All
-1.2886,0.0921569,-1.26363,0.0901961,-1.36307,0.0901961,-1.30597,0.0901961,-1.32864,0.0901961,-1.25896,0.0901961,All
-1.27661,0.0941176,-1.25301,0.0921569,-1.3518,0.0921569,-1.29872,0.0921569,-1.32787,0.0921569,-1.25871,0.0921569,All
-1.27282,0.0960784,-1.24734,0.0941176,-1.34073,0.0941176,-1.27899,0.0941176,-1.32246,0.0941176,-1.24612,0.0941176,All
-1.25765,0.0980392,-1.23436,0.0960784,-1.33283,0.0960784,-1.27879,0.0960784,-1.32117,0.0960784,-1.24019,0.0960784,All
-1.24202,0.1,-1.20645,0.0980392,-1.33188,0.0980392,-1.26647,0.0980392,-1.32025,0.0980392,-1.23503,0.0980392,All
-1.23819,0.101961,-1.20585,0.1,-1.32735,0.1,-1.26521,0.1,-1.31657,0.1,-1.20747,0.1,All
-1.21163,0.103922,-1.2042,0.101961,-1.32714,0.101961,-1.25369,0.101961,-1.31163,0.101961,-1.18926,0.101961,All
-1.19559,0.105882,-1.19928,0.103922,-1.30994,0.103922,-1.23027,0.103922,-1.30816,0.103922,-1.18525,0.103922,All
-1.1768,0.107843,-1.19037,0.105882,-1.27729,0.105882,-1.22638,0.105882,-1.30366,0.105882,-1.18019,0.105882,All
-1.17487,0.109804,-1.18812,0.107843,-1.26919,0.107843,-1.22428,0.107843,-1.29961,0.107843,-1.17584,0.107843,All
-1.17085,0.111765,-1.18364,0.109804,-1.26424,0.109804,-1.21943,0.109804,-1.24778,0.109804,-1.16747,0.109804,All
-1.16786,0.113725,-1.17918,0.111765,-1.2569,0.111765,-1.21731,0.111765,-1.23592,0.111765,-1.16226,0.111765,All
-1.15527,0.115686,-1.17829,0.113725,-1.2484,0.113725,-1.20573,0.113725,-1.235,0.113725,-1.15707,0.113725,All
-1.15226,0.117647,-1.16949,0.115686,-1.23132,0.115686,-1.19388,0.115686,-1.23004,0.115686,-1.15558,0.115686,All
-1.11997,0.119608,-1.16382,0.117647,-1.22012,0.117647,-1.18703,0.117647,-1.22945,0.117647,-1.14249,0.117647,All
-1.11666,0.121569,-1.14458,0.119608,-1.21281,0.119608,-1.18047,0.119608,-1.22087,0.119608,-1.13699,0.119608,All
-1.11402,0.123529,-1.13087,0.121569,-1.20925,0.121569,-1.17179,0.121569,-1.21831,0.121569,-1.13429,0.121569,All
-1.08392,0.12549,-1.12218,0.123529,-1.19625,0.123529,-1.1688,0.123529,-1.21119,0.123529,-1.13177,0.123529,All
-1.07732,0.127451,-1.08983,0.12549,-1.14785,0.12549,-1.15749,0.12549,-1.20719,0.12549,-1.12534,0.12549,All
-1.0512,0.129412,-1.07826,0.127451,-1.14679,0.127451,-1.14965,0.127451,-1.19665,0.127451,-1.12288,0.127451,All
-1.05059,0.131373,-1.07447,0.129412,-1.14211,0.129412,-1.14086,0.129412,-1.19272,0.129412,-1.11615,0.129412,All
-1.03593,0.133333,-1.04965,0.131373,-1.13244,0.131373,-1.1363,0.131373,-1.19118,0.131373,-1.11566,0.131373,All
-0.998868,0.135294,-1.04768,0.133333,-1.13069,0.133333,-1.12767,0.133333,-1.18375,0.133333,-1.1047,0.133333,All
-0.992322,0.137255,-1.04571,0.135294,-1.113,0.135294,-1.09581,0.135294,-1.183,0.135294,-1.10083,0.135294,All
-0.992081,0.139216,-1.01896,0.137255,-1.11084,0.137255,-1.08188,0.137255,-1.181,0.137255,-1.08771,0.137255,All
-0.986169,0.141176,-1.01561,0.139216,-1.10601,0.139216,-1.07792,0.139216,-1.15687,0.139216,-1.08721,0.139216,All
-0.981944,0.143137,-1.01497,0.141176,-1.09873,0.141176,-1.07762,0.141176,-1.15593,0.141176,-1.08552,0.141176,All
-0.981602,0.145098,-1.00861,0.143137,-1.09464,0.143137,-1.06176,0.143137,-1.1533,0.143137,-1.07889,0.143137,All
-0.976423,0.147059,-0.999373,0.145098,-1.09284,0.145098,-1.04595,0.145098,-1.14993,0.145098,-1.06837,0.145098,All
-0.976112,0.14902,-0.998995,0.147059,-1.08986,0.147059,-1.04583,0.147059,-1.1489,0.147059,-1.0589,0.147059,All
-0.97395,0.15098,-0.9818,0.14902,-1.08963,0.14902,-1.04382,0.14902,-1.14443,0.14902,-1.05746,0.14902,All
-0.951514,0.152941,-0.979388,0.15098,-1.07496,0.15098,-1.04075,0.15098,-1.13637,0.15098,-1.04193,0.15098,All
-0.924304,0.154902,-0.978963,0.152941,-1.07063,0.152941,-1.03948,0.152941,-1.1284,0.152941,-1.03878,0.152941,All
-0.922406,0.156863,-0.958352,0.154902,-1.0686,0.154902,-1.02068,0.154902,-1.12146,0.154902,-1.03582,0.154902,All
-0.920518,0.158824,-0.946956,0.156863,-1.06774,0.156863,-1.01884,0.156863,-1.11805,0.156863,-1.02977,0.156863,All
-0.917938,0.160784,-0.932777,0.158824,-1.06602,0.158824,-0.998066,0.158824,-1.11152,0.158824,-1.02471,0.158824,All
-0.907044,0.162745,-0.927637,0.160784,-1.0603,0.160784,-0.990593,0.160784,-1.10924,0.160784,-1.01875,0.160784,All
-0.890214,0.164706,-0.915064,0.162745,-1.05938,0.162745,-0.984879,0.162745,-1.10695,0.162745,-1.01504,0.162745,All
-0.863767,0.166667,-0.906359,0.164706,-1.03946,0.164706,-0.982838,0.164706,-1.09884,0.164706,-1.01433,0.164706,All
-0.859592,0.168627,-0.903632,0.166667,-1.03452,0.166667,-0.982522,0.166667,-1.09379,0.166667,-0.996346,0.166667,All
-0.857546,0.170588,-0.897136,0.168627,-1.02735,0.168627,-0.97805,0.168627,-1.08444,0.168627,-0.990815,0.168627,All
-0.84453,0.172549,-0.884217,0.170588,-1.01982,0.170588,-0.976688,0.170588,-1.0836,0.170588,-0.988877,0.170588,All
-0.841383,0.17451,-0.874459,0.172549,-1.01199,0.172549,-0.971145,0.172549,-1.08245,0.172549,-0.960379,0.172549,All
-0.833538,0.176471,-0.870586,0.17451,-1.01034,0.17451,-0.954209,0.17451,-1.07744,0.17451,-0.957515,0.17451,All
-0.831233,0.178431,-0.848698,0.176471,-1.01027,0.176471,-0.943012,0.176471,-1.07623,0.176471,-0.949992,0.176471,All
-0.820299,0.180392,-0.841492,0.178431,-0.982965,0.178431,-0.942806,0.178431,-1.07551,0.178431,-0.939686,0.178431,All
-0.815019,0.182353,-0.839947,0.180392,-0.978327,0.180392,-0.940477,0.180392,-1.06592,0.180392,-0.918029,0.180392,All
-0.812135,0.184314,-0.822881,0.182353,-0.977485,0.182353,-0.935629,0.182353,-1.06038,0.182353,-0.903442,0.182353,All
-0.80974,0.186275,-0.814943,0.184314,-0.972292,0.184314,-0.918662,0.184314,-1.05105,0.184314,-0.896298,0.184314,All
-0.80868,0.188235,-0.795975,0.186275,-0.944436,0.186275,-0.914998,0.186275,-1.04016,0.186275,-0.896,0.186275,All
-0.805709,0.190196,-0.789846,0.188235,-0.927342,0.188235,-0.912555,0.188235,-1.0384,0.188235,-0.889079,0.188235,All
-0.802519,0.192157,-0.789215,0.190196,-0.921308,0.190196,-0.910575,0.190196,-1.01417,0.190196,-0.880588,0.190196,All
-0.789101,0.194118,-0.779479,0.192157,-0.912426,0.192157,-0.902726,0.192157,-1.00602,0.192157,-0.867414,0.192157,All
-0.786748,0.196078,-0.773801,0.194118,-0.907337,0.194118,-0.896056,0.194118,-0.995259,0.194118,-0.866453,0.194118,All
-0.786681,0.198039,-0.770905,0.196078,-0.892937,0.196078,-0.888652,0.196078,-0.989752,0.196078,-0.863135,0.196078,All
-0.769607,0.2,-0.760411,0.198039,-0.89103,0.198039,-0.887421,0.198039,-0.983271,0.198039,-0.862766,0.198039,All
-0.757604,0.201961,-0.746616,0.2,-0.877137,0.2,-0.883434,0.2,-0.966189,0.2,-0.852669,0.2,All
-0.756805,0.203922,-0.746189,0.201961,-0.86797,0.201961,-0.875299,0.201961,-0.963971,0.201961,-0.843051,0.201961,All
-0.726391,0.205882,-0.745063,0.203922,-0.833843,0.203922,-0.871481,0.203922,-0.960838,0.203922,-0.842215,0.203922,All
-0.725424,0.207843,-0.74479,0.205882,-0.827295,0.205882,-0.868474,0.205882,-0.953798,0.205882,-0.841661,0.205882,All
-0.724638,0.209804,-0.741642,0.207843,-0.8235,0.207843,-0.856529,0.207843,-0.935362,0.207843,-0.840738,0.207843,All
-0.700254,0.211765,-0.73083,0.209804,-0.81822,0.209804,-0.853964,0.209804,-0.928825,0.209804,-0.835357,0.209804,All
-0.696534,0.213725,-0.729522,0.211765,-0.812511,0.211765,-0.851851,0.211765,-0.926838,0.211765,-0.819296,0.211765,All
-0.693585,0.215686,-0.724384,0.213725,-0.80717,0.213725,-0.848546,0.213725,-0.922339,0.213725,-0.816344,0.213725,All
-0.689258,0.217647,-0.721741,0.215686,-0.802602,0.215686,-0.839474,0.215686,-0.920879,0.215686,-0.813259,0.215686,All
-0.688899,0.219608,-0.717179,0.217647,-0.798707,0.217647,-0.839149,0.217647,-0.91618,0.217647,-0.807311,0.217647,All
-0.685074,0.221569,-0.710757,0.219608,-0.798034,0.219608,-0.826282,0.219608,-0.909689,0.219608,-0.792819,0.219608,All
-0.684692,0.223529,-0.697723,0.221569,-0.797975,0.221569,-0.825161,0.221569,-0.909443,0.221569,-0.765898,0.221569,All
-0.673085,0.22549,-0.691149,0.223529,-0.796476,0.223529,-0.819037,0.223529,-0.904067,0.223529,-0.760674,0.223529,All
-0.66543,0.227451,-0.681754,0.22549,-0.794062,0.22549,-0.794278,0.22549,-0.886527,0.22549,-0.758665,0.22549,All
-0.658676,0.229412,-0.680708,0.227451,-0.792265,0.227451,-0.789356,0.227451,-0.883461,0.227451,-0.747204,0.227451,All
-0.65472,0.231373,-0.677352,0.229412,-0.786047,0.229412,-0.786704,0.229412,-0.870787,0.229412,-0.744093,0.229412,All
-0.654015,0.233333,-0.676954,0.231373,-0.784059,0.231373,-0.772901,0.231373,-0.865521,0.231373,-0.740762,0.231373,All
-0.64587,0.235294,-0.675901,0.233333,-0.777682,0.233333,-0.763049,0.233333,-0.857943,0.233333,-0.739591,0.233333,All
-0.633914,0.237255,-0.674351,0.235294,-0.76229,0.235294,-0.762969,0.235294,-0.856068,0.235294,-0.738548,0.235294,All
-0.628792,0.239216,-0.668134,0.237255,-0.760824,0.237255,-0.758185,0.237255,-0.839441,0.237255,-0.73785,0.237255,All
-0.605565,0.241176,-0.655763,0.239216,-0.751514,0.239216,-0.75365,0.239216,-0.833626,0.239216,-0.734477,0.239216,All
-0.605307,0.243137,-0.65423,0.241176,-0.749368,0.241176,-0.73906,0.241176,-0.830711,0.241176,-0.723158,0.241176,All
-0.598528,0.245098,-0.650357,0.243137,-0.741983,0.243137,-0.726163,0.243137,-0.823441,0.243137,-0.71505,0.243137,All
-0.592269,0.247059,-0.649851,0.245098,-0.73277,0.245098,-0.723038,0.245098,-0.80816,0.245098,-0.711094,0.245098,All
-0.582107,0.24902,-0.645226,0.247059,-0.726738,0.247059,-0.703595,0.247059,-0.803784,0.247059,-0.709469,0.247059,All
-0.576626,0.25098,-0.643752,0.24902,-0.717431,0.24902,-0.702727,0.24902,-0.803285,0.24902,-0.688253,0.24902,All
-0.574523,0.252941,-0.639615,0.25098,-0.705704,0.25098,-0.700449,0.25098,-0.801767,0.25098,-0.687383,0.25098,All
-0.573417,0.254902,-0.636308,0.252941,-0.700346,0.252941,-0.68652,0.252941,-0.794643,0.252941,-0.686677,0.252941,All
-0.572685,0.256863,-0.635424,0.254902,-0.692845,0.254902,-0.676144,0.254902,-0.790283,0.254902,-0.684007,0.254902,All
-0.572262,0.258824,-0.633215,0.256863,-0.688989,0.256863,-0.666772,0.256863,-0.785118,0.256863,-0.678796,0.256863,All
-0.561353,0.260784,-0.62177,0.258824,-0.68821,0.258824,-0.663681,0.258824,-0.783782,0.258824,-0.664313,0.258824,All
-0.560164,0.262745,-0.621569,0.260784,-0.675348,0.260784,-0.663497,0.260784,-0.77302,0.260784,-0.659315,0.260784,All
-0.559812,0.264706,-0.603111,0.262745,-0.667334,0.262745,-0.645334,0.262745,-0.769655,0.262745,-0.656832,0.262745,All
-0.558822,0.266667,-0.598886,0.264706,-0.665958,0.264706,-0.63933,0.264706,-0.763642,0.264706,-0.631279,0.264706,All
-0.558445,0.268627,-0.597654,0.266667,-0.660086,0.266667,-0.638041,0.266667,-0.757279,0.266667,-0.628115,0.266667,All
-0.556154,0.270588,-0.593404,0.268627,-0.655643,0.268627,-0.618984,0.268627,-0.754308,0.268627,-0.613614,0.268627,All
-0.556083,0.272549,-0.589993,0.270588,-0.646618,0.270588,-0.609258,0.270588,-0.748392,0.270588,-0.60821,0.270588,All
-0.55281,0.27451,-0.587953,0.272549,-0.620345,0.272549,-0.604878,0.272549,-0.747898,0.272549,-0.607555,0.272549,All
-0.546988,0.276471,-0.583805,0.27451,-0.600559,0.27451,-0.592086,0.27451,-0.73634,0.27451,-0.598732,0.27451,All
-0.540191,0.278431,-0.569039,0.276471,-0.577214,0.276471,-0.576747,0.276471,-0.734851,0.276471,-0.585078,0.276471,All
-0.53841,0.280392,-0.551847,0.278431,-0.570593,0.278431,-0.575173,0.278431,-0.720596,0.278431,-0.580269,0.278431,All
-0.537998,0.282353,-0.545331,0.280392,-0.567841,0.280392,-0.573403,0.280392,-0.713708,0.280392,-0.571943,0.280392,All
-0.518981,0.284314,-0.538929,0.282353,-0.565423,0.282353,-0.572902,0.282353,-0.703515,0.282353,-0.571412,0.282353,All
-0.50709,0.286275,-0.523875,0.284314,-0.55637,0.284314,-0.570113,0.284314,-0.699539,0.284314,-0.559921,0.284314,All
-0.505013,0.288235,-0.518737,0.286275,-0.555576,0.286275,-0.56929,0.286275,-0.695042,0.286275,-0.556906,0.286275,All
-0.500393,0.290196,-0.517092,0.288235,-0.55329,0.288235,-0.564393,0.288235,-0.690558,0.288235,-0.548917,0.288235,All
-0.497247,0.292157,-0.515497,0.290196,-0.538114,0.290196,-0.54651,0.290196,-0.687532,0.290196,-0.548627,0.290196,All
-0.491583,0.294118,-0.506354,0.292157,-0.536224,0.292157,-0.545477,0.292157,-0.669574,0.292157,-0.545127,0.292157,All
-0.490893,0.296078,-0.504446,0.294118,-0.535379,0.294118,-0.531598,0.294118,-0.658256,0.294118,-0.544457,0.294118,All
-0.49016,0.298039,-0.50014,0.296078,-0.524891,0.296078,-0.525337,0.296078,-0.657216,0.296078,-0.540094,0.296078,All
-0.487349,0.3,-0.490599,0.298039,-0.52342,0.298039,-0.523063,0.298039,-0.637407,0.298039,-0.499408,0.298039,All
-0.481485,0.301961,-0.481842,0.3,-0.520657,0.3,-0.520828,0.3,-0.636959,0.3,-0.499166,0.3,All
-0.480328,0.303922,-0.471212,0.301961,-0.506745,0.301961,-0.520732,0.301961,-0.635776,0.301961,-0.498462,0.301961,All
-0.46462,0.305882,-0.46672,0.303922,-0.503531,0.303922,-0.519455,0.303922,-0.627402,0.303922,-0.489429,0.303922,All
-0.461802,0.307843,-0.465102,0.305882,-0.502382,0.305882,-0.518177,0.305882,-0.603664,0.305882,-0.479397,0.305882,All
-0.457352,0.309804,-0.463898,0.307843,-0.50063,0.307843,-0.516314,0.307843,-0.602967,0.307843,-0.477114,0.307843,All
-0.457012,0.311765,-0.451429,0.309804,-0.497451,0.309804,-0.512491,0.309804,-0.593007,0.309804,-0.467858,0.309804,All
-0.450445,0.313725,-0.450404,0.311765,-0.496781,0.311765,-0.510132,0.311765,-0.592105,0.311765,-0.465216,0.311765,All
-0.44585,0.315686,-0.446826,0.313725,-0.495858,0.313725,-0.503407,0.313725,-0.591928,0.313725,-0.464965,0.313725,All
-0.440177,0.317647,-0.44229,0.315686,-0.490437,0.315686,-0.503129,0.315686,-0.589436,0.315686,-0.462541,0.315686,All
-0.432801,0.319608,-0.441652,0.317647,-0.486734,0.317647,-0.491785,0.317647,-0.584654,0.317647,-0.438532,0.317647,All
-0.430229,0.321569,-0.43406,0.319608,-0.471409,0.319608,-0.485394,0.319608,-0.580011,0.319608,-0.437332,0.319608,All
-0.424647,0.323529,-0.427562,0.321569,-0.461351,0.321569,-0.483211,0.321569,-0.578128,0.321569,-0.431736,0.321569,All
-0.422964,0.32549,-0.419318,0.323529,-0.459866,0.323529,-0.482958,0.323529,-0.57572,0.323529,-0.412194,0.323529,All
-0.419129,0.327451,-0.416298,0.32549,-0.458399,0.32549,-0.479264,0.32549,-0.574473,0.32549,-0.410171,0.32549,All
-0.417877,0.329412,-0.410978,0.327451,-0.457097,0.327451,-0.478652,0.327451,-0.571244,0.327451,-0.405732,0.327451,All
-0.414049,0.331373,-0.410707,0.329412,-0.446685,0.329412,-0.476189,0.329412,-0.564434,0.329412,-0.40528,0.329412,All
-0.410799,0.333333,-0.406528,0.331373,-0.445009,0.331373,-0.473947,0.331373,-0.563107,0.331373,-0.402476,0.331373,All
-0.404256,0.335294,-0.403923,0.333333,-0.443273,0.333333,-0.464542,0.333333,-0.556313,0.333333,-0.400039,0.333333,All
-0.398623,0.337255,-0.392008,0.335294,-0.439727,0.335294,-0.457313,0.335294,-0.553801,0.335294,-0.396458,0.335294,All
-0.397278,0.339216,-0.389145,0.337255,-0.429923,0.337255,-0.456666,0.337255,-0.545673,0.337255,-0.393891,0.337255,All
-0.392962,0.341176,-0.388577,0.339216,-0.425376,0.339216,-0.451344,0.339216,-0.541273,0.339216,-0.388206,0.339216,All
-0.391093,0.343137,-0.38473,0.341176,-0.41536,0.341176,-0.437754,0.341176,-0.539166,0.341176,-0.387517,0.341176,All
-0.384759,0.345098,-0.381427,0.343137,-0.41002,0.343137,-0.436936,0.343137,-0.536904,0.343137,-0.386506,0.343137,All
-0.384737,0.347059,-0.378454,0.345098,-0.404783,0.345098,-0.435624,0.345098,-0.536819,0.345098,-0.386087,0.345098,All
-0.383977,0.34902,-0.374632,0.347059,-0.401654,0.347059,-0.426901,0.347059,-0.534129,0.347059,-0.380656,0.347059,All
-0.383551,0.35098,-0.372094,0.34902,-0.3923,0.34902,-0.422094,0.34902,-0.532824,0.34902,-0.375765,0.34902,All
-0.375157,0.352941,-0.368976,0.35098,-0.388678,0.35098,-0.42127,0.35098,-0.53187,0.35098,-0.370597,0.35098,All
-0.375122,0.354902,-0.368346,0.352941,-0.382777,0.352941,-0.420842,0.352941,-0.522617,0.352941,-0.363543,0.352941,All
-0.374277,0.356863,-0.364235,0.354902,-0.378267,0.354902,-0.414654,0.354902,-0.521792,0.354902,-0.362954,0.354902,All
-0.367748,0.358824,-0.363346,0.356863,-0.377037,0.356863,-0.409766,0.356863,-0.519154,0.356863,-0.36221,0.356863,All
-0.367553,0.360784,-0.360653,0.358824,-0.376161,0.358824,-0.40904,0.358824,-0.498867,0.358824,-0.360513,0.358824,All
-0.365802,0.362745,-0.357846,0.360784,-0.371893,0.360784,-0.40824,0.360784,-0.496161,0.360784,-0.355697,0.360784,All
-0.364056,0.364706,-0.353082,0.362745,-0.368037,0.362745,-0.40752,0.362745,-0.489713,0.362745,-0.351604,0.362745,All
-0.35687,0.366667,-0.350462,0.364706,-0.362484,0.364706,-0.398058,0.364706,-0.488502,0.364706,-0.345368,0.364706,All
-0.354507,0.368627,-0.350331,0.366667,-0.362163,0.366667,-0.397839,0.366667,-0.481545,0.366667,-0.341438,0.366667,All
-0.349181,0.370588,-0.333041,0.368627,-0.357614,0.368627,-0.393183,0.368627,-0.478224,0.368627,-0.338102,0.368627,All
-0.344124,0.372549,-0.331181,0.370588,-0.357269,0.370588,-0.392545,0.370588,-0.459722,0.370588,-0.324871,0.370588,All
-0.339228,0.37451,-0.313334,0.372549,-0.347041,0.372549,-0.390581,0.372549,-0.45624,0.372549,-0.31885,0.372549,All
-0.332685,0.376471,-0.312921,0.37451,-0.343171,0.37451,-0.388877,0.37451,-0.453733,0.37451,-0.314907,0.37451,All
-0.317769,0.378431,-0.30642,0.376471,-0.335632,0.376471,-0.383199,0.376471,-0.447531,0.376471,-0.310846,0.376471,All
-0.314586,0.380392,-0.300475,0.378431,-0.333751,0.378431,-0.379903,0.378431,-0.43167,0.378431,-0.309655,0.378431,All
-0.301471,0.382353,-0.297794,0.380392,-0.327113,0.380392,-0.379186,0.380392,-0.402796,0.380392,-0.303674,0.380392,All
-0.290274,0.384314,-0.285881,0.382353,-0.322394,0.382353,-0.377929,0.382353,-0.398051,0.382353,-0.301491,0.382353,All
-0.28969,0.386275,-0.285773,0.384314,-0.316515,0.384314,-0.368777,0.384314,-0.394528,0.384314,-0.300991,0.384314,All
-0.288799,0.388235,-0.285608,0.386275,-0.294609,0.386275,-0.353834,0.386275,-0.392673,0.386275,-0.29487,0.386275,All
-0.287371,0.390196,-0.285536,0.388235,-0.292047,0.388235,-0.350596,0.388235,-0.386168,0.388235,-0.28225,0.388235,All
-0.28349,0.392157,-0.283296,0.390196,-0.28597,0.390196,-0.350431,0.390196,-0.381588,0.390196,-0.28138,0.390196,All
-0.28046,0.394118,-0.282288,0.392157,-0.285243,0.392157,-0.346455,0.392157,-0.369664,0.392157,-0.2754,0.392157,All
-0.279473,0.396078,-0.281137,0.394118,-0.280745,0.394118,-0.342917,0.394118,-0.35895,0.394118,-0.271028,0.394118,All
-0.277546,0.398039,-0.279121,0.396078,-0.279502,0.396078,-0.339408,0.396078,-0.353653,0.396078,-0.270154,0.396078,All
-0.277198,0.4,-0.278544,0.398039,-0.274127,0.398039,-0.337049,0.398039,-0.342223,0.398039,-0.259481,0.398039,All
-0.271385,0.401961,-0.269682,0.4,-0.258291,0.4,-0.333306,0.4,-0.338929,0.4,-0.259102,0.4,All
-0.260048,0.403922,-0.265962,0.401961,-0.250374,0.401961,-0.326509,0.401961,-0.31065,0.401961,-0.258376,0.401961,All
-0.256098,0.405882,-0.258154,0.403922,-0.24236,0.403922,-0.313863,0.403922,-0.308571,0.403922,-0.248449,0.403922,All
-0.253257,0.407843,-0.254268,0.405882,-0.22143,0.405882,-0.305528,0.405882,-0.285848,0.405882,-0.238708,0.405882,All
-0.245049,0.409804,-0.248732,0.407843,-0.220972,0.407843,-0.305261,0.407843,-0.283996,0.407843,-0.236878,0.407843,All
-0.244409,0.411765,-0.240945,0.409804,-0.219393,0.409804,-0.29761,0.409804,-0.273022,0.409804,-0.228825,0.409804,All
-0.237401,0.413725,-0.240201,0.411765,-0.205467,0.411765,-0.274502,0.411765,-0.264389,0.411765,-0.228161,0.411765,All
-0.233915,0.415686,-0.23058,0.413725,-0.205318,0.413725,-0.262797,0.413725,-0.249723,0.413725,-0.226531,0.413725,All
-0.226838,0.417647,-0.221618,0.415686,-0.205121,0.415686,-0.26277,0.415686,-0.24381,0.415686,-0.225245,0.415686,All
-0.219224,0.419608,-0.216315,0.417647,-0.203518,0.417647,-0.257864,0.417647,-0.225619,0.417647,-0.222468,0.417647,All
-0.21236,0.421569,-0.215945,0.419608,-0.19283,0.419608,-0.257378,0.419608,-0.223379,0.419608,-0.220145,0.419608,All
-0.208054,0.423529,-0.200751,0.421569,-0.185878,0.421569,-0.250178,0.421569,-0.220862,0.421569,-0.215332,0.421569,All
-0.207282,0.42549,-0.197752,0.423529,-0.183779,0.423529,-0.244726,0.423529,-0.21508,0.423529,-0.21342,0.423529,All
-0.207089,0.427451,-0.194551,0.42549,-0.183534,0.42549,-0.241838,0.42549,-0.203154,0.42549,-0.212211,0.42549,All
-0.203519,0.429412,-0.188217,0.427451,-0.183167,0.427451,-0.22551,0.427451,-0.202929,0.427451,-0.211829,0.427451,All
-0.20014,0.431373,-0.185909,0.429412,-0.177526,0.429412,-0.224711,0.429412,-0.192683,0.429412,-0.208796,0.429412,All
-0.188712,0.433333,-0.185025,0.431373,-0.169078,0.431373,-0.211993,0.431373,-0.186167,0.431373,-0.207686,0.431373,All
-0.187929,0.435294,-0.181545,0.433333,-0.158289,0.433333,-0.210404,0.433333,-0.180077,0.433333,-0.19622,0.433333,All
-0.185474,0.437255,-0.175321,0.435294,-0.158255,0.435294,-0.205943,0.435294,-0.1782,0.435294,-0.190792,0.435294,All
-0.18507,0.439216,-0.173978,0.437255,-0.154612,0.437255,-0.200579,0.437255,-0.176197,0.437255,-0.18059,0.437255,All
-0.184099,0.441176,-0.16406,0.439216,-0.152165,0.439216,-0.199281,0.439216,-0.166462,0.439216,-0.177145,0.439216,All
-0.175771,0.443137,-0.13534,0.441176,-0.150544,0.441176,-0.19626,0.441176,-0.164316,0.441176,-0.167685,0.441176,All
-0.175536,0.445098,-0.1343,0.443137,-0.146754,0.443137,-0.194378,0.443137,-0.154229,0.443137,-0.166661,0.443137,All
-0.175373,0.447059,-0.126094,0.445098,-0.145356,0.445098,-0.194232,0.445098,-0.139724,0.445098,-0.15934,0.445098,All
-0.169831,0.44902,-0.124285,0.447059,-0.144433,0.447059,-0.193438,0.447059,-0.128963,0.447059,-0.158436,0.447059,All
-0.165863,0.45098,-0.123121,0.44902,-0.128478,0.44902,-0.188399,0.44902,-0.126751,0.44902,-0.156738,0.44902,All
-0.161915,0.452941,-0.119593,0.45098,-0.119245,0.45098,-0.179093,0.45098,-0.12215,0.45098,-0.15083,0.45098,All
-0.158373,0.454902,-0.116447,0.452941,-0.118771,0.452941,-0.176299,0.452941,-0.120959,0.452941,-0.142476,0.452941,All
-0.156484,0.456863,-0.116336,0.454902,-0.117605,0.454902,-0.174069,0.454902,-0.116832,0.454902,-0.134716,0.454902,All
-0.150292,0.458824,-0.110259,0.456863,-0.116869,0.456863,-0.169391,0.456863,-0.115034,0.456863,-0.132732,0.456863,All
-0.144031,0.460784,-0.102072,0.458824,-0.107746,0.458824,-0.154372,0.458824,-0.110228,0.458824,-0.114749,0.458824,All
-0.142159,0.462745,-0.0833635,0.460784,-0.0955614,0.460784,-0.152357,0.460784,-0.109109,0.460784,-0.112009,0.460784,All
-0.124079,0.464706,-0.0814622,0.462745,-0.095551,0.462745,-0.151553,0.462745,-0.102484,0.462745,-0.0995704,0.462745,All
-0.112018,0.466667,-0.0802888,0.464706,-0.0881405,0.464706,-0.14986,0.464706,-0.0978398,0.464706,-0.0995072,0.464706,All
-0.111464,0.468627,-0.0799394,0.466667,-0.0832972,0.466667,-0.140895,0.466667,-0.0940854,0.466667,-0.0980425,0.466667,All
-0.108609,0.470588,-0.0761897,0.468627,-0.0806971,0.468627,-0.117095,0.468627,-0.084399,0.468627,-0.0960815,0.468627,All
-0.108292,0.472549,-0.0681702,0.470588,-0.072873,0.470588,-0.108594,0.470588,-0.0821903,0.470588,-0.0944534,0.470588,All
-0.102418,0.47451,-0.0636029,0.472549,-0.0677286,0.472549,-0.107261,0.472549,-0.0697826,0.472549,-0.0882309,0.472549,All
-0.0867599,0.476471,-0.0619933,0.47451,-0.0664491,0.47451,-0.0993786,0.47451,-0.0630415,0.47451,-0.0827411,0.47451,All
-0.0800283,0.478431,-0.0608751,0.476471,-0.0663026,0.476471,-0.0955405,0.476471,-0.0628957,0.476471,-0.0745857,0.476471,All
-0.0671708,0.480392,-0.0591151,0.478431,-0.063809,0.478431,-0.09145,0.478431,-0.0545529,0.478431,-0.0520032,0.478431,All
-0.049272,0.482353,-0.0553927,0.480392,-0.0521205,0.480392,-0.0893001,0.480392,-0.0520924,0.480392,-0.0518839,0.480392,All
-0.0368784,0.484314,-0.0549985,0.482353,-0.0424818,0.482353,-0.087385,0.482353,-0.0460757,0.482353,-0.0131185,0.482353,All
-0.0174098,0.486275,-0.0530247,0.484314,-0.0392044,0.484314,-0.0804842,0.484314,-0.0405171,0.484314,-0.00883013,0.484314,All
-0.0170875,0.488235,-0.0519079,0.486275,-0.037299,0.486275,-0.0801439,0.486275,-0.0155301,0.486275,-0.00501086,0.486275,All
-0.0117818,0.490196,-0.0496831,0.488235,-0.0346328,0.488235,-0.0791848,0.488235,-0.00742415,0.488235,-0.00485126,0.488235,All
-0.00931095,0.492157,-0.0444983,0.490196,-0.0295108,0.490196,-0.0703988,0.490196,0.000791391,0.490196,-0.00198912,0.490196,All
-0.00743125,0.494118,-0.0418538,0.492157,-0.0272016,0.492157,-0.0680086,0.492157,0.000987,0.492157,0.006124,0.492157,All
-0.0061661,0.496078,-0.0289345,0.494118,-0.0243689,0.494118,-0.0636031,0.494118,0.00497675,0.494118,0.0066591,0.494118,All
-0.00392729,0.498039,-0.0262508,0.496078,-0.022479,0.496078,-0.052162,0.496078,0.00876256,0.496078,0.0113755,0.496078,All
-0.00233257,0.5,-0.0106156,0.498039,-0.0189197,0.498039,-0.0493495,0.498039,0.011143,0.498039,0.0131728,0.498039,All
-0.00133596,0.501961,-0.00993834,0.5,-0.0171305,0.5,-0.0396784,0.5,0.0133434,0.5,0.0241833,0.5,All
-0.0004403,0.503922,-0.00930907,0.501961,-0.0134999,0.501961,-0.0365923,0.501961,0.0211059,0.501961,0.0267882,0.501961,All
0.000433632,0.505882,-0.00893748,0.503922,-0.0134605,0.503922,-0.034844,0.503922,0.0265269,0.503922,0.029729,0.503922,All
0.00380448,0.507843,-0.0027557,0.505882,-0.0048255,0.505882,-0.0302342,0.505882,0.0274278,0.505882,0.0534046,0.505882,All
0.00835951,0.509804,0.00689061,0.507843,-0.00151999,0.507843,-0.0285404,0.507843,0.0275722,0.507843,0.0553756,0.507843,All
0.0161192,0.511765,0.00781719,0.509804,-0.00140997,0.509804,-0.0166008,0.509804,0.0405083,0.509804,0.057523,0.509804,All
0.0226287,0.513725,0.0139926,0.511765,0.00685209,0.511765,-0.0110403,0.511765,0.0617625,0.511765,0.0590809,0.511765,All
0.026761,0.515686,0.0145736,0.513725,0.0118834,0.513725,-0.00464837,0.513725,0.0650652,0.513725,0.0601134,0.513725,All
0.0419463,0.517647,0.0150774,0.515686,0.0139792,0.515686,-0.00399563,0.515686,0.0735497,0.515686,0.0646061,0.515686,All
0.0438755,0.519608,0.0155295,0.517647,0.0198179,0.517647,-0.00332384,0.517647,0.0840616,0.517647,0.0648437,0.517647,All
0.0446782,0.521569,0.0184282,0.519608,0.0260317,0.519608,0.00337086,0.519608,0.0860439,0.519608,0.066488,0.519608,All
0.0455862,0.523529,0.0193277,0.521569,0.0274227,0.521569,0.0157856,0.521569,0.0878317,0.521569,0.0770484,0.521569,All
0.0477098,0.52549,0.0275267,0.523529,0.0276091,0.523529,0.0160471,0.523529,0.0887584,0.523529,0.0844343,0.523529,All
0.0487775,0.527451,0.034559,0.52549,0.0298206,0.52549,0.0253446,0.52549,0.0905083,0.52549,0.0881789,0.52549,All
0.0752848,0.529412,0.0432519,0.527451,0.031872,0.527451,0.0405943,0.527451,0.0992387,0.527451,0.0943367,0.527451,All
0.0764682,0.531373,0.0461612,0.529412,0.0397493,0.529412,0.0436254,0.529412,0.104914,0.529412,0.096509,0.529412,All
0.0837852,0.533333,0.0534265,0.531373,0.0527734,0.531373,0.0443431,0.531373,0.108084,0.531373,0.103603,0.531373,All
0.0879253,0.535294,0.0575897,0.533333,0.0530971,0.533333,0.0567276,0.533333,0.113215,0.533333,0.104102,0.533333,All
0.0884875,0.537255,0.0605131,0.535294,0.055325,0.535294,0.0605733,0.535294,0.117555,0.535294,0.104586,0.535294,All
0.0909504,0.539216,0.0687842,0.537255,0.063354,0.537255,0.0649359,0.537255,0.123973,0.537255,0.105132,0.537255,All
0.0947118,0.541176,0.072468,0.539216,0.0653081,0.539216,0.0755908,0.539216,0.138219,0.539216,0.106812,0.539216,All
0.102937,0.543137,0.0749362,0.541176,0.0944032,0.541176,0.0813256,0.541176,0.140703,0.541176,0.107024,0.541176,All
0.113843,0.545098,0.0851982,0.543137,0.0968171,0.543137,0.0894796,0.543137,0.146532,0.543137,0.107143,0.543137,All
0.117684,0.547059,0.0892469,0.545098,0.110847,0.545098,0.101078,0.545098,0.149969,0.545098,0.118519,0.545098,All
0.127879,0.54902,0.0932679,0.547059,0.117698,0.547059,0.103652,0.547059,0.150575,0.547059,0.121881,0.547059,All
0.129716,0.55098,0.09355,0.54902,0.120892,0.54902,0.104568,0.54902,0.175186,0.54902,0.123209,0.54902,All
0.135003,0.552941,0.095625,0.55098,0.125089,0.55098,0.105723,0.55098,0.175507,0.55098,0.123394,0.55098,All
0.147185,0.554902,0.0964731,0.552941,0.127762,0.552941,0.115471,0.552941,0.182249,0.552941,0.128709,0.552941,All
0.148538,0.556863,0.0982769,0.554902,0.141586,0.554902,0.118211,0.554902,0.182267,0.554902,0.133287,0.554902,All
0.152333,0.558824,0.102075,0.556863,0.146576,0.556863,0.132182,0.556863,0.182849,0.556863,0.134358,0.556863,All
0.169072,0.560784,0.10481,0.558824,0.156767,0.558824,0.135123,0.558824,0.189593,0.558824,0.141552,0.558824,All
0.170751,0.562745,0.11083,0.560784,0.1581,0.560784,0.138089,0.560784,0.189669,0.560784,0.160077,0.560784,All
0.175332,0.564706,0.111384,0.562745,0.178014,0.562745,0.138382,0.562745,0.191406,0.562745,0.162651,0.562745,All
0.193278,0.566667,0.114237,0.564706,0.181954,0.564706,0.141615,0.564706,0.194357,0.564706,0.166197,0.564706,All
0.193466,0.568627,0.117418,0.566667,0.189062,0.566667,0.143303,0.566667,0.197205,0.566667,0.191121,0.566667,All
0.201225,0.570588,0.11797,0.568627,0.18955,0.568627,0.143742,0.568627,0.203937,0.568627,0.201608,0.568627,All
0.209624,0.572549,0.123707,0.570588,0.191092,0.570588,0.150568,0.570588,0.206461,0.570588,0.209458,0.570588,All
0.209991,0.57451,0.126168,0.572549,0.197922,0.572549,0.167176,0.572549,0.208017,0.572549,0.210736,0.572549,All
0.221722,0.576471,0.126568,0.57451,0.202158,0.57451,0.167938,0.57451,0.210674,0.57451,0.21869,0.57451,All
0.222014,0.578431,0.131886,0.576471,0.206727,0.576471,0.16999,0.576471,0.214443,0.576471,0.219143,0.576471,All
0.22323,0.580392,0.133101,0.578431,0.207299,0.578431,0.17386,0.578431,0.215977,0.578431,0.221339,0.578431,All
0.223451,0.582353,0.138305,0.580392,0.207317,0.580392,0.173963,0.580392,0.230152,0.580392,0.222718,0.580392,All
0.224999,0.584314,0.139709,0.582353,0.231265,0.582353,0.179656,0.582353,0.239432,0.582353,0.229242,0.582353,All
0.229199,0.586275,0.140265,0.584314,0.232334,0.584314,0.182108,0.584314,0.241056,0.584314,0.229318,0.584314,All
0.231499,0.588235,0.14402,0.586275,0.237382,0.586275,0.18321,0.586275,0.243131,0.586275,0.235053,0.586275,All
0.233953,0.590196,0.145717,0.588235,0.24391,0.588235,0.190586,0.588235,0.257266,0.588235,0.237704,0.588235,All
0.23719,0.592157,0.146629,0.590196,0.25082,0.590196,0.203679,0.590196,0.260851,0.590196,0.239846,0.590196,All
0.240654,0.594118,0.150098,0.592157,0.255113,0.592157,0.207631,0.592157,0.268708,0.592157,0.241001,0.592157,All
0.240885,0.596078,0.155673,0.594118,0.265022,0.594118,0.215978,0.594118,0.281733,0.594118,0.241679,0.594118,All
0.252858,0.598039,0.169912,0.596078,0.266112,0.596078,0.233948,0.596078,0.293909,0.596078,0.242809,0.596078,All
0.25444,0.6,0.184772,0.598039,0.269271,0.598039,0.24373,0.598039,0.311006,0.598039,0.244581,0.598039,All
0.255911,0.601961,0.192183,0.6,0.271119,0.6,0.250945,0.6,0.314976,0.6,0.267136,0.6,All
0.257625,0.603922,0.197605,0.601961,0.273668,0.601961,0.253228,0.601961,0.316567,0.601961,0.272035,0.601961,All
0.261953,0.605882,0.201621,0.603922,0.277759,0.603922,0.261592,0.603922,0.319202,0.603922,0.288827,0.603922,All
0.279568,0.607843,0.212557,0.605882,0.278595,0.605882,0.263306,0.605882,0.322173,0.605882,0.28958,0.605882,All
0.282465,0.609804,0.215356,0.607843,0.281639,0.607843,0.266377,0.607843,0.322436,0.607843,0.29092,0.607843,All
0.282483,0.611765,0.218237,0.609804,0.289532,0.609804,0.269609,0.609804,0.323214,0.609804,0.295789,0.609804,All
0.288317,0.613725,0.227804,0.611765,0.290756,0.611765,0.269707,0.611765,0.334834,0.611765,0.299538,0.611765,All
0.290911,0.615686,0.228837,0.613725,0.291367,0.613725,0.276998,0.613725,0.338773,0.613725,0.302229,0.613725,All
0.291412,0.617647,0.235527,0.615686,0.298494,0.615686,0.284185,0.615686,0.349289,0.615686,0.304532,0.615686,All
0.294426,0.619608,0.236689,0.617647,0.303937,0.617647,0.285147,0.617647,0.357814,0.617647,0.308792,0.617647,All
0.302786,0.621569,0.237486,0.619608,0.304875,0.619608,0.296396,0.619608,0.378897,0.619608,0.316596,0.619608,All
0.30511,0.623529,0.252479,0.621569,0.307286,0.621569,0.297692,0.621569,0.382344,0.621569,0.318255,0.621569,All
0.322526,0.62549,0.254961,0.623529,0.314847,0.623529,0.302007,0.623529,0.38394,0.623529,0.320115,0.623529,All
0.327413,0.627451,0.256932,0.62549,0.317582,0.62549,0.303021,0.62549,0.384408,0.62549,0.339699,0.62549,All
0.331592,0.629412,0.263352,0.627451,0.320161,0.627451,0.309873,0.627451,0.389463,0.627451,0.342737,0.627451,All
0.343359,0.631373,0.263919,0.629412,0.337743,0.629412,0.317143,0.629412,0.407418,0.629412,0.353249,0.629412,All
0.34641,0.633333,0.264763,0.631373,0.339426,0.631373,0.320976,0.631373,0.422205,0.631373,0.356137,0.631373,All
0.358987,0.635294,0.267786,0.633333,0.342329,0.633333,0.322868,0.633333,0.43206,0.633333,0.360644,0.633333,All
0.365166,0.637255,0.268895,0.635294,0.342743,0.635294,0.324007,0.635294,0.436724,0.635294,0.368852,0.635294,All
0.366629,0.639216,0.282141,0.637255,0.346343,0.637255,0.325693,0.637255,0.440381,0.637255,0.370609,0.637255,All
0.380388,0.641176,0.289346,0.639216,0.347784,0.639216,0.328109,0.639216,0.442736,0.639216,0.372274,0.639216,All
0.384132,0.643137,0.30211,0.641176,0.353586,0.641176,0.337819,0.641176,0.460102,0.641176,0.384487,0.641176,All
0.405085,0.645098,0.3023,0.643137,0.354515,0.643137,0.359553,0.643137,0.460851,0.643137,0.387621,0.643137,All
0.409802,0.647059,0.302476,0.645098,0.357003,0.645098,0.364727,0.645098,0.466757,0.645098,0.388662,0.645098,All
0.410235,0.64902,0.305042,0.647059,0.36603,0.647059,0.384068,0.647059,0.472334,0.647059,0.3959,0.647059,All
0.428022,0.65098,0.318834,0.64902,0.366159,0.64902,0.38757,0.64902,0.474581,0.64902,0.398615,0.64902,All
0.429817,0.652941,0.319167,0.65098,0.368276,0.65098,0.387803,0.65098,0.475996,0.65098,0.400759,0.65098,All
0.43083,0.654902,0.320686,0.652941,0.370568,0.652941,0.391922,0.652941,0.490898,0.652941,0.402417,0.652941,All
0.436357,0.656863,0.3257,0.654902,0.371442,0.654902,0.416614,0.654902,0.498785,0.654902,0.404295,0.654902,All
0.43671,0.658824,0.327869,0.656863,0.37449,0.656863,0.418505,0.656863,0.500032,0.656863,0.405428,0.656863,All
0.437832,0.660784,0.336747,0.658824,0.380128,0.658824,0.420904,0.658824,0.511843,0.658824,0.417405,0.658824,All
0.439024,0.662745,0.341203,0.660784,0.380668,0.660784,0.435856,0.660784,0.511998,0.660784,0.418232,0.660784,All
0.446861,0.664706,0.352449,0.662745,0.395154,0.662745,0.437083,0.662745,0.512062,0.662745,0.428086,0.662745,All
0.450144,0.666667,0.352869,0.664706,0.403043,0.664706,0.447974,0.664706,0.523572,0.664706,0.429818,0.664706,All
0.45853,0.668627,0.353017,0.666667,0.404437,0.666667,0.448961,0.666667,0.524977,0.666667,0.431013,0.666667,All
0.475446,0.670588,0.356452,0.668627,0.40594,0.668627,0.450652,0.668627,0.527259,0.668627,0.435819,0.668627,All
0.476887,0.672549,0.357894,0.670588,0.419275,0.670588,0.452577,0.670588,0.533566,0.670588,0.438888,0.670588,All
0.480171,0.67451,0.35794,0.672549,0.42406,0.672549,0.462307,0.672549,0.555877,0.672549,0.441455,0.672549,All
0.48481,0.676471,0.361007,0.67451,0.42676,0.67451,0.472813,0.67451,0.5679,0.67451,0.444345,0.67451,All
0.490092,0.678431,0.36991,0.676471,0.429711,0.676471,0.475477,0.676471,0.576335,0.676471,0.463495,0.676471,All
0.491795,0.680392,0.372886,0.678431,0.431292,0.678431,0.477074,0.678431,0.576996,0.678431,0.465381,0.678431,All
0.494974,0.682353,0.377914,0.680392,0.439397,0.680392,0.493262,0.680392,0.578973,0.680392,0.465929,0.680392,All
0.499126,0.684314,0.38316,0.682353,0.440701,0.682353,0.498201,0.682353,0.588054,0.682353,0.478828,0.682353,All
0.500384,0.686275,0.390341,0.684314,0.444947,0.684314,0.503699,0.684314,0.590965,0.684314,0.490692,0.684314,All
0.502225,0.688235,0.391198,0.686275,0.46983,0.686275,0.510057,0.686275,0.591118,0.686275,0.500517,0.686275,All
0.502777,0.690196,0.394056,0.688235,0.473822,0.688235,0.519196,0.688235,0.5955,0.688235,0.515703,0.688235,All
0.505729,0.692157,0.400999,0.690196,0.478195,0.690196,0.53311,0.690196,0.600481,0.690196,0.517365,0.690196,All
0.510143,0.694118,0.403831,0.692157,0.497581,0.692157,0.533274,0.692157,0.608255,0.692157,0.517478,0.692157,All
0.513015,0.696078,0.40683,0.694118,0.499333,0.694118,0.540698,0.694118,0.609178,0.694118,0.530013,0.694118,All
0.521242,0.698039,0.417071,0.696078,0.501838,0.696078,0.547374,0.696078,0.624463,0.696078,0.53916,0.696078,All
0.52352,0.7,0.428346,0.698039,0.526541,0.698039,0.556286,0.698039,0.626325,0.698039,0.551944,0.698039,All
0.524341,0.701961,0.43415,0.7,0.532006,0.7,0.556865,0.7,0.636669,0.7,0.561817,0.7,All
0.530699,0.703922,0.436725,0.701961,0.532855,0.701961,0.557443,0.701961,0.649436,0.701961,0.567698,0.701961,All
0.532925,0.705882,0.447393,0.703922,0.554893,0.703922,0.561324,0.703922,0.660537,0.703922,0.56824,0.703922,All
0.533037,0.707843,0.447866,0.705882,0.555882,0.705882,0.56488,0.705882,0.661937,0.705882,0.571797,0.705882,All
0.5347,0.709804,0.448002,0.707843,0.557759,0.707843,0.568616,0.707843,0.662991,0.707843,0.574106,0.707843,All
0.538201,0.711765,0.448213,0.709804,0.564316,0.709804,0.575386,0.709804,0.677504,0.709804,0.589532,0.709804,All
0.542157,0.713725,0.450313,0.711765,0.566309,0.711765,0.57553,0.711765,0.679405,0.711765,0.608347,0.711765,All
0.546829,0.715686,0.461316,0.713725,0.577726,0.713725,0.581436,0.713725,0.691273,0.713725,0.613117,0.713725,All
0.54691,0.717647,0.465118,0.715686,0.581801,0.715686,0.584814,0.715686,0.694032,0.715686,0.622513,0.715686,All
0.553519,0.719608,0.467887,0.717647,0.593532,0.717647,0.586112,0.717647,0.695597,0.717647,0.625998,0.717647,All
0.558933,0.721569,0.46805,0.719608,0.598022,0.719608,0.593636,0.719608,0.702967,0.719608,0.637173,0.719608,All
0.562809,0.723529,0.471466,0.721569,0.600823,0.721569,0.604047,0.721569,0.705412,0.721569,0.637535,0.721569,All
0.566343,0.72549,0.474039,0.723529,0.601229,0.723529,0.605054,0.723529,0.705632,0.723529,0.643014,0.723529,All
0.56828,0.727451,0.474181,0.72549,0.601663,0.72549,0.607786,0.72549,0.70955,0.72549,0.646988,0.72549,All
0.570842,0.729412,0.477538,0.727451,0.60205,0.727451,0.61817,0.727451,0.710256,0.727451,0.651084,0.727451,All
0.571724,0.731373,0.482474,0.729412,0.612532,0.729412,0.622192,0.729412,0.710523,0.729412,0.653822,0.729412,All
0.58095,0.733333,0.483456,0.731373,0.627743,0.731373,0.643405,0.731373,0.715942,0.731373,0.670226,0.731373,All
0.587649,0.735294,0.484581,0.733333,0.630232,0.733333,0.648488,0.733333,0.725202,0.733333,0.672473,0.733333,All
0.607702,0.737255,0.488708,0.735294,0.637268,0.735294,0.660162,0.735294,0.726179,0.735294,0.677806,0.735294,All
0.610388,0.739216,0.489293,0.737255,0.637844,0.737255,0.66884,0.737255,0.727815,0.737255,0.681716,0.737255,All
0.612427,0.741176,0.496723,0.739216,0.642465,0.739216,0.681605,0.739216,0.731181,0.739216,0.683225,0.739216,All
0.630082,0.743137,0.502612,0.741176,0.642526,0.741176,0.682624,0.741176,0.736431,0.741176,0.686552,0.741176,All
0.630198,0.745098,0.530876,0.743137,0.642868,0.743137,0.682794,0.743137,0.73716,0.743137,0.706878,0.743137,All
0.652358,0.747059,0.539164,0.745098,0.646999,0.745098,0.688885,0.745098,0.73936,0.745098,0.707404,0.745098,All
0.66334,0.74902,0.539365,0.747059,0.658975,0.747059,0.695639,0.747059,0.746906,0.747059,0.712713,0.747059,All
0.663526,0.75098,0.539458,0.74902,0.663396,0.74902,0.697008,0.74902,0.748436,0.74902,0.713787,0.74902,All
0.67653,0.752941,0.54211,0.75098,0.665162,0.75098,0.69809,0.75098,0.754635,0.75098,0.721018,0.75098,All
0.681365,0.754902,0.543714,0.752941,0.67004,0.752941,0.707157,0.752941,0.754725,0.752941,0.733896,0.752941,All
0.68195,0.756863,0.552777,0.754902,0.674227,0.754902,0.708978,0.754902,0.757876,0.754902,0.748485,0.754902,All
0.683841,0.758824,0.559674,0.756863,0.682282,0.756863,0.709697,0.756863,0.782608,0.756863,0.75662,0.756863,All
0.701324,0.760784,0.5723,0.758824,0.682798,0.758824,0.709918,0.758824,0.787636,0.758824,0.757096,0.758824,All
0.703919,0.762745,0.574381,0.760784,0.6845,0.760784,0.71154,0.760784,0.789189,0.760784,0.76645,0.760784,All
0.713861,0.764706,0.589585,0.762745,0.694102,0.762745,0.712012,0.762745,0.789816,0.762745,0.768091,0.762745,All
0.721124,0.766667,0.591726,0.764706,0.695795,0.764706,0.713952,0.764706,0.795858,0.764706,0.76928,0.764706,All
0.721516,0.768627,0.591838,0.766667,0.705286,0.766667,0.715189,0.766667,0.801093,0.766667,0.772637,0.766667,All
0.723122,0.770588,0.592224,0.768627,0.717868,0.768627,0.731862,0.768627,0.807309,0.768627,0.773443,0.768627,All
0.729194,0.772549,0.598313,0.770588,0.719434,0.770588,0.754359,0.770588,0.812237,0.770588,0.773582,0.770588,All
0.732706,0.77451,0.598412,0.772549,0.744937,0.772549,0.754675,0.772549,0.813003,0.772549,0.787542,0.772549,All
0.734958,0.776471,0.598733,0.77451,0.751503,0.77451,0.756406,0.77451,0.814387,0.77451,0.788534,0.77451,All
0.735595,0.778431,0.604643,0.776471,0.777842,0.776471,0.763024,0.776471,0.815921,0.776471,0.794201,0.776471,All
0.744289,0.780392,0.618635,0.778431,0.79011,0.778431,0.764579,0.778431,0.818241,0.778431,0.797058,0.778431,All
0.754658,0.782353,0.624821,0.780392,0.799161,0.780392,0.780308,0.780392,0.833983,0.780392,0.798129,0.780392,All
0.756805,0.784314,0.630631,0.782353,0.802315,0.782353,0.784556,0.782353,0.844813,0.782353,0.799636,0.782353,All
0.768864,0.786275,0.632557,0.784314,0.806811,0.784314,0.785289,0.784314,0.845537,0.784314,0.808079,0.784314,All
0.777684,0.788235,0.638137,0.786275,0.815379,0.786275,0.78694,0.786275,0.861548,0.786275,0.811869,0.786275,All
0.782667,0.790196,0.638304,0.788235,0.81538,0.788235,0.80172,0.788235,0.877246,0.788235,0.812685,0.788235,All
0.78273,0.792157,0.655404,0.790196,0.819011,0.790196,0.804954,0.790196,0.879594,0.790196,0.8595,0.790196,All
0.794079,0.794118,0.662026,0.792157,0.827355,0.792157,0.821261,0.792157,0.881655,0.792157,0.88331,0.792157,All
0.807882,0.796078,0.667688,0.794118,0.827994,0.794118,0.833056,0.794118,0.888497,0.794118,0.887098,0.794118,All
0.807882,0.798039,0.668732,0.796078,0.83716,0.796078,0.834198,0.796078,0.906097,0.796078,0.888798,0.796078,All
0.808886,0.8,0.669684,0.798039,0.852033,0.798039,0.858054,0.798039,0.922535,0.798039,0.889032,0.798039,All
0.822659,0.801961,0.670717,0.8,0.864528,0.8,0.864329,0.8,0.925917,0.8,0.900469,0.8,All
0.829048,0.803922,0.673339,0.801961,0.880215,0.801961,0.869344,0.801961,0.926077,0.801961,0.901067,0.801961,All
0.842605,0.805882,0.679155,0.803922,0.882053,0.803922,0.870239,0.803922,0.93438,0.803922,0.903374,0.803922,All
0.858294,0.807843,0.6807,0.805882,0.89282,0.805882,0.876116,0.805882,0.93451,0.805882,0.909977,0.805882,All
0.860223,0.809804,0.682038,0.807843,0.911366,0.807843,0.879983,0.807843,0.941954,0.807843,0.914171,0.807843,All
0.866219,0.811765,0.682279,0.809804,0.916261,0.809804,0.889163,0.809804,0.945364,0.809804,0.915531,0.809804,All
0.868169,0.813725,0.705603,0.811765,0.919245,0.811765,0.902155,0.811765,0.949714,0.811765,0.915586,0.811765,All
0.871646,0.815686,0.732525,0.813725,0.927486,0.813725,0.911479,0.813725,0.950254,0.813725,0.92083,0.813725,All
0.886298,0.817647,0.733337,0.815686,0.934229,0.815686,0.915334,0.815686,0.953773,0.815686,0.923046,0.815686,All
0.890629,0.819608,0.740077,0.817647,0.943313,0.817647,0.926333,0.817647,0.954345,0.817647,0.923939,0.817647,All
0.893528,0.821569,0.747294,0.819608,0.965825,0.819608,0.932852,0.819608,0.955312,0.819608,0.94382,0.819608,All
0.908835,0.823529,0.753885,0.821569,0.995481,0.821569,0.93501,0.821569,0.959499,0.821569,0.948693,0.821569,All
0.914717,0.82549,0.756647,0.823529,1.00679,0.823529,0.936305,0.823529,0.963445,0.823529,0.951131,0.823529,All
0.922891,0.827451,0.763935,0.82549,1.04282,0.82549,0.945212,0.82549,0.980496,0.82549,0.9512,0.82549,All
0.925557,0.829412,0.769321,0.827451,1.04376,0.827451,0.954317,0.827451,1.01166,0.827451,0.960604,0.827451,All
0.931633,0.831373,0.773438,0.829412,1.0441,0.829412,0.963488,0.829412,1.0119,0.829412,0.969162,0.829412,All
0.931652,0.833333,0.78695,0.831373,1.04813,0.831373,0.973388,0.831373,1.03189,0.831373,0.969905,0.831373,All
0.941092,0.835294,0.796921,0.833333,1.04816,0.833333,0.9744,0.833333,1.03999,0.833333,0.971914,0.833333,All
0.952074,0.837255,0.798799,0.835294,1.06338,0.835294,0.980376,0.835294,1.04945,0.835294,0.977171,0.835294,All
0.977924,0.839216,0.799776,0.837255,1.06364,0.837255,1.01932,0.837255,1.05728,0.837255,0.990741,0.837255,All
0.990103,0.841176,0.807556,0.839216,1.07186,0.839216,1.02314,0.839216,1.06113,0.839216,0.9919,0.839216,All
1.01012,0.843137,0.809392,0.841176,1.0788,0.841176,1.04135,0.841176,1.07407,0.841176,1.00643,0.841176,All
1.0284,0.845098,0.81026,0.843137,1.08304,0.843137,1.04157,0.843137,1.07805,0.843137,1.01431,0.843137,All
1.04146,0.847059,0.824617,0.845098,1.09064,0.845098,1.06247,0.845098,1.08631,0.845098,1.02208,0.845098,All
1.05146,0.84902,0.828365,0.847059,1.09879,0.847059,1.06514,0.847059,1.09065,0.847059,1.02378,0.847059,All
1.05883,0.85098,0.849619,0.84902,1.10683,0.84902,1.07902,0.84902,1.0931,0.84902,1.0248,0.84902,All
1.06129,0.852941,0.850281,0.85098,1.10708,0.85098,1.08382,0.85098,1.098,0.85098,1.04398,0.85098,All
1.06527,0.854902,0.8519,0.852941,1.11994,0.852941,1.12608,0.852941,1.12251,0.852941,1.05427,0.852941,All
1.06835,0.856863,0.865258,0.854902,1.1417,0.854902,1.13063,0.854902,1.12524,0.854902,1.06697,0.854902,All
1.07145,0.858824,0.86864,0.856863,1.15019,0.856863,1.13674,0.856863,1.129,0.856863,1.08641,0.856863,All
1.0792,0.860784,0.885362,0.858824,1.15238,0.858824,1.13903,0.858824,1.13796,0.858824,1.097,0.858824,All
1.0967,0.862745,0.889503,0.860784,1.15763,0.860784,1.15333,0.860784,1.15219,0.860784,1.09914,0.860784,All
1.09827,0.864706,0.893645,0.862745,1.16163,0.862745,1.1538,0.862745,1.15619,0.862745,1.1018,0.862745,All
1.10327,0.866667,0.904211,0.864706,1.17009,0.864706,1.15409,0.864706,1.15709,0.864706,1.10995,0.864706,All
1.10959,0.868627,0.907496,0.866667,1.17215,0.866667,1.16029,0.866667,1.16569,0.866667,1.1175,0.866667,All
1.12765,0.870588,0.940168,0.868627,1.17215,0.868627,1.16971,0.868627,1.19605,0.868627,1.12316,0.868627,All
1.16692,0.872549,0.979643,0.870588,1.17576,0.870588,1.17463,0.870588,1.20911,0.870588,1.12933,0.870588,All
1.17277,0.87451,0.983339,0.872549,1.23645,0.872549,1.17549,0.872549,1.21251,0.872549,1.13389,0.872549,All
1.17851,0.876471,0.987149,0.87451,1.25236,0.87451,1.17604,0.87451,1.2128,0.87451,1.14489,0.87451,All
1.18423,0.878431,0.987327,0.876471,1.25943,0.876471,1.19328,0.876471,1.21739,0.876471,1.14493,0.876471,All
1.20168,0.880392,0.988417,0.878431,1.26054,0.878431,1.19479,0.878431,1.24013,0.878431,1.14498,0.878431,All
1.20393,0.882353,0.99123,0.880392,1.26134,0.880392,1.19686,0.880392,1.24574,0.880392,1.1507,0.880392,All
1.21558,0.884314,0.999586,0.882353,1.26845,0.882353,1.19916,0.882353,1.28673,0.882353,1.15597,0.882353,All
1.2394,0.886275,1.00653,0.884314,1.28062,0.884314,1.20141,0.884314,1.28678,0.884314,1.1562,0.884314,All
1.24443,0.888235,1.01915,0.886275,1.29328,0.886275,1.20379,0.886275,1.28691,0.886275,1.16462,0.886275,All
1.25779,0.890196,1.03758,0.888235,1.29368,0.888235,1.21217,0.888235,1.29943,0.888235,1.17449,0.888235,All
1.2673,0.892157,1.04214,0.890196,1.30101,0.890196,1.21764,0.890196,1.30637,0.890196,1.18098,0.890196,All
1.26881,0.894118,1.07306,0.892157,1.30538,0.892157,1.23192,0.892157,1.30991,0.892157,1.19339,0.892157,All
1.27431,0.896078,1.08048,0.894118,1.30785,0.894118,1.24186,0.894118,1.3265,0.894118,1.1969,0.894118,All
1.30193,0.898039,1.08444,0.896078,1.33681,0.896078,1.24724,0.896078,1.3272,0.896078,1.20666,0.896078,All
1.31501,0.9,1.10056,0.898039,1.3435,0.898039,1.25096,0.898039,1.35552,0.898039,1.20702,0.898039,All
1.3166,0.901961,1.10309,0.9,1.34658,0.9,1.25697,0.9,1.36755,0.9,1.2099,0.9,All
1.41629,0.903922,1.11178,0.901961,1.364,0.901961,1.27413,0.901961,1.38969,0.901961,1.21022,0.901961,All
1.4251,0.905882,1.1192,0.903922,1.36596,0.903922,1.31036,0.903922,1.39665,0.903922,1.22317,0.903922,All
1.43766,0.907843,1.14564,0.905882,1.38641,0.905882,1.32035,0.905882,1.4265,0.905882,1.22486,0.905882,All
1.4601,0.909804,1.14936,0.907843,1.39276,0.907843,1.32822,0.907843,1.43451,0.907843,1.23211,0.907843,All
1.46542,0.911765,1.15319,0.909804,1.40273,0.909804,1.33005,0.909804,1.43969,0.909804,1.23289,0.909804,All
1.47654,0.913725,1.16835,0.911765,1.42312,0.911765,1.34898,0.911765,1.45564,0.911765,1.23729,0.911765,All
1.50998,0.915686,1.17608,0.913725,1.45871,0.913725,1.35463,0.913725,1.45798,0.913725,1.24493,0.913725,All
1.52362,0.917647,1.20543,0.915686,1.46024,0.915686,1.3577,0.915686,1.45892,0.915686,1.26693,0.915686,All
1.528,0.919608,1.20681,0.917647,1.4727,0.917647,1.3591,0.917647,1.45996,0.917647,1.27601,0.917647,All
1.52991,0.921569,1.21445,0.919608,1.51387,0.919608,1.36089,0.919608,1.46625,0.919608,1.30826,0.919608,All
1.54153,0.923529,1.22477,0.921569,1.5588,0.921569,1.36519,0.921569,1.46638,0.921569,1.32112,0.921569,All
1.54708,0.92549,1.24476,0.923529,1.5687,0.923529,1.3957,0.923529,1.49126,0.923529,1.35112,0.923529,All
1.55695,0.927451,1.26223,0.92549,1.59894,0.92549,1.40038,0.92549,1.50097,0.92549,1.36286,0.92549,All
1.56772,0.929412,1.26512,0.927451,1.62141,0.927451,1.41242,0.927451,1.55478,0.927451,1.36357,0.927451,All
1.5731,0.931373,1.27964,0.929412,1.6224,0.929412,1.42827,0.929412,1.56157,0.929412,1.37067,0.929412,All
1.57939,0.933333,1.28274,0.931373,1.66287,0.931373,1.45307,0.931373,1.57211,0.931373,1.39254,0.931373,All
1.59039,0.935294,1.2902,0.933333,1.67008,0.933333,1.46087,0.933333,1.58726,0.933333,1.41483,0.933333,All
1.59061,0.937255,1.32131,0.935294,1.70581,0.935294,1.50553,0.935294,1.62516,0.935294,1.41683,0.935294,All
1.61384,0.939216,1.34711,0.937255,1.71048,0.937255,1.5184,0.937255,1.63399,0.937255,1.4374,0.937255,All
1.61497,0.941176,1.34774,0.939216,1.72478,0.939216,1.53252,0.939216,1.64107,0.939216,1.43807,0.939216,All
1.63704,0.943137,1.36527,0.941176,1.74804,0.941176,1.53509,0.941176,1.65991,0.941176,1.43938,0.941176,All
1.63792,0.945098,1.38768,0.943137,1.7639,0.943137,1.56966,0.943137,1.67083,0.943137,1.45818,0.943137,All
1.6385,0.947059,1.39839,0.945098,1.78471,0.945098,1.59814,0.945098,1.67215,0.945098,1.47705,0.945098,All
1.66441,0.94902,1.41902,0.947059,1.79355,0.947059,1.65352,0.947059,1.69783,0.947059,1.48113,0.947059,All
1.68237,0.95098,1.47384,0.94902,1.82099,0.94902,1.66757,0.94902,1.70657,0.94902,1.49601,0.94902,All
1.68922,0.952941,1.47587,0.95098,1.82173,0.95098,1.68132,0.95098,1.72938,0.95098,1.52622,0.95098,All
1.70784,0.954902,1.48995,0.952941,1.82213,0.952941,1.68911,0.952941,1.73458,0.952941,1.5605,0.952941,All
1.7107,0.956863,1.50055,0.954902,1.83554,0.954902,1.70664,0.954902,1.76812,0.954902,1.585,0.954902,All
1.72339,0.958824,1.54781,0.956863,1.85434,0.956863,1.72445,0.956863,1.77048,0.956863,1.59258,0.956863,All
1.72596,0.960784,1.55218,0.958824,1.88256,0.958824,1.73383,0.958824,1.78792,0.958824,1.63124,0.958824,All
1.72832,0.962745,1.58995,0.960784,1.92178,0.960784,1.74631,0.960784,1.82228,0.960784,1.64273,0.960784,All
1.72924,0.964706,1.60687,0.962745,1.94779,0.962745,1.76202,0.962745,1.86394,0.962745,1.67035,0.962745,All
1.73679,0.966667,1.6141,0.964706,1.96146,0.964706,1.78011,0.964706,1.88192,0.964706,1.7025,0.964706,All
1.73727,0.968627,1.62797,0.966667,1.97632,0.966667,1.8001,0.966667,1.90272,0.966667,1.70638,0.966667,All
1.73914,0.970588,1.62977,0.968627,2.04915,0.968627,1.80664,0.968627,1.99576,0.968627,1.70712,0.968627,All
1.74837,0.972549,1.6577,0.970588,2.07975,0.970588,1.8381,0.970588,2.00163,0.970588,1.80618,0.970588,All
1.74904,0.97451,1.66685,0.972549,2.10711,0.972549,1.84172,0.972549,2.01418,0.972549,1.87602,0.972549,All
1.76319,0.976471,1.71939,0.97451,2.1317,0.97451,1.85246,0.97451,2.05994,0.97451,1.88798,0.97451,All
1.76421,0.978431,1.78165,0.976471,2.16771,0.976471,1.97649,0.976471,2.0712,0.976471,1.90874,0.976471,All
1.76421,0.980392,1.80945,0.978431,2.263,0.978431,1.9901,0.978431,2.22299,0.978431,1.93438,0.978431,All
1.76976,0.982353,1.87013,0.980392,2.29483,0.980392,2.10427,0.980392,2.25034,0.980392,2.01774,0.980392,All
1.78847,0.984314,1.8894,0.982353,2.36774,0.982353,2.24958,0.982353,2.28132,0.982353,2.02465,0.982353,All
1.80105,0.986275,1.94347,0.984314,2.36905,0.984314,2.35829,0.984314,2.30442,0.984314,2.09654,0.984314,All
1.80431,0.988235,1.97648,0.986275,2.39277,0.986275,2.46054,0.986275,2.41674,0.986275,2.10966,0.986275,All
1.85159,0.990196,2.12225,0.988235,2.43713,0.988235,2.46658,0.988235,2.46172,0.988235,2.14925,0.988235,All
1.87906,0.992157,2.21539,0.990196,2.48261,0.990196,2.49136,0.990196,2.56749,0.990196,2.1554,0.990196,All
1.88649,0.994118,2.32612,0.992157,2.6857,0.992157,2.6097,0.992157,2.56972,0.992157,2.18072,0.992157,All
1.88699,0.996078,2.3327,0.994118,2.83639,0.994118,2.90235,0.994118,2.57149,0.994118,2.24885,0.994118,All
1.91018,0.998039,2.403,0.996078,2.84623,0.996078,2.98801,0.996078,2.81023,0.996078,2.55094,0.996078,All
2.06521,1,2.42769,0.998039,3.06433,0.998039,2.98816,0.998039,2.89638,0.998039,2.58794,0.998039,All
4,1,2.95456,1,3.38634,1,3.10125,1,3.12337,1,2.62048,1,All
4,1,4,1,4,1,4,1,4,1,4,1,All
