rep,id,initT,aS,dS,tau,lBt0,lp,dI,lk,f,dp,lw,dE,lI50,lod,data
1,35,-3.92911714280127,70,0.0497529508138355,0.05,-4.65408345838201,4.6,0.9,-1.82463117118557,0.9,0.001,0.68587578499106,1,-1.01387805484669,15,thai
2,35,-3.93321822185415,70,0.0471179637219852,0.05,-4.71157789843616,4.6,0.9,-1.82463117118557,0.9,0.001,-0.454876668286768,1,0.148422748059286,15,thai
3,35,-3.87551564746194,70,0.0488772656908077,0.05,-4.67303107902476,4.6,0.9,-1.82463117118557,0.9,0.001,-0.316490859383124,1,0.0981757273969808,15,thai
4,35,-3.95608857390078,70,0.0475124515683403,0.05,-4.7015238326383,4.6,0.9,-1.82463117118557,0.9,0.001,-0.241922358167195,1,-0.0272920088197252,15,thai
5,35,-3.91237674277184,70,0.0467399744087218,0.05,-4.73273038812597,4.6,0.9,-1.82463117118557,0.9,0.001,-0.15563580033139,1,-0.0688908167594888,15,thai
6,35,-3.79771461866002,70,0.0484693747004922,0.05,-4.68383206266937,4.6,0.9,-1.82463117118557,0.9,0.001,-0.0916388537207954,1,-0.158944530548732,15,thai
7,35,-3.76816444408508,70,0.0470959521420735,0.05,-4.71377393066819,4.6,0.9,-1.82463117118557,0.9,0.001,0.403175745237767,1,-0.666917258482844,15,thai
8,35,-3.75196113397664,70,0.0473729601445096,0.05,-4.70647444061907,4.6,0.9,-1.82463117118557,0.9,0.001,0.165576285924152,1,-0.386843558925494,15,thai
9,35,-3.83991807532675,70,0.0481317046778252,0.05,-4.69692308888655,4.6,0.9,-1.82463117118557,0.9,0.001,0.0835281777921465,1,-0.400226861584824,15,thai
10,35,-3.79282197123743,70,0.0481882125160122,0.05,-4.70392550424671,4.6,0.9,-1.82463117118557,0.9,0.001,-0.0112052192116787,1,-0.278961372868705,15,thai
1,36,-3.89466845283293,70,0.0370347231824168,0.05,-4.98673551963351,4.6,0.9,-1.82463117118557,0.9,0.001,0.610896633153032,1,-0.410578984354851,15,thai
2,36,-3.78384494212724,70,0.035946876937764,0.05,-5.00806223884736,4.6,0.9,-1.82463117118557,0.9,0.001,0.582895252682932,1,-0.302713038887661,15,thai
3,36,-3.9068152507748,70,0.036807028527754,0.05,-4.99487216660669,4.6,0.9,-1.82463117118557,0.9,0.001,0.403877260720192,1,-0.00215389548513161,15,thai
4,36,-3.7515669291066,70,0.0371619668713258,0.05,-4.97414453957126,4.6,0.9,-1.82463117118557,0.9,0.001,0.416535103925944,1,0.13064045447528,15,thai
5,36,-3.82116596341002,70,0.0382846083444769,0.05,-4.95213769723943,4.6,0.9,-1.82463117118557,0.9,0.001,0.349594998193751,1,-0.0416858669110137,15,thai
6,36,-3.93458372858536,70,0.0363965752108493,0.05,-4.99824399499891,4.6,0.9,-1.82463117118557,0.9,0.001,0.276359043485146,1,0.212867371666699,15,thai
7,36,-3.72748078463474,70,0.0358306608959327,0.05,-5.0138635556094,4.6,0.9,-1.82463117118557,0.9,0.001,0.245588100177446,1,0.137661324196142,15,thai
8,36,-3.71411427596269,70,0.0362369250217984,0.05,-5.00096798467647,4.6,0.9,-1.82463117118557,0.9,0.001,0.279818317033656,1,0.0335872063752608,15,thai
9,36,-3.90239970857745,70,0.036203795316883,0.05,-5.0115962509851,4.6,0.9,-1.82463117118557,0.9,0.001,0.413875100726827,1,-0.232364683310628,15,thai
10,36,-3.82759518590924,70,0.0351014158442713,0.05,-5.033958215346,4.6,0.9,-1.82463117118557,0.9,0.001,0.689593091106834,1,-0.287737952797902,15,thai
1,37,-3.74369788487165,70,0.0421665015849333,0.05,-4.82663965510404,4.6,0.9,-1.82463117118557,0.9,0.001,-0.259401904639051,1,-0.453177526463726,15,thai
2,37,-3.83807544469781,70,0.0428202370150746,0.05,-4.81697635333494,4.6,0.9,-1.82463117118557,0.9,0.001,0.0187853219974731,1,-0.62499391891864,15,thai
3,37,-3.90820672495638,70,0.0437494779066265,0.05,-4.80275163414111,4.6,0.9,-1.82463117118557,0.9,0.001,-0.315224365118916,1,-0.726342917029532,15,thai
4,37,-3.75927636138481,70,0.0422374108465941,0.05,-4.83084704250801,4.6,0.9,-1.82463117118557,0.9,0.001,0.108049673411286,1,-0.45733485161186,15,thai
5,37,-3.97133043311683,70,0.0428866762017702,0.05,-4.82320773583358,4.6,0.9,-1.82463117118557,0.9,0.001,0.220854963427131,1,-1.14137266157681,15,thai
6,37,-3.98732079631231,70,0.0441450620090671,0.05,-4.7945071704722,4.6,0.9,-1.82463117118557,0.9,0.001,-0.44988064826978,1,0.0369987988533018,15,thai
7,37,-3.64555760291144,70,0.0414606228592781,0.05,-4.85255114304023,4.6,0.9,-1.82463117118557,0.9,0.001,0.051004601816051,1,-0.482996541845297,15,thai
8,37,-3.93458705533373,70,0.0443652330882259,0.05,-4.77618727122555,4.6,0.9,-1.82463117118557,0.9,0.001,0.595759338174434,1,-1.04809412269453,15,thai
9,37,-3.67453908228087,70,0.0442379955375481,0.05,-4.78571160930385,4.6,0.9,-1.82463117118557,0.9,0.001,0.56471985525547,1,-1.04862888451848,15,thai
10,37,-3.96801757116031,70,0.0432567602688524,0.05,-4.80592413958019,4.6,0.9,-1.82463117118557,0.9,0.001,0.473752849052835,1,-1.42148036332894,15,thai
1,38,-3.69873189090716,70,0.0417069519010557,0.05,-4.84819453425215,4.6,0.9,-1.82463117118557,0.9,0.001,0.0755888164853195,1,0.0577792152357606,15,thai
2,38,-4.05810776668958,70,0.0442467425591697,0.05,-4.77665218389493,4.6,0.9,-1.82463117118557,0.9,0.001,0.744143874901358,1,-0.898346110981255,15,thai
3,38,-3.72981376128169,70,0.045303916312171,0.05,-4.76003508661592,4.6,0.9,-1.82463117118557,0.9,0.001,0.631463645075648,1,-0.698091673370085,15,thai
4,38,-3.86626954570183,70,0.0440455181818757,0.05,-4.78638036047604,4.6,0.9,-1.82463117118557,0.9,0.001,0.306671693316487,1,-0.241259297153565,15,thai
5,38,-3.93183265816653,70,0.0418611027412888,0.05,-4.84437072559452,4.6,0.9,-1.82463117118557,0.9,0.001,0.16577978683733,1,-0.00535289915694515,15,thai
6,38,-4.03418670990601,70,0.043023391288956,0.05,-4.82237908470597,4.6,0.9,-1.82463117118557,0.9,0.001,0.271144720075271,1,-0.153455881473193,15,thai
7,38,-3.84725919435728,70,0.0422761807885485,0.05,-4.84417338303636,4.6,0.9,-1.82463117118557,0.9,0.001,-0.094965456891458,1,0.0887879287605977,15,thai
8,38,-3.69606086194938,70,0.0429984669137666,0.05,-4.81677899306362,4.6,0.9,-1.82463117118557,0.9,0.001,0.187596156337822,1,-0.0587286810311616,15,thai
9,38,-3.76901940183834,70,0.0427840925138967,0.05,-4.81620266452707,4.6,0.9,-1.82463117118557,0.9,0.001,-0.125992826353665,1,0.114601586191161,15,thai
10,38,-3.7367277468067,70,0.0432910678292214,0.05,-4.80434681672646,4.6,0.9,-1.82463117118557,0.9,0.001,0.403832891501134,1,-0.305646435322775,15,thai
1,39,-3.77869475584673,70,0.0347512888471126,0.05,-5.0389228703028,4.6,0.9,-1.82463117118557,0.9,0.001,0.100760091470644,1,-0.02059906657759,15,thai
2,39,-3.8522260619349,70,0.0349259822482203,0.05,-5.04042977126148,4.6,0.9,-1.82463117118557,0.9,0.001,0.186696276424454,1,-0.113267324552335,15,thai
3,39,-3.87047029203568,70,0.0355403420120863,0.05,-5.02412633021798,4.6,0.9,-1.82463117118557,0.9,0.001,0.172549904199568,1,-0.116388678679242,15,thai
4,39,-3.76881621720023,70,0.0348526155151497,0.05,-5.04966276310626,4.6,0.9,-1.82463117118557,0.9,0.001,0.139260634896024,1,-0.137805274597764,15,thai
5,39,-3.88163828854919,70,0.034074722700011,0.05,-5.06482970601442,4.6,0.9,-1.82463117118557,0.9,0.001,0.0943803286401377,1,-0.03101264624425,15,thai
6,39,-3.83267471262121,70,0.0344615380335663,0.05,-5.05414478100516,4.6,0.9,-1.82463117118557,0.9,0.001,-0.120257403150023,1,0.230330108338921,15,thai
7,39,-3.90145399531219,70,0.0343123626941636,0.05,-5.06382217474609,4.6,0.9,-1.82463117118557,0.9,0.001,-0.424961103066867,1,0.898516975115725,15,thai
8,39,-3.69632661090247,70,0.0354082240342848,0.05,-5.02824755692579,4.6,0.9,-1.82463117118557,0.9,0.001,0.451506668687696,1,-0.463643171653352,15,thai
9,39,-3.65411556889319,70,0.0374241062762127,0.05,-4.9670783254699,4.6,0.9,-1.82463117118557,0.9,0.001,0.0788970231568981,1,0.0906979915242479,15,thai
10,39,-3.89598320415116,70,0.0359551143045055,0.05,-5.00440431402314,4.6,0.9,-1.82463117118557,0.9,0.001,-0.0979180158303807,1,0.249685615830868,15,thai
1,40,-3.8351061328503,70,0.0424874775711424,0.05,-4.83177648135025,4.6,0.9,-1.82463117118557,0.9,0.001,-0.0706420892651731,1,-0.210860287030258,15,thai
2,40,-3.818965450185,70,0.0423076955352954,0.05,-4.83265265646739,4.6,0.9,-1.82463117118557,0.9,0.001,0.262838458905478,1,-0.677894051469579,15,thai
3,40,-4.02973832706212,70,0.0422893512149527,0.05,-4.836829442267,4.6,0.9,-1.82463117118557,0.9,0.001,0.326187059143992,1,-0.6725165374361,15,thai
4,40,-3.93788850712036,70,0.0453991113035161,0.05,-4.75613098854077,4.6,0.9,-1.82463117118557,0.9,0.001,0.322569650019572,1,-0.689778801804092,15,thai
5,40,-3.7507113575696,70,0.0449144129054796,0.05,-4.7758731733207,4.6,0.9,-1.82463117118557,0.9,0.001,0.29577314876434,1,-0.610863950848225,15,thai
6,40,-3.93506951743267,70,0.0455217121908778,0.05,-4.75967793122844,4.6,0.9,-1.82463117118557,0.9,0.001,0.0168895037825633,1,-0.386334897840775,15,thai
7,40,-3.91035210023531,70,0.045090642979473,0.05,-4.76418309362801,4.6,0.9,-1.82463117118557,0.9,0.001,0.169466822311115,1,-0.49360182005277,15,thai
8,40,-3.91941782571315,70,0.0451107688165609,0.05,-4.76183285685233,4.6,0.9,-1.82463117118557,0.9,0.001,0.30551567177425,1,-1.15268990425079,15,thai
9,40,-3.84287544486762,70,0.0464787442574456,0.05,-4.73525034935456,4.6,0.9,-1.82463117118557,0.9,0.001,0.812017291178414,1,-1.19350170597295,15,thai
10,40,-3.7998084145706,70,0.0441439050417357,0.05,-4.78672371173102,4.6,0.9,-1.82463117118557,0.9,0.001,0.678311649539343,1,-1.18019962175182,15,thai
1,41,-3.92194190884624,70,0.0411072518091096,0.05,-4.86783667523077,4.6,0.9,-1.82463117118557,0.9,0.001,0.104275655527463,1,-0.0315483364109821,15,thai
2,41,-4.00088034888927,70,0.0410981766440701,0.05,-4.86502426770145,4.6,0.9,-1.82463117118557,0.9,0.001,0.0129492429080191,1,0.0660918423835102,15,thai
3,41,-3.6503973746038,70,0.0409895012894458,0.05,-4.8683374429404,4.6,0.9,-1.82463117118557,0.9,0.001,0.30954523875293,1,-0.12262106430131,15,thai
4,41,-3.91381852320682,70,0.0408785563537769,0.05,-4.87373193694848,4.6,0.9,-1.82463117118557,0.9,0.001,0.203423620925701,1,-0.211286769197753,15,thai
5,41,-3.81397239205466,70,0.0399554942014572,0.05,-4.88121796748678,4.6,0.9,-1.82463117118557,0.9,0.001,0.217091713530954,1,-0.253748518709705,15,thai
6,41,-3.96011647116633,70,0.0417396830920343,0.05,-4.84138026493593,4.6,0.9,-1.82463117118557,0.9,0.001,0.32748218595714,1,-0.24026038968551,15,thai
7,41,-3.93840285682292,70,0.0437287701807315,0.05,-4.79928872028199,4.6,0.9,-1.82463117118557,0.9,0.001,0.285685108137283,1,-0.313798262939067,15,thai
8,41,-3.87564624109574,70,0.0406359427221446,0.05,-4.86750531494286,4.6,0.9,-1.82463117118557,0.9,0.001,0.0455066948173806,1,0.0262739078990637,15,thai
9,41,-3.94873546240031,70,0.0400670466399109,0.05,-4.88950369264918,4.6,0.9,-1.82463117118557,0.9,0.001,0.120302375010476,1,-0.0348471682812698,15,thai
10,41,-3.80489694107512,70,0.0408800265125615,0.05,-4.86824371655532,4.6,0.9,-1.82463117118557,0.9,0.001,0.244758853821489,1,-0.23692774623996,15,thai
1,42,-3.84108843548919,70,0.040994335050676,0.05,-4.86358446766475,4.6,0.9,-1.82463117118557,0.9,0.001,0.222215652018438,1,-0.405359812542541,15,thai
2,42,-3.87565052440858,70,0.0413551806021589,0.05,-4.85667167303143,4.6,0.9,-1.82463117118557,0.9,0.001,0.15509522556343,1,-0.140135356518181,15,thai
3,42,-3.91177240992845,70,0.0419562259076494,0.05,-4.84355709120709,4.6,0.9,-1.82463117118557,0.9,0.001,0.264265235797498,1,-0.572254673051186,15,thai
4,42,-3.86040814532833,70,0.0415910461861088,0.05,-4.8599698263067,4.6,0.9,-1.82463117118557,0.9,0.001,0.334458211586164,1,-0.637054423746105,15,thai
5,42,-3.66574651565063,70,0.0416964549592821,0.05,-4.84642553596462,4.6,0.9,-1.82463117118557,0.9,0.001,0.547131348384525,1,-0.816056040403847,15,thai
6,42,-3.74363599771182,70,0.0431574222491372,0.05,-4.80312066487101,4.6,0.9,-1.82463117118557,0.9,0.001,0.34620658665666,1,-0.559032792286903,15,thai
7,42,-3.87716064546057,70,0.0408499134329725,0.05,-4.86518854274409,4.6,0.9,-1.82463117118557,0.9,0.001,-0.287417220132025,1,0.240139634632162,15,thai
8,42,-3.79376225915124,70,0.0412224446104356,0.05,-4.86361201743315,4.6,0.9,-1.82463117118557,0.9,0.001,-0.135808142803191,1,0.19700662226558,15,thai
9,42,-3.86915863116347,70,0.0390499621552979,0.05,-4.91749332040597,4.6,0.9,-1.82463117118557,0.9,0.001,-0.0673380103613458,1,-0.019492242543375,15,thai
10,42,-3.88281613533477,70,0.0423535181735705,0.05,-4.83044673192336,4.6,0.9,-1.82463117118557,0.9,0.001,0.0700329012322735,1,-0.190363239387518,15,thai
1,43,-3.818828373681,70,0.0398486426773465,0.05,-4.90350101599923,4.6,0.9,-1.82463117118557,0.9,0.001,0.42849720067941,1,-0.827189121807243,15,thai
2,43,-3.91489135130817,70,0.0388174229933448,0.05,-4.91323663044126,4.6,0.9,-1.82463117118557,0.9,0.001,0.028408362768983,1,-0.647066804971072,15,thai
3,43,-3.90187417716572,70,0.0395293640671798,0.05,-4.90180728944364,4.6,0.9,-1.82463117118557,0.9,0.001,-0.293455998171023,1,-0.692628194392405,15,thai
4,43,-3.86688617544666,70,0.0400825493051225,0.05,-4.88742946905067,4.6,0.9,-1.82463117118557,0.9,0.001,0.269991677289138,1,-1.0137566282865,15,thai
5,43,-3.8342645575649,70,0.0398450594213618,0.05,-4.89607618549225,4.6,0.9,-1.82463117118557,0.9,0.001,0.0438892945827786,1,-0.582296869892314,15,thai
6,43,-3.87293938906774,70,0.0391441690823153,0.05,-4.91888968291579,4.6,0.9,-1.82463117118557,0.9,0.001,0.180853825081041,1,-0.940232778831073,15,thai
7,43,-3.87904507525199,70,0.0394718030740866,0.05,-4.91276150340804,4.6,0.9,-1.82463117118557,0.9,0.001,0.0628260052122241,1,-0.430919323690844,15,thai
8,43,-3.7867877986878,70,0.0389420451462038,0.05,-4.91514972784081,4.6,0.9,-1.82463117118557,0.9,0.001,-0.512962775045935,1,0.192087816425497,15,thai
9,43,-4.00020178726473,70,0.0394016491267285,0.05,-4.91453512612286,4.6,0.9,-1.82463117118557,0.9,0.001,-0.588139245591741,1,0.291823602243281,15,thai
10,43,-3.82804756641926,70,0.0391524867479563,0.05,-4.92317779968772,4.6,0.9,-1.82463117118557,0.9,0.001,-0.317666578362826,1,-0.329092837315145,15,thai
1,44,-3.69772541650851,70,0.046902619834556,0.05,-4.72178102639027,4.6,0.9,-1.82463117118557,0.9,0.001,0.0366532890298685,1,0.229727437437965,15,thai
2,44,-3.8519660452885,70,0.0458721447311154,0.05,-4.74878516138976,4.6,0.9,-1.82463117118557,0.9,0.001,-0.14236932120475,1,0.512946624209633,15,thai
3,44,-3.92081748324549,70,0.0461583996693911,0.05,-4.73905780980814,4.6,0.9,-1.82463117118557,0.9,0.001,-0.18398385101838,1,0.682077839352425,15,thai
4,44,-3.85680806222192,70,0.046054250930501,0.05,-4.73833118889212,4.6,0.9,-1.82463117118557,0.9,0.001,-0.106692894235287,1,0.258537979485002,15,thai
5,44,-3.91149120074846,70,0.0455357584925647,0.05,-4.76689242537839,4.6,0.9,-1.82463117118557,0.9,0.001,-0.171419294176744,1,0.320511567094572,15,thai
6,44,-3.97704179283195,70,0.0457621748420304,0.05,-4.7505640621881,4.6,0.9,-1.82463117118557,0.9,0.001,-0.0786467492723299,1,0.385984338341478,15,thai
7,44,-3.83636035771879,70,0.0458878217554534,0.05,-4.7398854409354,4.6,0.9,-1.82463117118557,0.9,0.001,0.0818701976632278,1,0.234309614785904,15,thai
8,44,-3.73392828776162,70,0.045760718116676,0.05,-4.74647583574557,4.6,0.9,-1.82463117118557,0.9,0.001,-0.0548924604046828,1,0.382327854993449,15,thai
9,44,-3.79076177869135,70,0.0453443185063128,0.05,-4.76007608948791,4.6,0.9,-1.82463117118557,0.9,0.001,-0.145780143172441,1,0.397965379656555,15,thai
10,44,-3.64983827798769,70,0.0455015156624974,0.05,-4.75436697150731,4.6,0.9,-1.82463117118557,0.9,0.001,0.0266827807182928,1,0.218869589518587,15,thai
1,45,-3.96226345841485,70,0.0364548490300549,0.05,-4.9983907050146,4.6,0.9,-1.82463117118557,0.9,0.001,0.219695436665523,1,-0.0307720198440407,15,thai
2,45,-3.86281764194,70,0.0375841864526291,0.05,-4.95965552457623,4.6,0.9,-1.82463117118557,0.9,0.001,0.26199212463865,1,-0.170198126287127,15,thai
3,45,-3.91825121677032,70,0.0376021522860891,0.05,-4.96363987421397,4.6,0.9,-1.82463117118557,0.9,0.001,0.505079076049098,1,-0.40555841755328,15,thai
4,45,-4.01057895835949,70,0.0375850056728688,0.05,-4.96227837502242,4.6,0.9,-1.82463117118557,0.9,0.001,0.497262489119548,1,-0.390399305064662,15,thai
5,45,-3.82522747887218,70,0.0373556526255046,0.05,-4.96797932940556,4.6,0.9,-1.82463117118557,0.9,0.001,0.549244006552497,1,-0.4968516433089,15,thai
6,45,-3.80897051598439,70,0.0366806534569451,0.05,-4.99080132264881,4.6,0.9,-1.82463117118557,0.9,0.001,0.45393635019019,1,-0.380297996053269,15,thai
7,45,-3.76594521932743,70,0.0372880835269801,0.05,-4.97454158649812,4.6,0.9,-1.82463117118557,0.9,0.001,0.306471168215905,1,-0.204751696198547,15,thai
8,45,-3.91344581940165,70,0.0373059141079673,0.05,-4.97056497510026,4.6,0.9,-1.82463117118557,0.9,0.001,0.228339892256507,1,-0.154058525441657,15,thai
9,45,-4.02784994504827,70,0.0372040293423064,0.05,-4.97559996251444,4.6,0.9,-1.82463117118557,0.9,0.001,0.00505480069077324,1,0.448644250293317,15,thai
10,45,-4.01788403336565,70,0.0352820539287061,0.05,-5.02962959736139,4.6,0.9,-1.82463117118557,0.9,0.001,0.268872600606662,1,-0.107992903212386,15,thai
1,46,-3.99328478211658,70,0.0452136335471056,0.05,-4.76701946558421,4.6,0.9,-1.82463117118557,0.9,0.001,-0.332138248111169,1,0.441961771137355,15,thai
2,46,-3.8488562205021,70,0.044136222582079,0.05,-4.78656476528735,4.6,0.9,-1.82463117118557,0.9,0.001,-0.176430025837446,1,0.258962753566513,15,thai
3,46,-4.00067263804985,70,0.0450674962368449,0.05,-4.76335285963839,4.6,0.9,-1.82463117118557,0.9,0.001,0.0471847013116892,1,-0.0146134230962095,15,thai
4,46,-3.88181355701744,70,0.0431821729236531,0.05,-4.80050801105693,4.6,0.9,-1.82463117118557,0.9,0.001,0.469331842033125,1,-0.763507687194682,15,thai
5,46,-3.77260637925284,70,0.0435794033598151,0.05,-4.79538342058482,4.6,0.9,-1.82463117118557,0.9,0.001,0.631127571772144,1,-0.895691326964936,15,thai
6,46,-3.85411203718622,70,0.0484429442573921,0.05,-4.69460380027343,4.6,0.9,-1.82463117118557,0.9,0.001,0.0215305594945252,1,-0.175183970248056,15,thai
7,46,-3.8388244570947,70,0.046125053258464,0.05,-4.73108350947544,4.6,0.9,-1.82463117118557,0.9,0.001,0.166669877265697,1,-0.335984113803847,15,thai
8,46,-3.89472911721276,70,0.0460034325127457,0.05,-4.73894109197753,4.6,0.9,-1.82463117118557,0.9,0.001,-0.0597306287992149,1,0.0534689966659288,15,thai
9,46,-3.76247292236183,70,0.0460885620169383,0.05,-4.74890235158593,4.6,0.9,-1.82463117118557,0.9,0.001,-0.420960316074552,1,0.538690252761915,15,thai
10,46,-3.93448208113994,70,0.0456210239183226,0.05,-4.74679516689823,4.6,0.9,-1.82463117118557,0.9,0.001,0.00727216957250168,1,-0.114265656826406,15,thai
1,47,-3.66448679344022,70,0.0387174669194143,0.05,-4.93315161408648,4.6,0.9,-1.82463117118557,0.9,0.001,-0.182019636745414,1,0.431443883347185,15,thai
2,47,-3.63261730377995,70,0.0389893421590257,0.05,-4.93040983327036,4.6,0.9,-1.82463117118557,0.9,0.001,0.0543767102120808,1,0.246580474772089,15,thai
3,47,-3.79210637494085,70,0.0395208927223361,0.05,-4.90816301480237,4.6,0.9,-1.82463117118557,0.9,0.001,-0.173193443040166,1,0.326760915428733,15,thai
4,47,-3.95612498473205,70,0.0387356716199905,0.05,-4.92438468275531,4.6,0.9,-1.82463117118557,0.9,0.001,-0.0689914644522832,1,0.200698705661405,15,thai
5,47,-4.03638343058943,70,0.0387893257790664,0.05,-4.92423143804451,4.6,0.9,-1.82463117118557,0.9,0.001,-0.10633338369159,1,0.278250064471724,15,thai
6,47,-3.77705903606378,70,0.0394451167003469,0.05,-4.91369374277186,4.6,0.9,-1.82463117118557,0.9,0.001,-0.107227036038456,1,0.283849272777153,15,thai
7,47,-3.80914851992795,70,0.0398948538858348,0.05,-4.89290914973584,4.6,0.9,-1.82463117118557,0.9,0.001,-0.0277557168709181,1,0.194896140225993,15,thai
8,47,-3.77600098589074,70,0.0404147099429536,0.05,-4.88754615707628,4.6,0.9,-1.82463117118557,0.9,0.001,0.122678449993888,1,-0.106115286485589,15,thai
9,47,-3.7657310196505,70,0.038500072164972,0.05,-4.93611462534775,4.6,0.9,-1.82463117118557,0.9,0.001,-0.0746824724016628,1,0.243876011071026,15,thai
10,47,-3.71780666805924,70,0.0378400287480833,0.05,-4.95307638489976,4.6,0.9,-1.82463117118557,0.9,0.001,-0.0135905391464265,1,0.209759598638431,15,thai
1,48,-3.66479333889855,70,0.0398451754349306,0.05,-4.90175860238305,4.6,0.9,-1.82463117118557,0.9,0.001,-0.352296098630734,1,0.270820674203686,15,thai
2,48,-3.6137124843787,70,0.0383656027265956,0.05,-4.93237755644644,4.6,0.9,-1.82463117118557,0.9,0.001,-0.100868198127945,1,0.115732643507427,15,thai
3,48,-3.73520144228034,70,0.0396248143445023,0.05,-4.91278412313236,4.6,0.9,-1.82463117118557,0.9,0.001,-0.283033258624425,1,0.0971087200682669,15,thai
4,48,-4.02754334712905,70,0.039363505090204,0.05,-4.91991185953701,4.6,0.9,-1.82463117118557,0.9,0.001,-0.0669588103373714,1,-0.0605192247527975,15,thai
5,48,-3.75722506325422,70,0.0397603024295326,0.05,-4.90353446469199,4.6,0.9,-1.82463117118557,0.9,0.001,-0.0485692391786861,1,-0.0106050682967276,15,thai
6,48,-3.80600600588242,70,0.0395276083020098,0.05,-4.90836439304498,4.6,0.9,-1.82463117118557,0.9,0.001,-0.0111942109798906,1,-0.222047276776008,15,thai
7,48,-3.87759975240422,70,0.0369001351988415,0.05,-4.97801514864153,4.6,0.9,-1.82463117118557,0.9,0.001,0.0141556016868628,1,-0.0524044431958282,15,thai
8,48,-3.90562747181606,70,0.0371615471916918,0.05,-4.97304816642143,4.6,0.9,-1.82463117118557,0.9,0.001,-0.13132249094858,1,0.134020209925177,15,thai
9,48,-3.93684837388193,70,0.036805512574496,0.05,-4.98095851787013,4.6,0.9,-1.82463117118557,0.9,0.001,0.0198399795695574,1,-0.146047280072256,15,thai
10,48,-3.72330346184517,70,0.0385581877463773,0.05,-4.92615803120662,4.6,0.9,-1.82463117118557,0.9,0.001,0.323026785892438,1,-0.345466419062543,15,thai
1,49,-3.78038728257538,70,0.0343503220993324,0.05,-5.06493433312279,4.6,0.9,-1.82463117118557,0.9,0.001,1.35470664808548,1,-1.37063715555391,15,thai
2,49,-3.70036181686876,70,0.0340190224319784,0.05,-5.0757426666251,4.6,0.9,-1.82463117118557,0.9,0.001,1.26905732962513,1,-1.25926718104454,15,thai
3,49,-3.83477096703811,70,0.0340927600791825,0.05,-5.05977341166939,4.6,0.9,-1.82463117118557,0.9,0.001,1.23756901087447,1,-1.21539917055988,15,thai
4,49,-3.6692769565214,70,0.0347628306982938,0.05,-5.04587715142652,4.6,0.9,-1.82463117118557,0.9,0.001,1.20242994103209,1,-1.18195026288932,15,thai
5,49,-3.73837138681114,70,0.0337842369129623,0.05,-5.07546403967127,4.6,0.9,-1.82463117118557,0.9,0.001,1.09505638031743,1,-1.05848985112147,15,thai
6,49,-3.74631994565581,70,0.0330552981697096,0.05,-5.1028921490229,4.6,0.9,-1.82463117118557,0.9,0.001,1.07273373414859,1,-1.01565852231509,15,thai
7,49,-3.83693016286151,70,0.0330504880205713,0.05,-5.10462264957391,4.6,0.9,-1.82463117118557,0.9,0.001,1.11674844368278,1,-1.14281370618801,15,thai
8,49,-4.04007964585231,70,0.0333075307979744,0.05,-5.09394023421516,4.6,0.9,-1.82463117118557,0.9,0.001,1.09781938572442,1,-1.00346274186921,15,thai
9,49,-3.87061187269763,70,0.0330331147108209,0.05,-5.09540850795559,4.6,0.9,-1.82463117118557,0.9,0.001,1.04693982724678,1,-0.994706431898559,15,thai
10,49,-3.98734907573274,70,0.0327999241212181,0.05,-5.10410094501492,4.6,0.9,-1.82463117118557,0.9,0.001,1.03796577422049,1,-0.965501669612559,15,thai
1,50,-3.7717107616816,70,0.0385335105417989,0.05,-4.94446874753927,4.6,0.9,-1.82463117118557,0.9,0.001,0.180555382307411,1,-0.47540931890192,15,thai
2,50,-3.72577618092336,70,0.0383655110771528,0.05,-4.93616996541037,4.6,0.9,-1.82463117118557,0.9,0.001,0.126646501527394,1,-0.490550573705349,15,thai
3,50,-4.02331016962565,70,0.0391818804176242,0.05,-4.9207394755245,4.6,0.9,-1.82463117118557,0.9,0.001,0.100067240313899,1,-0.386935603824875,15,thai
4,50,-3.80105522788755,70,0.0390549188482653,0.05,-4.91903576806993,4.6,0.9,-1.82463117118557,0.9,0.001,0.147078444546592,1,-0.457957492337217,15,thai
5,50,-3.68012637230721,70,0.0397124077730269,0.05,-4.90131097617087,4.6,0.9,-1.82463117118557,0.9,0.001,-0.0300275891903317,1,-0.259420363019158,15,thai
6,50,-3.83414197169758,70,0.0391173120687924,0.05,-4.91387444208884,4.6,0.9,-1.82463117118557,0.9,0.001,0.130550941555196,1,-0.485821238948061,15,thai
7,50,-3.756230768787,70,0.0391641660565122,0.05,-4.91113629237538,4.6,0.9,-1.82463117118557,0.9,0.001,-0.283347583862636,1,0.08378555079758,15,thai
8,50,-3.84841340497603,70,0.0390603585552368,0.05,-4.91358146366857,4.6,0.9,-1.82463117118557,0.9,0.001,-0.283266903988615,1,0.0879319698219543,15,thai
9,50,-3.91943263222431,70,0.0392314356580599,0.05,-4.90898277687122,4.6,0.9,-1.82463117118557,0.9,0.001,-0.532074342043945,1,0.359964809794299,15,thai
10,50,-3.8718880327299,70,0.039152197333281,0.05,-4.91873023894863,4.6,0.9,-1.82463117118557,0.9,0.001,-0.387703642889084,1,0.174427311302824,15,thai
1,51,-3.89176362301657,70,0.0401614111740122,0.05,-4.89355080503936,4.6,0.9,-1.82463117118557,0.9,0.001,-0.034429323502211,1,0.123514808814368,15,thai
2,51,-3.81910406948118,70,0.0395941817204944,0.05,-4.89983675097091,4.6,0.9,-1.82463117118557,0.9,0.001,0.268068528869676,1,-0.182413546294401,15,thai
3,51,-3.84220736841039,70,0.0388257209802598,0.05,-4.92239828384994,4.6,0.9,-1.82463117118557,0.9,0.001,0.242496683282669,1,-0.160339642161109,15,thai
4,51,-3.74199916677666,70,0.0400920775590803,0.05,-4.88935795569344,4.6,0.9,-1.82463117118557,0.9,0.001,0.443564442280674,1,-0.550721034691396,15,thai
5,51,-3.85184275020228,70,0.0401452303818295,0.05,-4.88233692454615,4.6,0.9,-1.82463117118557,0.9,0.001,0.398738153306519,1,-0.492143284154242,15,thai
6,51,-3.78887360430859,70,0.0392715468026601,0.05,-4.91670964147955,4.6,0.9,-1.82463117118557,0.9,0.001,0.330338431173427,1,-0.267549917758589,15,thai
7,51,-3.95301645009294,70,0.0386365375642373,0.05,-4.93840942601699,4.6,0.9,-1.82463117118557,0.9,0.001,0.393246474191314,1,-0.374529410332483,15,thai
8,51,-3.69020480799912,70,0.0384833948131082,0.05,-4.9306759294347,4.6,0.9,-1.82463117118557,0.9,0.001,0.379571079934514,1,-0.336832390324871,15,thai
9,51,-3.92983212929039,70,0.0398268492786331,0.05,-4.90618049198994,4.6,0.9,-1.82463117118557,0.9,0.001,0.471803282514713,1,-0.537893188617967,15,thai
10,51,-3.67819093340159,70,0.0400605552195629,0.05,-4.88438551378992,4.6,0.9,-1.82463117118557,0.9,0.001,0.365968280962814,1,-0.427293300367222,15,thai
1,1,-3.97245317297016,70,0.04292317059004,0.05,-4.82387343156299,4.6,0.9,-1.82463117118557,0.9,0.001,0.102779863865657,1,-0.269006431619419,15,africa
2,1,-3.91982809396158,70,0.0424145456438892,0.05,-4.8322662464197,4.6,0.9,-1.82463117118557,0.9,0.001,0.298914720735509,1,-0.447675969779546,15,africa
3,1,-3.877914120827,70,0.04293408088154,0.05,-4.81845125739048,4.6,0.9,-1.82463117118557,0.9,0.001,0.339949716879212,1,-0.510809224936698,15,africa
4,1,-3.69552156366526,70,0.0424742203827953,0.05,-4.82406815295144,4.6,0.9,-1.82463117118557,0.9,0.001,0.480843440581385,1,-0.700684698007148,15,africa
5,1,-3.80215082542799,70,0.0422308842190239,0.05,-4.82859079070999,4.6,0.9,-1.82463117118557,0.9,0.001,0.5279270238954,1,-0.716839409723873,15,africa
6,1,-3.77739639283935,70,0.039146477457058,0.05,-4.91069694196808,4.6,0.9,-1.82463117118557,0.9,0.001,-0.253256553549788,1,0.516203852068692,15,africa
7,1,-3.73651630770719,70,0.0389473931813488,0.05,-4.92753164165469,4.6,0.9,-1.82463117118557,0.9,0.001,-0.28202214889462,1,0.622283452055081,15,africa
8,1,-3.7919589213702,70,0.0431292458113701,0.05,-4.81267691230875,4.6,0.9,-1.82463117118557,0.9,0.001,0.136844128767078,1,-0.249983331689251,15,africa
9,1,-3.75561470219315,70,0.0422216478563657,0.05,-4.84391210351707,4.6,0.9,-1.82463117118557,0.9,0.001,0.0563131950489598,1,0.0697128875621285,15,africa
10,1,-3.85107998721478,70,0.0423823432222879,0.05,-4.82250728208853,4.6,0.9,-1.82463117118557,0.9,0.001,-0.139055778229153,1,0.259347503162469,15,africa
1,2,-3.96937084264442,70,0.0408027095549305,0.05,-4.87078119415247,4.6,0.9,-1.82463117118557,0.9,0.001,-0.177783159440727,1,0.126403761545237,15,africa
2,2,-3.67221243409026,70,0.0406259938869832,0.05,-4.87726724263255,4.6,0.9,-1.82463117118557,0.9,0.001,-0.115598346552876,1,0.190377319784031,15,africa
3,2,-3.75344230955559,70,0.0396904603194351,0.05,-4.89324482183386,4.6,0.9,-1.82463117118557,0.9,0.001,-0.146974545939543,1,0.182015927220501,15,africa
4,2,-3.82746802199933,70,0.0391318098125757,0.05,-4.91792994192792,4.6,0.9,-1.82463117118557,0.9,0.001,-0.0579361202153668,1,0.159886365104875,15,africa
5,2,-3.66231321963853,70,0.0393004492748128,0.05,-4.91197541708657,4.6,0.9,-1.82463117118557,0.9,0.001,0.149131534294777,1,-0.109663458740496,15,africa
6,2,-3.86739503493983,70,0.0395961339253867,0.05,-4.89324521671005,4.6,0.9,-1.82463117118557,0.9,0.001,-0.0960979036564921,1,0.0860265411904276,15,africa
7,2,-3.89704453790248,70,0.0411076915901196,0.05,-4.86716729154915,4.6,0.9,-1.82463117118557,0.9,0.001,0.612476649680569,1,-0.913332308815148,15,africa
8,2,-3.7967074447982,70,0.0404727864775071,0.05,-4.87752304547525,4.6,0.9,-1.82463117118557,0.9,0.001,0.336795349347982,1,-0.52175144734588,15,africa
9,2,-3.89858233950214,70,0.0404447318804418,0.05,-4.88202098223374,4.6,0.9,-1.82463117118557,0.9,0.001,0.121938618589019,1,-0.0638842913214229,15,africa
10,2,-3.83837112849174,70,0.0406279867556965,0.05,-4.8722334644952,4.6,0.9,-1.82463117118557,0.9,0.001,-0.0018565743368844,1,0.0528163740259169,15,africa
1,3,-3.85294049039078,70,0.0417280424899693,0.05,-4.84752290759667,4.6,0.9,-1.82463117118557,0.9,0.001,0.218922161452701,1,-0.478671278476931,15,africa
2,3,-3.88869851089275,70,0.0413572491154468,0.05,-4.85922952305699,4.6,0.9,-1.82463117118557,0.9,0.001,0.442885731407103,1,-0.599912487917454,15,africa
3,3,-3.85146138473738,70,0.0405891434172174,0.05,-4.87792624065772,4.6,0.9,-1.82463117118557,0.9,0.001,-0.158329048499259,1,0.296276770368559,15,africa
4,3,-3.89522868426221,70,0.0415984184330522,0.05,-4.85517937761614,4.6,0.9,-1.82463117118557,0.9,0.001,-0.354251961674815,1,0.237172666232101,15,africa
5,3,-3.97033211532788,70,0.0414647132828505,0.05,-4.85262488107177,4.6,0.9,-1.82463117118557,0.9,0.001,-0.588519253642128,1,0.668221106646224,15,africa
6,3,-3.9825453568407,70,0.0421425510844288,0.05,-4.84225202459109,4.6,0.9,-1.82463117118557,0.9,0.001,-0.401578726585474,1,0.266944656280743,15,africa
7,3,-3.76266835714687,70,0.0413463326093967,0.05,-4.85246195837906,4.6,0.9,-1.82463117118557,0.9,0.001,-0.180782813651285,1,-0.00377763299938585,15,africa
8,3,-3.73060044148502,70,0.0413508709334571,0.05,-4.85862799875301,4.6,0.9,-1.82463117118557,0.9,0.001,0.176703407909833,1,-0.454884917909819,15,africa
9,3,-3.83752500518024,70,0.0423268826862698,0.05,-4.82980765603302,4.6,0.9,-1.82463117118557,0.9,0.001,0.104973481119001,1,-0.246665736186672,15,africa
10,3,-3.67720824290401,70,0.0427556476652325,0.05,-4.82931233289896,4.6,0.9,-1.82463117118557,0.9,0.001,-0.3714698544843,1,0.209659126756611,15,africa
1,4,-3.7456111930038,70,0.0389849747322912,0.05,-4.91750891593323,4.6,0.9,-1.82463117118557,0.9,0.001,0.38286750129483,1,-0.175036282253531,15,africa
2,4,-3.89633468654674,70,0.0404099381143016,0.05,-4.88568988266583,4.6,0.9,-1.82463117118557,0.9,0.001,0.321665279788534,1,-0.000112903194713521,15,africa
3,4,-3.77323216228101,70,0.040211174726091,0.05,-4.89273121281134,4.6,0.9,-1.82463117118557,0.9,0.001,0.440421996048108,1,-0.180703411619053,15,africa
4,4,-3.87626782341848,70,0.039793222007313,0.05,-4.89563179920754,4.6,0.9,-1.82463117118557,0.9,0.001,0.431534013496713,1,-0.196232332025249,15,africa
5,4,-3.7689383601016,70,0.0393550574319871,0.05,-4.91235399029342,4.6,0.9,-1.82463117118557,0.9,0.001,0.490900560500868,1,-0.308573886665496,15,africa
6,4,-3.67612179125853,70,0.0401270135056202,0.05,-4.89456963726703,4.6,0.9,-1.82463117118557,0.9,0.001,0.402105834580241,1,-0.126297694260372,15,africa
7,4,-3.79547016847162,70,0.03966783270781,0.05,-4.89848295063274,4.6,0.9,-1.82463117118557,0.9,0.001,0.507585306251294,1,-0.260726202107559,15,africa
8,4,-3.87700265514648,70,0.039804708229407,0.05,-4.89522862757725,4.6,0.9,-1.82463117118557,0.9,0.001,0.36436695206822,1,-0.00899118865263582,15,africa
9,4,-3.95950524292914,70,0.0395433308852852,0.05,-4.90879065916799,4.6,0.9,-1.82463117118557,0.9,0.001,0.477974829202475,1,-0.211449537244832,15,africa
10,4,-3.95396553711868,70,0.0419218893546235,0.05,-4.84050155773989,4.6,0.9,-1.82463117118557,0.9,0.001,0.720941845303604,1,-0.526461599234693,15,africa
1,5,-3.84167243705684,70,0.0445857274582614,0.05,-4.77699653434299,4.6,0.9,-1.82463117118557,0.9,0.001,0.398034542579538,1,-0.471425781905984,15,africa
2,5,-3.85474191972352,70,0.0468088984341739,0.05,-4.72012556119096,4.6,0.9,-1.82463117118557,0.9,0.001,0.160041813244374,1,-0.116982627110445,15,africa
3,5,-3.83632794595061,70,0.0461075509780687,0.05,-4.75173093599768,4.6,0.9,-1.82463117118557,0.9,0.001,0.0516868218400629,1,-0.154803709922416,15,africa
4,5,-3.76694772424784,70,0.0468021673105568,0.05,-4.72050125378745,4.6,0.9,-1.82463117118557,0.9,0.001,0.187330831294742,1,-0.298069055258917,15,africa
5,5,-3.72753498995812,70,0.0457923410461967,0.05,-4.75398920512243,4.6,0.9,-1.82463117118557,0.9,0.001,-0.104414314594088,1,0.112990169449314,15,africa
6,5,-3.87655420802712,70,0.0426169575091241,0.05,-4.81384533943437,4.6,0.9,-1.82463117118557,0.9,0.001,0.0797471982310814,1,-0.124969794617075,15,africa
7,5,-3.88304954533903,70,0.0421849854309491,0.05,-4.82968074800315,4.6,0.9,-1.82463117118557,0.9,0.001,-0.126226750960165,1,0.0984139068648041,15,africa
8,5,-3.88997272145748,70,0.0428809694019463,0.05,-4.82140702712098,4.6,0.9,-1.82463117118557,0.9,0.001,-0.142831796447349,1,0.0978597842956954,15,africa
9,5,-3.64516596555986,70,0.0433707966480241,0.05,-4.8165807152432,4.6,0.9,-1.82463117118557,0.9,0.001,-0.0951620961326364,1,0.171322944723964,15,africa
10,5,-3.74845770125973,70,0.04342116199664,0.05,-4.81076825346783,4.6,0.9,-1.82463117118557,0.9,0.001,-0.0157827164609719,1,0.0722498077217096,15,africa
1,6,-3.69846749670006,70,0.0448234242496542,0.05,-4.76654440652237,4.6,0.9,-1.82463117118557,0.9,0.001,-0.0866696372480105,1,0.980892814636243,15,africa
2,6,-3.74458803511112,70,0.0455491578238977,0.05,-4.74876452130221,4.6,0.9,-1.82463117118557,0.9,0.001,-0.175014167226415,1,0.810677129821719,15,africa
3,6,-3.74129291355517,70,0.0461002590955496,0.05,-4.738870528617,4.6,0.9,-1.82463117118557,0.9,0.001,-0.253143790529869,1,0.771669308332789,15,africa
4,6,-3.84074982816412,70,0.0450873581939059,0.05,-4.76277389321677,4.6,0.9,-1.82463117118557,0.9,0.001,-0.0968498734213513,1,0.830491514427317,15,africa
5,6,-3.69010497024712,70,0.0457996549392762,0.05,-4.74984846031689,4.6,0.9,-1.82463117118557,0.9,0.001,0.108867480970267,1,0.364492343144379,15,africa
6,6,-3.80366302540471,70,0.0460206037662152,0.05,-4.75366643629855,4.6,0.9,-1.82463117118557,0.9,0.001,0.131123898256072,1,0.604751207941529,15,africa
7,6,-3.81923375370312,70,0.047868492513955,0.05,-4.70065048530101,4.6,0.9,-1.82463117118557,0.9,0.001,-0.00455418395226845,1,0.612216861284002,15,africa
8,6,-3.69109193141031,70,0.0471058599443079,0.05,-4.72596644223881,4.6,0.9,-1.82463117118557,0.9,0.001,-0.0381557329701864,1,0.57632253585263,15,africa
9,6,-3.93681918307087,70,0.0458501825172621,0.05,-4.74592053312546,4.6,0.9,-1.82463117118557,0.9,0.001,0.01268100320894,1,0.38121257752862,15,africa
10,6,-3.95657112029429,70,0.0448443469998249,0.05,-4.75953748567823,4.6,0.9,-1.82463117118557,0.9,0.001,-0.245448185672938,1,1.3854854520557,15,africa
1,7,-3.83669328008142,70,0.0341704405541546,0.05,-5.06605519143802,4.6,0.9,-1.82463117118557,0.9,0.001,1.52932125688223,1,-0.146710600042797,15,africa
2,7,-3.62612320063673,70,0.0351475378655973,0.05,-5.03198345547501,4.6,0.9,-1.82463117118557,0.9,0.001,1.50401603157442,1,-0.340786259179814,15,africa
3,7,-3.93263236441488,70,0.0349623465768047,0.05,-5.04034890584491,4.6,0.9,-1.82463117118557,0.9,0.001,1.43048937070619,1,-0.366299190366848,15,africa
4,7,-3.81353790885448,70,0.0416568068305222,0.05,-4.84142034221775,4.6,0.9,-1.82463117118557,0.9,0.001,1.29578939941052,1,0.568989383344199,15,africa
5,7,-3.83340374070416,70,0.0419705309848905,0.05,-4.84480959297767,4.6,0.9,-1.82463117118557,0.9,0.001,1.19863529721338,1,0.384450165837326,15,africa
6,7,-3.87585486944652,70,0.0426752406150882,0.05,-4.82968128706107,4.6,0.9,-1.82463117118557,0.9,0.001,1.46240763135748,1,-0.242222531241632,15,africa
7,7,-3.86048332456767,70,0.0371401632652553,0.05,-4.97688677643541,4.6,0.9,-1.82463117118557,0.9,0.001,1.2296597938796,1,-0.692938721802725,15,africa
8,7,-3.86042071891572,70,0.0387306060828975,0.05,-4.92412067643881,4.6,0.9,-1.82463117118557,0.9,0.001,1.56903707437104,1,-0.573283503431958,15,africa
9,7,-3.8238222916045,70,0.0379311140846442,0.05,-4.95479438634202,4.6,0.9,-1.82463117118557,0.9,0.001,1.43298218904364,1,-0.912858509894892,15,africa
10,7,-3.67860101943318,70,0.0391166136790408,0.05,-4.92200986845781,4.6,0.9,-1.82463117118557,0.9,0.001,1.16696658910616,1,-0.309246578814414,15,africa
1,8,-3.75349376642902,70,0.0440888085947031,0.05,-4.79722858752428,4.6,0.9,-1.82463117118557,0.9,0.001,0.706278287545474,1,-0.882813349636547,15,africa
2,8,-3.85134937799838,70,0.0438880336164243,0.05,-4.79330916205032,4.6,0.9,-1.82463117118557,0.9,0.001,0.646099398573124,1,-0.790733938199892,15,africa
3,8,-3.82698764964099,70,0.0423009827359692,0.05,-4.83948386065108,4.6,0.9,-1.82463117118557,0.9,0.001,0.517192698991154,1,-0.673786245636378,15,africa
4,8,-3.82906844077716,70,0.0433558240271256,0.05,-4.80802528694843,4.6,0.9,-1.82463117118557,0.9,0.001,0.626596230641714,1,-0.821297790618305,15,africa
5,8,-3.95921074023589,70,0.0436294894563776,0.05,-4.79508138030633,4.6,0.9,-1.82463117118557,0.9,0.001,0.627593969097177,1,-0.773793187768936,15,africa
6,8,-4.02968850158417,70,0.0432042981911237,0.05,-4.80362295195083,4.6,0.9,-1.82463117118557,0.9,0.001,0.747246617337468,1,-0.858985755460077,15,africa
7,8,-3.90184007295655,70,0.0433663835743412,0.05,-4.81633337330028,4.6,0.9,-1.82463117118557,0.9,0.001,0.688418313633365,1,-0.861018771002066,15,africa
8,8,-3.87990324109316,70,0.0424989437921827,0.05,-4.82481294823123,4.6,0.9,-1.82463117118557,0.9,0.001,0.220839391357473,1,-0.350864076822894,15,africa
9,8,-3.85790390483674,70,0.0429833190406525,0.05,-4.8228759324454,4.6,0.9,-1.82463117118557,0.9,0.001,0.408891435412792,1,-0.379233951804902,15,africa
10,8,-3.92748906090644,70,0.0433278230676614,0.05,-4.81455336021881,4.6,0.9,-1.82463117118557,0.9,0.001,0.417816502954105,1,-0.562113590976005,15,africa
1,9,-3.65451178718778,70,0.0425916841656133,0.05,-4.83351287316125,4.6,0.9,-1.82463117118557,0.9,0.001,1.18666370306356,1,-0.861859361128642,15,africa
2,9,-3.86399168211058,70,0.0451948636571404,0.05,-4.76714163114237,4.6,0.9,-1.82463117118557,0.9,0.001,0.986321525174282,1,-0.71429028423313,15,africa
3,9,-3.88648058833,70,0.044563285208052,0.05,-4.77605736116275,4.6,0.9,-1.82463117118557,0.9,0.001,1.05005396592384,1,-0.805302992869445,15,africa
4,9,-3.85666839140652,70,0.0440254790216677,0.05,-4.78953042152822,4.6,0.9,-1.82463117118557,0.9,0.001,0.901995750331271,1,-0.654917405140307,15,africa
5,9,-3.79262803394085,70,0.04442310949731,0.05,-4.78115578425799,4.6,0.9,-1.82463117118557,0.9,0.001,1.06687528852678,1,-0.82791701104125,15,africa
6,9,-3.92672948273779,70,0.0434731668011983,0.05,-4.80424578731738,4.6,0.9,-1.82463117118557,0.9,0.001,1.06155139862198,1,-0.915550980213043,15,africa
7,9,-3.97697411480471,70,0.0441763250120397,0.05,-4.7871168708974,4.6,0.9,-1.82463117118557,0.9,0.001,0.958302528262572,1,-0.752594143046458,15,africa
8,9,-3.76842666904542,70,0.0432181900459733,0.05,-4.80857785670686,4.6,0.9,-1.82463117118557,0.9,0.001,0.811762361580469,1,-0.616716156857857,15,africa
9,9,-3.85766012858774,70,0.0433546679989736,0.05,-4.80518561595856,4.6,0.9,-1.82463117118557,0.9,0.001,0.879755801743732,1,-0.653114019319732,15,africa
10,9,-3.88417097325765,70,0.044535942500158,0.05,-4.78036464215453,4.6,0.9,-1.82463117118557,0.9,0.001,0.834722640575076,1,-0.599325224862051,15,africa
1,10,-3.87373752385404,70,0.046336951739406,0.05,-4.73359027266541,4.6,0.9,-1.82463117118557,0.9,0.001,0.499172200381551,1,-0.416998197089697,15,africa
2,10,-3.91549205166836,70,0.046037983975899,0.05,-4.74322386383246,4.6,0.9,-1.82463117118557,0.9,0.001,0.545331640453913,1,-0.536953951654726,15,africa
3,10,-4.02650642103522,70,0.0434589198301922,0.05,-4.80587710126968,4.6,0.9,-1.82463117118557,0.9,0.001,0.281705075440408,1,-0.301636238045736,15,africa
4,10,-3.57244396650217,70,0.0432777921217166,0.05,-4.81174018681745,4.6,0.9,-1.82463117118557,0.9,0.001,0.566256384996247,1,-0.502747953054735,15,africa
5,10,-3.9613632844724,70,0.0435806253266974,0.05,-4.80395440172051,4.6,0.9,-1.82463117118557,0.9,0.001,0.683037908207736,1,-0.477092068831978,15,africa
6,10,-3.81623142739284,70,0.0444749909832645,0.05,-4.7722439056926,4.6,0.9,-1.82463117118557,0.9,0.001,0.731316000196994,1,-0.806283745086202,15,africa
7,10,-3.93362339901729,70,0.0439709968702884,0.05,-4.79177203853041,4.6,0.9,-1.82463117118557,0.9,0.001,0.725144944217512,1,-0.659581953811747,15,africa
8,10,-3.965496334272,70,0.0433235875134282,0.05,-4.79881499154128,4.6,0.9,-1.82463117118557,0.9,0.001,0.815928787122349,1,-0.966749346595359,15,africa
9,10,-3.72906551055067,70,0.043319377851214,0.05,-4.80381846433959,4.6,0.9,-1.82463117118557,0.9,0.001,0.954183801419962,1,-1.03815425675994,15,africa
10,10,-3.79291387410944,70,0.0439306189271057,0.05,-4.79201242961847,4.6,0.9,-1.82463117118557,0.9,0.001,0.55796038879185,1,-0.618303870364326,15,africa
1,11,-3.91828744624406,70,0.03940948535365,0.05,-4.90964942771281,4.6,0.9,-1.82463117118557,0.9,0.001,0.216328310063339,1,-0.420666326988049,15,africa
2,11,-3.90978215258686,70,0.0393933423040915,0.05,-4.91254806725478,4.6,0.9,-1.82463117118557,0.9,0.001,0.433023122343191,1,-0.484867887406845,15,africa
3,11,-3.8829216054634,70,0.0385263350353371,0.05,-4.92574657809295,4.6,0.9,-1.82463117118557,0.9,0.001,-0.111232812803785,1,0.0433828210905488,15,africa
4,11,-3.65646420972594,70,0.0406277926528551,0.05,-4.86856060354675,4.6,0.9,-1.82463117118557,0.9,0.001,-0.037883219834596,1,-0.147852804304417,15,africa
5,11,-3.75144916889194,70,0.0397141664310595,0.05,-4.90355603643624,4.6,0.9,-1.82463117118557,0.9,0.001,-0.13880613835372,1,0.250207914589444,15,africa
6,11,-3.88353829302209,70,0.0392265568497109,0.05,-4.91642615391647,4.6,0.9,-1.82463117118557,0.9,0.001,0.169212210042103,1,-0.13025610363853,15,africa
7,11,-3.72967416852115,70,0.0390170701202024,0.05,-4.91693354601452,4.6,0.9,-1.82463117118557,0.9,0.001,0.149924356569896,1,-0.191052621351588,15,africa
8,11,-3.92197841976827,70,0.0389106718826654,0.05,-4.92226329094042,4.6,0.9,-1.82463117118557,0.9,0.001,0.0677895068581042,1,-0.145577682313532,15,africa
9,11,-3.75819628766755,70,0.0387827438488317,0.05,-4.92436617958292,4.6,0.9,-1.82463117118557,0.9,0.001,0.165160712083209,1,-0.245516675894938,15,africa
10,11,-3.67592344939989,70,0.0393296677864124,0.05,-4.90375176282569,4.6,0.9,-1.82463117118557,0.9,0.001,0.344020483748922,1,-0.390231606016706,15,africa
1,12,-3.90435344523599,70,0.0410661034164918,0.05,-4.87522507649763,4.6,0.9,-1.82463117118557,0.9,0.001,0.738787077281274,1,-0.557813569823272,15,africa
2,12,-3.90154038327414,70,0.0403810811437726,0.05,-4.87912388732882,4.6,0.9,-1.82463117118557,0.9,0.001,0.576315145637264,1,-0.321864257837991,15,africa
3,12,-3.86419783061198,70,0.0409205594233828,0.05,-4.86539799759499,4.6,0.9,-1.82463117118557,0.9,0.001,0.606004599633372,1,-0.350224174711563,15,africa
4,12,-3.74440314670273,70,0.0422976822804671,0.05,-4.83363278895846,4.6,0.9,-1.82463117118557,0.9,0.001,0.639463262526792,1,-0.494753184487285,15,africa
5,12,-3.90762848749153,70,0.0430945579276946,0.05,-4.81398976980773,4.6,0.9,-1.82463117118557,0.9,0.001,0.60125935726836,1,-0.413960279688165,15,africa
6,12,-3.79513783456687,70,0.0430002054561253,0.05,-4.82376724500086,4.6,0.9,-1.82463117118557,0.9,0.001,0.531208094805127,1,-0.331161619081234,15,africa
7,12,-3.60688097186749,70,0.042736370799955,0.05,-4.81515983324271,4.6,0.9,-1.82463117118557,0.9,0.001,0.605731654439829,1,-0.377576444494251,15,africa
8,12,-3.8210512869455,70,0.0430550593401884,0.05,-4.8113732300539,4.6,0.9,-1.82463117118557,0.9,0.001,0.955567522263025,1,-0.738563888197184,15,africa
9,12,-3.89777077707428,70,0.0425282244331286,0.05,-4.83115935103466,4.6,0.9,-1.82463117118557,0.9,0.001,0.781722206097749,1,-0.668502306103749,15,africa
10,12,-3.79653197219926,70,0.0418703171901701,0.05,-4.84385401140339,4.6,0.9,-1.82463117118557,0.9,0.001,0.887764332385465,1,-0.66494753965699,15,africa
1,13,-3.69017992315949,70,0.0388737217656125,0.05,-4.92772456974585,4.6,0.9,-1.82463117118557,0.9,0.001,0.318012389038188,1,0.493829405520712,15,africa
2,13,-3.73613087183718,70,0.0386667221576118,0.05,-4.92499460511309,4.6,0.9,-1.82463117118557,0.9,0.001,0.270110011268599,1,0.383038571098419,15,africa
3,13,-3.73008120263463,70,0.0414482547825519,0.05,-4.85711260019971,4.6,0.9,-1.82463117118557,0.9,0.001,0.432450889716229,1,0.272746256503042,15,africa
4,13,-3.98087496497951,70,0.0418646429951296,0.05,-4.84689948375611,4.6,0.9,-1.82463117118557,0.9,0.001,0.369865602233617,1,0.301418737155423,15,africa
5,13,-3.80802907383721,70,0.0400034249406906,0.05,-4.88881420866052,4.6,0.9,-1.82463117118557,0.9,0.001,0.547150057449164,1,0.457513309822943,15,africa
6,13,-3.81328144103398,70,0.0365745120930606,0.05,-4.99775270510784,4.6,0.9,-1.82463117118557,0.9,0.001,0.375547814087227,1,0.112039798639825,15,africa
7,13,-3.77922295001846,70,0.0355956033997418,0.05,-5.00425057563595,4.6,0.9,-1.82463117118557,0.9,0.001,0.56431654884275,1,0.0614189397582503,15,africa
8,13,-4.07216160032629,70,0.0376792508850101,0.05,-4.9591898825869,4.6,0.9,-1.82463117118557,0.9,0.001,0.315808240275784,1,0.531693484568191,15,africa
9,13,-3.68920029252702,70,0.0402115589407362,0.05,-4.88792796850855,4.6,0.9,-1.82463117118557,0.9,0.001,0.351641586385676,1,0.727321361608259,15,africa
10,13,-3.91687558293959,70,0.037079323855594,0.05,-4.98125129224755,4.6,0.9,-1.82463117118557,0.9,0.001,0.308102504997968,1,0.762580454626968,15,africa
1,14,-3.91479778307961,70,0.0401276450112391,0.05,-4.89524648795535,4.6,0.9,-1.82463117118557,0.9,0.001,0.355469845144209,1,-0.103312478681023,15,africa
2,14,-3.94353967341513,70,0.0381158795843525,0.05,-4.94496474112078,4.6,0.9,-1.82463117118557,0.9,0.001,0.58793143266873,1,-0.283518717723479,15,africa
3,14,-3.75808559239866,70,0.037766270879783,0.05,-4.95702320114264,4.6,0.9,-1.82463117118557,0.9,0.001,0.559473595463616,1,-0.161339534766061,15,africa
4,14,-3.76863165813611,70,0.0378917657265461,0.05,-4.9493215793994,4.6,0.9,-1.82463117118557,0.9,0.001,0.237510822236383,1,0.224306071000903,15,africa
5,14,-3.8631867023471,70,0.0370534247387192,0.05,-4.96536617801512,4.6,0.9,-1.82463117118557,0.9,0.001,0.475395019804685,1,-0.0239840141551299,15,africa
6,14,-3.85869110713942,70,0.038597092281703,0.05,-4.93255011627784,4.6,0.9,-1.82463117118557,0.9,0.001,0.235362983612706,1,0.10653654212217,15,africa
7,14,-3.88313183917846,70,0.0346991877419051,0.05,-5.04352165347965,4.6,0.9,-1.82463117118557,0.9,0.001,0.667743961196637,1,-0.425804505042723,15,africa
8,14,-3.77197855996168,70,0.0346285393844551,0.05,-5.04590928625621,4.6,0.9,-1.82463117118557,0.9,0.001,0.563274824665616,1,-0.163060511478824,15,africa
9,14,-3.72206125458832,70,0.0415936113653138,0.05,-4.85503973859051,4.6,0.9,-1.82463117118557,0.9,0.001,1.15533042268597,1,-0.95954184011028,15,africa
10,14,-3.79570034789182,70,0.0366852356589363,0.05,-4.98199224456687,4.6,0.9,-1.82463117118557,0.9,0.001,0.28084572440823,1,0.159942431969604,15,africa
1,15,-3.80578895560634,70,0.0409497027536357,0.05,-4.8713435693067,4.6,0.9,-1.82463117118557,0.9,0.001,0.0662922206636059,1,-0.322912427452604,15,africa
2,15,-3.85686585161362,70,0.0412322060028529,0.05,-4.86777011885483,4.6,0.9,-1.82463117118557,0.9,0.001,-0.173481667838538,1,0.0648343840134142,15,africa
3,15,-3.79768063591334,70,0.0424102717434821,0.05,-4.82735451462336,4.6,0.9,-1.82463117118557,0.9,0.001,-0.0378504921053985,1,-0.181289126062543,15,africa
4,15,-3.78256754192514,70,0.0410866654301313,0.05,-4.87213868481941,4.6,0.9,-1.82463117118557,0.9,0.001,0.390526727831031,1,-0.76774882701615,15,africa
5,15,-3.67406732589236,70,0.0412745489941207,0.05,-4.85967724296835,4.6,0.9,-1.82463117118557,0.9,0.001,0.264405028868422,1,-0.605288999495086,15,africa
6,15,-3.92275433286785,70,0.0408439185714481,0.05,-4.87175856438952,4.6,0.9,-1.82463117118557,0.9,0.001,0.328256574135423,1,-0.73299432196739,15,africa
7,15,-3.76117753885028,70,0.0410657586385738,0.05,-4.86833404055357,4.6,0.9,-1.82463117118557,0.9,0.001,-0.422544892783341,1,0.308402391702663,15,africa
8,15,-3.83883822036524,70,0.04036296019889,0.05,-4.87626310182408,4.6,0.9,-1.82463117118557,0.9,0.001,-0.216333466673854,1,0.184217497449146,15,africa
9,15,-3.73587720767716,70,0.040591133342126,0.05,-4.88223430956971,4.6,0.9,-1.82463117118557,0.9,0.001,-0.333737305217223,1,0.262020976028135,15,africa
10,15,-4.00717208861008,70,0.0407476012698527,0.05,-4.87622128421108,4.6,0.9,-1.82463117118557,0.9,0.001,-0.0392940570531141,1,-0.273392621189181,15,africa
1,16,-3.87955519809504,70,0.0375217755878883,0.05,-4.95242034609881,4.6,0.9,-1.82463117118557,0.9,0.001,-0.0712387958925021,1,-0.0377985528622315,15,africa
2,16,-4.0156875951731,70,0.0382443891848115,0.05,-4.93950869469467,4.6,0.9,-1.82463117118557,0.9,0.001,-0.0400035164942487,1,-0.0319347517318125,15,africa
3,16,-3.89491353020677,70,0.0391314753499292,0.05,-4.91747191794663,4.6,0.9,-1.82463117118557,0.9,0.001,-0.507546257694547,1,0.158700887368799,15,africa
4,16,-3.849525665588,70,0.038990306043504,0.05,-4.91885097931686,4.6,0.9,-1.82463117118557,0.9,0.001,-0.54126936764169,1,0.278237349093025,15,africa
5,16,-3.86696295526255,70,0.0398129595027238,0.05,-4.89830565326298,4.6,0.9,-1.82463117118557,0.9,0.001,-0.444910542662788,1,0.169706172075166,15,africa
6,16,-3.76477059611827,70,0.040036660508699,0.05,-4.89679005792696,4.6,0.9,-1.82463117118557,0.9,0.001,-0.556259086496517,1,0.701256424245877,15,africa
7,16,-3.86933542118688,70,0.0404391416310464,0.05,-4.88900656276388,4.6,0.9,-1.82463117118557,0.9,0.001,0.533079294330263,1,-0.866794000949628,15,africa
8,16,-3.75552409655601,70,0.0399502290225392,0.05,-4.89085840049924,4.6,0.9,-1.82463117118557,0.9,0.001,0.527249120044007,1,-0.841375085240105,15,africa
9,16,-3.87235135133865,70,0.0392689677740488,0.05,-4.92049404294715,4.6,0.9,-1.82463117118557,0.9,0.001,0.645247896519301,1,-1.02683283237807,15,africa
10,16,-3.91569535374862,70,0.0388301334839754,0.05,-4.92328436777055,4.6,0.9,-1.82463117118557,0.9,0.001,0.482109268833345,1,-0.908654131843875,15,africa
1,17,-3.71184202990619,70,0.0424259407883544,0.05,-4.83410108711123,4.6,0.9,-1.82463117118557,0.9,0.001,0.0787305587162796,1,-0.184939987744629,15,africa
2,17,-3.84341869582285,70,0.0415843195254691,0.05,-4.85456033251956,4.6,0.9,-1.82463117118557,0.9,0.001,0.229610755492581,1,-0.158555173020046,15,africa
3,17,-3.66463568224314,70,0.0419976905632324,0.05,-4.83542089681601,4.6,0.9,-1.82463117118557,0.9,0.001,0.539582649066836,1,-0.429310753829188,15,africa
4,17,-3.61449601531987,70,0.0394252187767488,0.05,-4.89616520803905,4.6,0.9,-1.82463117118557,0.9,0.001,0.0914207166141036,1,-0.288393309836444,15,africa
5,17,-3.84524437687513,70,0.0432849333582401,0.05,-4.80242274104786,4.6,0.9,-1.82463117118557,0.9,0.001,-0.27051277644239,1,0.109643784091632,15,africa
6,17,-3.74882880840139,70,0.0439017237802212,0.05,-4.79582975752355,4.6,0.9,-1.82463117118557,0.9,0.001,0.148971872165419,1,-0.347505825122928,15,africa
7,17,-3.82838127630933,70,0.0398511173298381,0.05,-4.89521410847359,4.6,0.9,-1.82463117118557,0.9,0.001,0.405219324150755,1,-0.876508896770701,15,africa
8,17,-3.83543868252131,70,0.0417780992585157,0.05,-4.84470774588344,4.6,0.9,-1.82463117118557,0.9,0.001,0.464428713745488,1,-0.697766230790059,15,africa
9,17,-3.96085546326462,70,0.0365113607652035,0.05,-4.99222230959339,4.6,0.9,-1.82463117118557,0.9,0.001,-0.0249425122391975,1,-0.729571392341369,15,africa
10,17,-4.03005697049705,70,0.0412619606515877,0.05,-4.86444916358363,4.6,0.9,-1.82463117118557,0.9,0.001,0.406019361008561,1,-1.13783719375784,15,africa
1,18,-3.76493491135777,70,0.0311208357996016,0.05,-5.16033584330444,4.6,0.9,-1.82463117118557,0.9,0.001,0.720398764864043,1,-0.54705687792038,15,africa
2,18,-3.98388097594801,70,0.0316081461059938,0.05,-5.14713666215973,4.6,0.9,-1.82463117118557,0.9,0.001,0.955208913834861,1,-0.842601595417699,15,africa
3,18,-3.94269749620918,70,0.0322593284531848,0.05,-5.1300022590587,4.6,0.9,-1.82463117118557,0.9,0.001,0.871286140496294,1,-0.624588282637882,15,africa
4,18,-3.71894782947821,70,0.0319077770969002,0.05,-5.13037968411261,4.6,0.9,-1.82463117118557,0.9,0.001,0.888528576563599,1,-0.783309129743491,15,africa
5,18,-3.81821566239143,70,0.0327862415186286,0.05,-5.10882184632781,4.6,0.9,-1.82463117118557,0.9,0.001,0.885916466769581,1,-0.726608758879018,15,africa
6,18,-3.72734665459295,70,0.0317279055440211,0.05,-5.13946012263569,4.6,0.9,-1.82463117118557,0.9,0.001,0.906549451062938,1,-0.654807254096461,15,africa
7,18,-3.92505121959531,70,0.0311841071853475,0.05,-5.16812556714243,4.6,0.9,-1.82463117118557,0.9,0.001,0.893835727101385,1,-0.410010193879856,15,africa
8,18,-3.81448139109834,70,0.0317835595455353,0.05,-5.13666142650002,4.6,0.9,-1.82463117118557,0.9,0.001,0.773364313188581,1,-0.505000815557469,15,africa
9,18,-3.92503927155514,70,0.031874442518857,0.05,-5.14091139458205,4.6,0.9,-1.82463117118557,0.9,0.001,0.740509736322414,1,-0.651192425658588,15,africa
10,18,-3.76150137384977,70,0.031478504198159,0.05,-5.15148542659688,4.6,0.9,-1.82463117118557,0.9,0.001,1.06576583573659,1,-0.786089521115933,15,africa
1,19,-3.88616445639804,70,0.0478972539020294,0.05,-4.69581133762024,4.6,0.9,-1.82463117118557,0.9,0.001,-0.30172020559352,1,0.107305724960964,15,africa
2,19,-3.73263085451479,70,0.0487837539355209,0.05,-4.67172638774172,4.6,0.9,-1.82463117118557,0.9,0.001,-0.391844540413453,1,0.367220894422492,15,africa
3,19,-3.82696012442355,70,0.0487756040272022,0.05,-4.68175858992588,4.6,0.9,-1.82463117118557,0.9,0.001,-0.394397781159281,1,0.331688660882491,15,africa
4,19,-3.90020684964939,70,0.0496265557653765,0.05,-4.67066306651716,4.6,0.9,-1.82463117118557,0.9,0.001,-0.325960049912732,1,0.377656172855307,15,africa
5,19,-3.59963354340963,70,0.0481669827845515,0.05,-4.69082218959308,4.6,0.9,-1.82463117118557,0.9,0.001,-0.353366743048583,1,0.221918055699616,15,africa
6,19,-3.97646260999371,70,0.0490354287474357,0.05,-4.678104917219,4.6,0.9,-1.82463117118557,0.9,0.001,-0.479433442414557,1,0.416048183605953,15,africa
7,19,-3.72359741046057,70,0.0485640396362171,0.05,-4.68177262707365,4.6,0.9,-1.82463117118557,0.9,0.001,-0.380921073915112,1,0.307041781856668,15,africa
8,19,-3.66438173831241,70,0.0491742510439679,0.05,-4.679892772864,4.6,0.9,-1.82463117118557,0.9,0.001,-0.382221365720442,1,0.337980378021316,15,africa
9,19,-3.9845152319984,70,0.0481583635744244,0.05,-4.69164728725582,4.6,0.9,-1.82463117118557,0.9,0.001,-0.307875846025834,1,0.361142154036097,15,africa
10,19,-3.90015231175534,70,0.0492211121122606,0.05,-4.66753531153422,4.6,0.9,-1.82463117118557,0.9,0.001,-0.271455475055847,1,0.213833553562285,15,africa
1,20,-4.00974719704815,70,0.0401427224168691,0.05,-4.89411999104406,4.6,0.9,-1.82463117118557,0.9,0.001,-0.0327386910163034,1,-0.0853769250802875,15,africa
2,20,-3.67873385057541,70,0.0409163829201893,0.05,-4.86715281333516,4.6,0.9,-1.82463117118557,0.9,0.001,0.140649696990345,1,-0.239989989158593,15,africa
3,20,-3.8183442816143,70,0.0384130962583439,0.05,-4.92243729480113,4.6,0.9,-1.82463117118557,0.9,0.001,-0.198317260858581,1,-0.52644650359996,15,africa
4,20,-3.63075350754939,70,0.0397794975920248,0.05,-4.89685583403952,4.6,0.9,-1.82463117118557,0.9,0.001,-0.520423105380614,1,-0.0375846074601026,15,africa
5,20,-4.04736821432026,70,0.0401941593120012,0.05,-4.87857282874436,4.6,0.9,-1.82463117118557,0.9,0.001,0.0985193647489975,1,-0.47448453007341,15,africa
6,20,-3.74277422576478,70,0.0396474683686471,0.05,-4.90460745973225,4.6,0.9,-1.82463117118557,0.9,0.001,-0.0942497401390705,1,-0.507549214406152,15,africa
7,20,-3.7807130222655,70,0.0401179098549774,0.05,-4.88235183688452,4.6,0.9,-1.82463117118557,0.9,0.001,0.431959876710957,1,-0.780263301026448,15,africa
8,20,-3.93167117258447,70,0.0420176891457751,0.05,-4.84249479017333,4.6,0.9,-1.82463117118557,0.9,0.001,-0.0441839465302252,1,-0.830412610152986,15,africa
9,20,-3.87096779802635,70,0.0418109173520385,0.05,-4.84586675549012,4.6,0.9,-1.82463117118557,0.9,0.001,-0.216896224796189,1,0.199391919884698,15,africa
10,20,-3.7214024040393,70,0.0390681809940596,0.05,-4.91274181490746,4.6,0.9,-1.82463117118557,0.9,0.001,-0.0864061233699388,1,-0.504814351422244,15,africa
1,21,-3.84778675256972,70,0.0466392906764393,0.05,-4.72038788925226,4.6,0.9,-1.82463117118557,0.9,0.001,-0.344460451581201,1,-1.54035605820439,15,africa
2,21,-3.99571273190492,70,0.0464688714976032,0.05,-4.7341882432208,4.6,0.9,-1.82463117118557,0.9,0.001,0.0146390500953106,1,-0.930513203240201,15,africa
3,21,-3.59251289236087,70,0.0474578604975416,0.05,-4.70570017477468,4.6,0.9,-1.82463117118557,0.9,0.001,0.441134447341892,1,-0.990710184178212,15,africa
4,21,-3.70488062078158,70,0.0455293350071164,0.05,-4.75657228917956,4.6,0.9,-1.82463117118557,0.9,0.001,-0.220158839121323,1,-0.686322444173883,15,africa
5,21,-3.58292214213262,70,0.0456270370776714,0.05,-4.73867217177819,4.6,0.9,-1.82463117118557,0.9,0.001,-1.01921625580148,1,-0.0552035638412379,15,africa
6,21,-3.85342171287787,70,0.0457169128581365,0.05,-4.75071665412889,4.6,0.9,-1.82463117118557,0.9,0.001,0.447843125357478,1,-1.11765358028992,15,africa
7,21,-3.77280523342863,70,0.0437036144863763,0.05,-4.80150833752176,4.6,0.9,-1.82463117118557,0.9,0.001,-0.50957982139204,1,-0.543169160439469,15,africa
8,21,-3.91540998529235,70,0.045509063609946,0.05,-4.75488251380759,4.6,0.9,-1.82463117118557,0.9,0.001,-0.280272200010699,1,-0.755294644946472,15,africa
9,21,-3.74606648066999,70,0.0517257436827901,0.05,-4.61511244022182,4.6,0.9,-1.82463117118557,0.9,0.001,0.178134771887793,1,-0.721571306225234,15,africa
10,21,-3.84812595414981,70,0.0461335763976872,0.05,-4.74104542997418,4.6,0.9,-1.82463117118557,0.9,0.001,0.660360240863303,1,-1.26631393604098,15,africa
1,22,-3.89798489155439,70,0.0558408163085174,0.05,-4.53325810533309,4.6,0.9,-1.82463117118557,0.9,0.001,0.355044147126847,1,-0.0321482047177815,15,africa
2,22,-3.84380742452819,70,0.0568468743067673,0.05,-4.50923693272256,4.6,0.9,-1.82463117118557,0.9,0.001,0.350166885530319,1,0.128788554011704,15,africa
3,22,-3.65508628760581,70,0.0553993290087268,0.05,-4.53911101458225,4.6,0.9,-1.82463117118557,0.9,0.001,0.238320282500445,1,0.114677367161128,15,africa
4,22,-4.02081619504051,70,0.0546792865583515,0.05,-4.54485349022325,4.6,0.9,-1.82463117118557,0.9,0.001,0.428642079608128,1,-0.000111346767149759,15,africa
5,22,-3.93568711454115,70,0.055892507985297,0.05,-4.53784008417724,4.6,0.9,-1.82463117118557,0.9,0.001,0.223682679235932,1,0.304152640360964,15,africa
6,22,-3.90888514795919,70,0.0546242824321713,0.05,-4.55326021472175,4.6,0.9,-1.82463117118557,0.9,0.001,0.40519327150148,1,0.0214755570234038,15,africa
7,22,-3.86756197681736,70,0.054016469913945,0.05,-4.57088191605946,4.6,0.9,-1.82463117118557,0.9,0.001,0.298478758333546,1,0.253076219761355,15,africa
8,22,-3.679770035843,70,0.0527323975036556,0.05,-4.59101366219172,4.6,0.9,-1.82463117118557,0.9,0.001,0.354478692732396,1,0.180999191859833,15,africa
9,22,-3.85800460757165,70,0.0522323624631242,0.05,-4.6045478771489,4.6,0.9,-1.82463117118557,0.9,0.001,0.604344993230265,1,-0.152474865154854,15,africa
10,22,-3.89910162041052,70,0.0533760775473343,0.05,-4.57845174214712,4.6,0.9,-1.82463117118557,0.9,0.001,0.577617266392349,1,-0.0550560980632751,15,africa
1,23,-3.77051255994732,70,0.0445256748217775,0.05,-4.77800745682861,4.6,0.9,-1.82463117118557,0.9,0.001,0.0415654841035632,1,0.363622395001545,15,africa
2,23,-3.64915138852839,70,0.0408011220581026,0.05,-4.87679249058595,4.6,0.9,-1.82463117118557,0.9,0.001,0.7828912360558,1,-0.791415736489605,15,africa
3,23,-3.81550528693606,70,0.0426684668351826,0.05,-4.82047821853934,4.6,0.9,-1.82463117118557,0.9,0.001,0.479216327088363,1,-0.411869159662368,15,africa
4,23,-3.70967528577602,70,0.0428570296218491,0.05,-4.81719424628148,4.6,0.9,-1.82463117118557,0.9,0.001,0.841573404607758,1,-1.02074273825798,15,africa
5,23,-3.83034550770306,70,0.0411985864514601,0.05,-4.84696735890137,4.6,0.9,-1.82463117118557,0.9,0.001,1.05639780658775,1,-1.22471852462014,15,africa
6,23,-3.86098677610557,70,0.0427238774627349,0.05,-4.81442640854151,4.6,0.9,-1.82463117118557,0.9,0.001,0.461473359884673,1,-0.530309973495317,15,africa
7,23,-3.78297982646694,70,0.0451929788575212,0.05,-4.76134369737918,4.6,0.9,-1.82463117118557,0.9,0.001,0.646712668414404,1,-0.775528142291885,15,africa
8,23,-3.80174699380426,70,0.0458216649313667,0.05,-4.74119696160154,4.6,0.9,-1.82463117118557,0.9,0.001,0.807053693556131,1,-0.909744928071036,15,africa
9,23,-3.81170820441377,70,0.0451946146633592,0.05,-4.76903577666488,4.6,0.9,-1.82463117118557,0.9,0.001,0.809894021743312,1,-0.913646076179358,15,africa
10,23,-3.84007181082888,70,0.0431016737629956,0.05,-4.81928303758333,4.6,0.9,-1.82463117118557,0.9,0.001,0.72005315168212,1,-0.5656573049208,15,africa
1,24,-3.7465723921318,70,0.0408543974246538,0.05,-4.86511192627852,4.6,0.9,-1.82463117118557,0.9,0.001,0.401297756954395,1,-0.554354951748425,15,africa
2,24,-3.69181219494069,70,0.0417481156772509,0.05,-4.8530304366626,4.6,0.9,-1.82463117118557,0.9,0.001,0.53178155751043,1,-0.779802186598979,15,africa
3,24,-3.80901761450293,70,0.041491545977491,0.05,-4.85488477292416,4.6,0.9,-1.82463117118557,0.9,0.001,0.4992521915941,1,-0.76901871861028,15,africa
4,24,-3.72773716930102,70,0.0424175094307217,0.05,-4.82845847481811,4.6,0.9,-1.82463117118557,0.9,0.001,0.0173049163158865,1,-0.210573790720086,15,africa
5,24,-3.71151690390816,70,0.0418014555637833,0.05,-4.84414881331123,4.6,0.9,-1.82463117118557,0.9,0.001,0.0877759375148235,1,-0.184579700930736,15,africa
6,24,-3.84743633555311,70,0.0423650373133527,0.05,-4.83530182304158,4.6,0.9,-1.82463117118557,0.9,0.001,-0.138419895322391,1,-0.0913750450479895,15,africa
7,24,-3.7610110056608,70,0.0416059106745893,0.05,-4.84743475043452,4.6,0.9,-1.82463117118557,0.9,0.001,0.220134978462842,1,-0.416658502964845,15,africa
8,24,-3.94409016290368,70,0.0416445097155758,0.05,-4.85171607785498,4.6,0.9,-1.82463117118557,0.9,0.001,-0.0535657641874823,1,-0.18074131319825,15,africa
9,24,-3.69348554702819,70,0.0421022664649176,0.05,-4.84042178873736,4.6,0.9,-1.82463117118557,0.9,0.001,-0.0370368496099686,1,-0.155369489996126,15,africa
10,24,-3.82015903091775,70,0.0419928736896833,0.05,-4.83660250244684,4.6,0.9,-1.82463117118557,0.9,0.001,-0.148296556058802,1,0.00914799185774189,15,africa
1,25,-3.83883485669001,70,0.0410541288387981,0.05,-4.85706156912836,4.6,0.9,-1.82463117118557,0.9,0.001,0.944259888108011,1,-0.626750046121283,15,africa
2,25,-3.89647894963769,70,0.0417679016687314,0.05,-4.84646991961422,4.6,0.9,-1.82463117118557,0.9,0.001,0.917338518029125,1,-0.612974772251689,15,africa
3,25,-3.80169116803132,70,0.0435427472926339,0.05,-4.8020652787121,4.6,0.9,-1.82463117118557,0.9,0.001,1.00399076180484,1,-0.7106032214735,15,africa
4,25,-3.81447406680038,70,0.0429710717093728,0.05,-4.81002637129925,4.6,0.9,-1.82463117118557,0.9,0.001,1.01024036693127,1,-0.672534815210468,15,africa
5,25,-3.8305838999582,70,0.0423496469763052,0.05,-4.82163983765793,4.6,0.9,-1.82463117118557,0.9,0.001,0.773827167788408,1,-0.449675634045533,15,africa
6,25,-3.83563428116836,70,0.0422458399331913,0.05,-4.82842447581818,4.6,0.9,-1.82463117118557,0.9,0.001,0.775726276469565,1,-0.40837142964987,15,africa
7,25,-3.77520835823378,70,0.0411613951109182,0.05,-4.86073830026232,4.6,0.9,-1.82463117118557,0.9,0.001,0.81693858782178,1,-0.508359294922942,15,africa
8,25,-3.67765008124415,70,0.0420998299620188,0.05,-4.83954811075201,4.6,0.9,-1.82463117118557,0.9,0.001,0.872328439090992,1,-0.547144090954402,15,africa
9,25,-3.90552464332855,70,0.0425499136675408,0.05,-4.83000379476566,4.6,0.9,-1.82463117118557,0.9,0.001,0.930574876998709,1,-0.576859545426935,15,africa
10,25,-3.61557911278512,70,0.0420541676296197,0.05,-4.83323869024768,4.6,0.9,-1.82463117118557,0.9,0.001,0.942018625331851,1,-0.593409804141625,15,africa
1,26,-3.71063932837205,70,0.0446669466635083,0.05,-4.7778342919809,4.6,0.9,-1.82463117118557,0.9,0.001,2.01636776038317,1,-1.79584797159918,15,africa
2,26,-4.00181294145045,70,0.0437278394796405,0.05,-4.7945186615185,4.6,0.9,-1.82463117118557,0.9,0.001,2.04867157422353,1,-1.83899897797634,15,africa
3,26,-3.84998682504087,70,0.0427711887086261,0.05,-4.82069600350215,4.6,0.9,-1.82463117118557,0.9,0.001,2.02081310228266,1,-1.80316939405716,15,africa
4,26,-3.82944909313809,70,0.0425481321985093,0.05,-4.82566466644432,4.6,0.9,-1.82463117118557,0.9,0.001,2.01369911584325,1,-1.80668657633269,15,africa
5,26,-3.948552832163,70,0.0433207160071419,0.05,-4.81333762479126,4.6,0.9,-1.82463117118557,0.9,0.001,2.03238892365918,1,-1.7967629284985,15,africa
6,26,-4.09523139084326,70,0.0435286009437705,0.05,-4.81176576417894,4.6,0.9,-1.82463117118557,0.9,0.001,2.04570080948323,1,-1.81129220098177,15,africa
7,26,-3.92418383744148,70,0.0454463015191506,0.05,-4.77360800943955,4.6,0.9,-1.82463117118557,0.9,0.001,1.97167109636743,1,-1.73592547207487,15,africa
8,26,-3.8556302335727,70,0.0432749397427292,0.05,-4.81619737467789,4.6,0.9,-1.82463117118557,0.9,0.001,1.9432856660242,1,-1.75227536940884,15,africa
9,26,-3.68747067392178,70,0.0439234146707966,0.05,-4.79646494642878,4.6,0.9,-1.82463117118557,0.9,0.001,1.9529637120733,1,-1.71737842878249,15,africa
10,26,-3.83861291092933,70,0.0433221984725695,0.05,-4.80739642482166,4.6,0.9,-1.82463117118557,0.9,0.001,1.98259396961354,1,-1.76658795743179,15,africa
1,27,-3.8117879467,70,0.0430429253670842,0.05,-4.80842805135186,4.6,0.9,-1.82463117118557,0.9,0.001,0.460601547523853,1,-0.63408203374437,15,africa
2,27,-3.66188755257844,70,0.0431407947355021,0.05,-4.81350385330093,4.6,0.9,-1.82463117118557,0.9,0.001,0.392823375217393,1,-0.492637815606402,15,africa
3,27,-3.87130969000896,70,0.0448872776276353,0.05,-4.76882833800951,4.6,0.9,-1.82463117118557,0.9,0.001,0.226788370234445,1,-0.359569602710582,15,africa
4,27,-3.82946642435031,70,0.0448916595163895,0.05,-4.77104384583702,4.6,0.9,-1.82463117118557,0.9,0.001,0.16483447125397,1,-0.27565424103753,15,africa
5,27,-3.95110662413399,70,0.0446586064785401,0.05,-4.77209043615608,4.6,0.9,-1.82463117118557,0.9,0.001,0.17805401062621,1,-0.26126189569985,15,africa
6,27,-3.9269253439238,70,0.0448838165766706,0.05,-4.76552375928422,4.6,0.9,-1.82463117118557,0.9,0.001,0.135117856987077,1,-0.20133618239524,15,africa
7,27,-3.91510228708244,70,0.0425960904224417,0.05,-4.82851840760723,4.6,0.9,-1.82463117118557,0.9,0.001,0.472916274853226,1,-0.590131392146305,15,africa
8,27,-3.69710769541782,70,0.0424668948467836,0.05,-4.83352219240945,4.6,0.9,-1.82463117118557,0.9,0.001,0.501135228983182,1,-0.685424747447547,15,africa
9,27,-3.69963227796597,70,0.0424751835232511,0.05,-4.82797425060784,4.6,0.9,-1.82463117118557,0.9,0.001,0.453602601611889,1,-0.526629704952316,15,africa
10,27,-3.77111147938221,70,0.043054706321309,0.05,-4.80993850609769,4.6,0.9,-1.82463117118557,0.9,0.001,0.441930549570413,1,-0.634503761508466,15,africa
1,28,-3.83774409692533,70,0.0413264828339742,0.05,-4.85821916403842,4.6,0.9,-1.82463117118557,0.9,0.001,0.883371042967696,1,-1.18500843748581,15,africa
2,28,-3.90905768234068,70,0.0420285927783384,0.05,-4.83702064771043,4.6,0.9,-1.82463117118557,0.9,0.001,0.805708340528113,1,-1.08470985795495,15,africa
3,28,-3.97221195803444,70,0.0403503649415241,0.05,-4.88901763652452,4.6,0.9,-1.82463117118557,0.9,0.001,0.756811366249497,1,-1.01915843758736,15,africa
4,28,-3.68558990713579,70,0.0403072476705111,0.05,-4.88323493880539,4.6,0.9,-1.82463117118557,0.9,0.001,0.476457826676167,1,-0.589387830331253,15,africa
5,28,-3.7879242430068,70,0.040281680822555,0.05,-4.88382252514576,4.6,0.9,-1.82463117118557,0.9,0.001,0.33740706500545,1,-0.29131314609581,15,africa
6,28,-3.9212738954229,70,0.0400135446650287,0.05,-4.89303018505165,4.6,0.9,-1.82463117118557,0.9,0.001,0.418868759164472,1,-0.622335047333024,15,africa
7,28,-3.86463411877561,70,0.0386902859565807,0.05,-4.92318831064443,4.6,0.9,-1.82463117118557,0.9,0.001,0.260798290852724,1,-0.495727545648054,15,africa
8,28,-3.8350893708698,70,0.0399232422041432,0.05,-4.89736458886356,4.6,0.9,-1.82463117118557,0.9,0.001,0.227731822281901,1,-0.235942065071081,15,africa
9,28,-3.91328713864661,70,0.0402886068229788,0.05,-4.88215124972295,4.6,0.9,-1.82463117118557,0.9,0.001,-0.0981527365128344,1,-0.0527248118684646,15,africa
10,28,-3.88688925018596,70,0.0391013144236491,0.05,-4.91049007059035,4.6,0.9,-1.82463117118557,0.9,0.001,0.643296384316494,1,-0.755027811512451,15,africa
1,29,-3.96827960921408,70,0.0489134379689301,0.05,-4.67066291003297,4.6,0.9,-1.82463117118557,0.9,0.001,0.367384726583117,1,-0.648563592270479,15,africa
2,29,-3.97022843168405,70,0.0488701928737364,0.05,-4.68681523737637,4.6,0.9,-1.82463117118557,0.9,0.001,0.26766589338849,1,-0.502698682913221,15,africa
3,29,-3.78168963854557,70,0.0478373273814883,0.05,-4.69683428594332,4.6,0.9,-1.82463117118557,0.9,0.001,0.206026271380215,1,-0.429841515655726,15,africa
4,29,-3.94072902420399,70,0.0472490192830634,0.05,-4.71112060088914,4.6,0.9,-1.82463117118557,0.9,0.001,0.43190255698542,1,-0.783034211995666,15,africa
5,29,-4.07464559838179,70,0.0465915819258028,0.05,-4.72513787970143,4.6,0.9,-1.82463117118557,0.9,0.001,0.541009052528159,1,-0.812727595114102,15,africa
6,29,-3.94712602201295,70,0.0459661756365977,0.05,-4.73901607918505,4.6,0.9,-1.82463117118557,0.9,0.001,0.609414546476381,1,-0.840358740876208,15,africa
7,29,-3.87504217767621,70,0.0499662229561231,0.05,-4.6498959125135,4.6,0.9,-1.82463117118557,0.9,0.001,0.00966845315590656,1,-0.252478081537305,15,africa
8,29,-3.85191977444072,70,0.0500799161317723,0.05,-4.66171812840846,4.6,0.9,-1.82463117118557,0.9,0.001,0.255747237042243,1,-0.461638095095744,15,africa
9,29,-3.83307286867198,70,0.0493743773687001,0.05,-4.66283548213967,4.6,0.9,-1.82463117118557,0.9,0.001,0.370583928790351,1,-0.567012440225206,15,africa
10,29,-3.86617131504259,70,0.0507206628077972,0.05,-4.6421272488431,4.6,0.9,-1.82463117118557,0.9,0.001,0.362799157868179,1,-0.560402273448094,15,africa
1,30,-3.87377306297842,70,0.039457432544827,0.05,-4.90866265234719,4.6,0.9,-1.82463117118557,0.9,0.001,0.35837193023238,1,-0.607632588045867,15,africa
2,30,-3.9045512721633,70,0.0397690228920328,0.05,-4.90033559540022,4.6,0.9,-1.82463117118557,0.9,0.001,0.388202904960412,1,-0.714493358920583,15,africa
3,30,-3.92018827857236,70,0.0383917632210727,0.05,-4.94457087896791,4.6,0.9,-1.82463117118557,0.9,0.001,-0.191768616263777,1,0.241129628762647,15,africa
4,30,-3.7498436674963,70,0.0387217056804958,0.05,-4.9219081952961,4.6,0.9,-1.82463117118557,0.9,0.001,-0.527983243612722,1,0.455266296926889,15,africa
5,30,-3.83907497266689,70,0.0390519637250908,0.05,-4.92260949006683,4.6,0.9,-1.82463117118557,0.9,0.001,-0.506230544815045,1,0.486707205027847,15,africa
6,30,-3.71895518598321,70,0.03909764795126,0.05,-4.91751815473271,4.6,0.9,-1.82463117118557,0.9,0.001,-0.390304094701476,1,0.431532460512973,15,africa
7,30,-3.61868088920509,70,0.0405118230445793,0.05,-4.88059811664684,4.6,0.9,-1.82463117118557,0.9,0.001,0.655213285795339,1,-1.01262839180604,15,africa
8,30,-3.89291685032186,70,0.0394804243166131,0.05,-4.90607497907407,4.6,0.9,-1.82463117118557,0.9,0.001,0.210249283597205,1,-0.477247677388106,15,africa
9,30,-3.69884235175547,70,0.0401619278759357,0.05,-4.89705057656693,4.6,0.9,-1.82463117118557,0.9,0.001,0.301129156599076,1,-0.620999844297189,15,africa
10,30,-3.74232201623518,70,0.0397023709204544,0.05,-4.90907891135455,4.6,0.9,-1.82463117118557,0.9,0.001,0.265926132936348,1,-0.466536465762282,15,africa
1,31,-3.78843999420075,70,0.042563892164052,0.05,-4.82031255900135,4.6,0.9,-1.82463117118557,0.9,0.001,1.22601085894084,1,-1.26671144132814,15,africa
2,31,-3.83359021662209,70,0.0415985082254151,0.05,-4.85183565319362,4.6,0.9,-1.82463117118557,0.9,0.001,1.13855169467904,1,-1.24951984723469,15,africa
3,31,-3.86222429707443,70,0.0413844469665269,0.05,-4.85641727113782,4.6,0.9,-1.82463117118557,0.9,0.001,1.18318176031111,1,-1.20586302130581,15,africa
4,31,-3.93559584533044,70,0.0414967864030492,0.05,-4.85880824364921,4.6,0.9,-1.82463117118557,0.9,0.001,1.05834660438488,1,-1.04553193181227,15,africa
5,31,-3.80725869582445,70,0.0424444922147247,0.05,-4.83128047289689,4.6,0.9,-1.82463117118557,0.9,0.001,1.07393713262156,1,-1.1236942163327,15,africa
6,31,-3.77903507942989,70,0.0423379637478532,0.05,-4.83975160906829,4.6,0.9,-1.82463117118557,0.9,0.001,1.00004925259935,1,-1.05609086220914,15,africa
7,31,-3.70094958562467,70,0.042253247885537,0.05,-4.83900341229742,4.6,0.9,-1.82463117118557,0.9,0.001,1.12203019706648,1,-1.16053847870789,15,africa
8,31,-3.68513931822401,70,0.0423519578885158,0.05,-4.83360860636792,4.6,0.9,-1.82463117118557,0.9,0.001,1.11929336850034,1,-1.11021407302848,15,africa
9,31,-3.91392817405472,70,0.0417747579913741,0.05,-4.85303335335345,4.6,0.9,-1.82463117118557,0.9,0.001,0.989662462395198,1,-1.00846528968886,15,africa
10,31,-3.89983293431974,70,0.0416534306093527,0.05,-4.84910827005053,4.6,0.9,-1.82463117118557,0.9,0.001,0.807005671264566,1,-0.786830447557686,15,africa
1,32,-3.79420711758837,70,0.0516991601937223,0.05,-4.62361369200052,4.6,0.9,-1.82463117118557,0.9,0.001,0.724238517755312,1,0.0635031532691257,15,africa
2,32,-3.98895909076748,70,0.0516776192365192,0.05,-4.61610727041668,4.6,0.9,-1.82463117118557,0.9,0.001,1.08271943174837,1,-0.806137420583635,15,africa
3,32,-4.01178059915431,70,0.0521638891977874,0.05,-4.60306057687514,4.6,0.9,-1.82463117118557,0.9,0.001,0.705370414004231,1,-0.192540352129518,15,africa
4,32,-4.07032237526622,70,0.0521564394654229,0.05,-4.61123499057031,4.6,0.9,-1.82463117118557,0.9,0.001,0.852899984604354,1,0.276610563891919,15,africa
5,32,-3.76765040860025,70,0.0483202684375267,0.05,-4.6829326661172,4.6,0.9,-1.82463117118557,0.9,0.001,0.759562852690076,1,0.205011273872098,15,africa
6,32,-3.90818644517258,70,0.0486082816124264,0.05,-4.66877306149684,4.6,0.9,-1.82463117118557,0.9,0.001,0.639608425309555,1,-0.108327740400833,15,africa
7,32,-3.81150222555622,70,0.0510220501800145,0.05,-4.62882034766038,4.6,0.9,-1.82463117118557,0.9,0.001,0.639187098962031,1,0.254792710571879,15,africa
8,32,-4.02254619322225,70,0.0520334554076216,0.05,-4.61606961614407,4.6,0.9,-1.82463117118557,0.9,0.001,0.876375298758672,1,-0.622963990603357,15,africa
9,32,-3.77725709756184,70,0.0516502273328583,0.05,-4.61344293459718,4.6,0.9,-1.82463117118557,0.9,0.001,0.886483776360472,1,0.11230913815552,15,africa
10,32,-3.80956497902826,70,0.0536390585861454,0.05,-4.57436229348551,4.6,0.9,-1.82463117118557,0.9,0.001,0.867100838841301,1,-0.20808282940074,15,africa
1,33,-3.93217230576774,70,0.038962182021924,0.05,-4.92362047067802,4.6,0.9,-1.82463117118557,0.9,0.001,0.444246075055438,1,-0.261317813338359,15,africa
2,33,-3.7113734491851,70,0.0386940504288297,0.05,-4.93172701436718,4.6,0.9,-1.82463117118557,0.9,0.001,0.50746785572409,1,-0.443296569989383,15,africa
3,33,-3.71639725634143,70,0.0393334420738718,0.05,-4.90671925485661,4.6,0.9,-1.82463117118557,0.9,0.001,0.654691229393972,1,-0.489505045531396,15,africa
4,33,-3.77028514874746,70,0.0399346071358637,0.05,-4.89429660228754,4.6,0.9,-1.82463117118557,0.9,0.001,0.592253897834763,1,-0.443916640093184,15,africa
5,33,-3.88334960561886,70,0.0402223517796952,0.05,-4.88808149140279,4.6,0.9,-1.82463117118557,0.9,0.001,0.624928379888316,1,-0.447003142422401,15,africa
6,33,-3.84697154275883,70,0.0406927638241598,0.05,-4.87141764235356,4.6,0.9,-1.82463117118557,0.9,0.001,0.547062490236205,1,-0.46440775889874,15,africa
7,33,-3.80507992892049,70,0.040342672868537,0.05,-4.87445884411879,4.6,0.9,-1.82463117118557,0.9,0.001,0.61246536377677,1,-0.4146313636636,15,africa
8,33,-3.76440200138634,70,0.0414557851558501,0.05,-4.85779864449782,4.6,0.9,-1.82463117118557,0.9,0.001,0.610223223407588,1,-0.481492142873934,15,africa
9,33,-3.81334611326511,70,0.0425153377620302,0.05,-4.8326081471361,4.6,0.9,-1.82463117118557,0.9,0.001,0.626720713702684,1,-0.545470388756152,15,africa
10,33,-3.83040552334872,70,0.0420377525746279,0.05,-4.84457497482653,4.6,0.9,-1.82463117118557,0.9,0.001,0.488748407424445,1,-0.328502986600946,15,africa
1,34,-3.74072400802054,70,0.0433878028344312,0.05,-4.80702631932645,4.6,0.9,-1.82463117118557,0.9,0.001,1.91781743073664,1,-1.63734241528089,15,africa
2,34,-3.75399186986212,70,0.0438796412111733,0.05,-4.78686754211319,4.6,0.9,-1.82463117118557,0.9,0.001,1.93098983903441,1,-1.64015291013967,15,africa
3,34,-3.6702023989405,70,0.0433986835887073,0.05,-4.80274770755094,4.6,0.9,-1.82463117118557,0.9,0.001,1.91679392600199,1,-1.64279914991411,15,africa
4,34,-3.81965301171925,70,0.0426866494705544,0.05,-4.82360657592703,4.6,0.9,-1.82463117118557,0.9,0.001,1.94606367501285,1,-1.72657197527977,15,africa
5,34,-3.84440184993871,70,0.0432489002029134,0.05,-4.81660422887911,4.6,0.9,-1.82463117118557,0.9,0.001,2.04308432068882,1,-1.81384879422431,15,africa
6,34,-3.84407527491999,70,0.0419293488128382,0.05,-4.84467876819179,4.6,0.9,-1.82463117118557,0.9,0.001,2.06901704671109,1,-1.82259904530504,15,africa
7,34,-3.93561840029589,70,0.0408318720455478,0.05,-4.86539563232932,4.6,0.9,-1.82463117118557,0.9,0.001,2.09955077481456,1,-1.89362944726622,15,africa
8,34,-3.73331191212641,70,0.0401857258860876,0.05,-4.88065943433241,4.6,0.9,-1.82463117118557,0.9,0.001,2.05457132919111,1,-1.8387567168504,15,africa
9,34,-3.76787830318827,70,0.0413568710572648,0.05,-4.85076468795356,4.6,0.9,-1.82463117118557,0.9,0.001,2.02767372446493,1,-1.80728894836181,15,africa
10,34,-3.8751656302627,70,0.0406671246326041,0.05,-4.87164494775539,4.6,0.9,-1.82463117118557,0.9,0.001,1.9998624323565,1,-1.72487266610715,15,africa
