rep,id_var,standEta_initT_simulated,standEta_aS_simulated,standEta_dS_simulated,standEta_lBt0_simulated,standEta_lk_simulated,standEta_lae_simulated,standEta_lw_simulated,standEta_dE_simulated,filter
1,35,-1.81534,0.965048,-0.463847,0,-0.0393848,0,0,0.463212,0
2,35,-0.601886,0.790908,-0.510156,0,0.0241862,0,0,0.223236,0
3,35,-1.44451,-2.53646,-0.37759,0,0.00116234,0,0,-0.382735,0
4,35,-1.51061,0.0230653,0.742743,0,0.0163354,0,0,-0.0645435,0
5,35,-0.252165,0.188396,-1.69099,0,0.0110444,0,0,0.260994,0
6,35,-0.931354,1.78597,-1.24279,0,0.0038086,0,0,0.810631,0
7,35,-1.16442,-1.47629,-0.0736484,0,0.0216585,0,0,0.213253,0
8,35,-2.22624,-0.147198,1.14211,0,-0.0118054,0,0,0.398651,0
9,35,-1.40933,-0.597197,-0.57087,0,0.0109142,0,0,0.157959,0
10,35,-1.30746,0.942977,-0.1941,0,0.00042674,0,0,-0.759299,0
1,36,1.5272,0.491792,-0.293184,0,-0.00171364,0,0,0.489332,0
2,36,1.73883,0.0304757,0.162426,0,0.0200856,0,0,0.616447,0
3,36,1.45578,0.170674,-0.352291,0,-0.0193196,0,0,0.732646,0
4,36,1.72885,-0.149397,-0.124186,0,-0.0153977,0,0,1.05987,0
5,36,1.48612,-0.852802,0.979385,0,-0.00748877,0,0,0.315079,0
6,36,1.59784,0.772739,1.04047,0,-0.0187209,0,0,0.470207,0
7,36,2.00951,0.179306,0.0707686,0,0.0358097,0,0,-0.233278,0
8,36,0.6874,-3.57555,0.849249,0,0.00280647,0,0,0.386837,0
9,36,1.44384,0.0168867,0.641849,0,-0.0304911,0,0,0.744688,0
10,36,1.95356,1.34358,-0.904955,0,-0.0262953,0,0,-0.0113419,0
1,37,-0.727006,-0.93329,0.265787,0,0.00576349,0,0,-0.195046,0
2,37,-0.859859,0.0542719,0.361075,0,-0.0106653,0,0,0.0864093,0
3,37,-0.94447,-0.00812363,0.0755661,0,-0.0164278,0,0,0.38827,0
4,37,-1.0172,-0.721723,-0.283864,0,-0.0328411,0,0,0.152193,0
5,37,-1.00761,0.311577,0.417211,0,0.00129773,0,0,-0.293435,0
6,37,0.0122351,-0.0952902,-0.238017,0,0.00690946,0,0,-0.237794,0
7,37,-0.255177,0.831075,-1.49626,0,-0.00374762,0,0,-0.930804,0
8,37,-0.963519,-1.73671,0.332689,0,0.0180658,0,0,0.103261,0
9,37,-1.33043,-0.0751572,1.39463,0,0.0336372,0,0,0.6027,0
10,37,0.230922,-1.00823,-1.77114,0,0.0295015,0,0,-0.237924,0
1,38,-0.112057,0.0995143,-0.588098,0,0.0117605,0,0,-0.0785234,0
2,38,-0.794708,-0.597238,0.189937,0,0.00504185,0,0,0.598118,0
3,38,0.222806,-1.07992,-1.26119,0,0.0253908,0,0,-0.211928,0
4,38,-0.0341425,2.22635,1.10275,0,0.00191996,0,0,0.233829,0
5,38,0.327707,0.924982,-0.418525,0,-0.00407865,0,0,-0.806745,0
6,38,-0.156473,0.986828,-0.355136,0,-0.0123096,0,0,0.146484,0
7,38,-0.212542,-0.552952,0.305775,0,0.0220753,0,0,0.0252734,0
8,38,-1.58645,-0.933778,1.2767,0,-0.0278654,0,0,0.204689,0
9,38,-0.0150613,0.650414,-0.165767,0,0.00646072,0,0,0.226353,0
10,38,0.54354,1.27101,-0.579347,0,0.0138951,0,0,0.769995,0
1,39,1.30147,0.563862,0.0119696,0,-0.0125893,0,0,-0.244454,0
2,39,0.639884,1.80938,1.70276,0,-0.0413164,0,0,-0.101175,0
3,39,0.663759,-1.0022,0.450779,0,-0.006532,0,0,-0.0939439,0
4,39,0.456601,-0.945978,3.46811,0,0.00309915,0,0,-0.336403,0
5,39,1.20674,0.532922,1.07167,0,-0.00180505,0,0,0.216973,0
6,39,0.711028,0.664192,0.808803,0,-0.0161149,0,0,0.672648,0
7,39,0.389588,-1.44267,0.0331708,0,-0.0146097,0,0,0.186834,0
8,39,1.29634,-0.640425,0.504165,0,0.0121093,0,0,-0.0137465,0
9,39,-0.690251,-2.05126,2.18072,0,-0.0183602,0,0,0.256324,0
10,39,1.0552,-0.000839572,-0.657861,0,-0.0354874,0,0,0.133527,0
1,40,-1.55358,0.511148,0.6272,0,-0.00797079,0,0,0.0014611,0
2,40,-0.925592,1.07114,0.752539,0,-0.0133204,0,0,0.230526,0
3,40,0.37592,0.246187,-0.7368,0,0.0465895,0,0,0.392682,0
4,40,-0.310368,-0.144849,-1.25179,0,0.0235148,0,0,-0.561885,0
5,40,-0.719672,-0.722407,-1.18085,0,-0.000688234,0,0,-0.306691,0
6,40,-1.56418,-1.71025,0.0837717,0,-0.0104579,0,0,-0.539661,0
7,40,-1.1347,-0.51236,-1.32329,0,0.00182051,0,0,-0.645421,0
8,40,-0.486846,0.524177,0.0773641,0,0.00531538,0,0,-0.00160495,0
9,40,-0.888086,-0.355896,0.449383,0,-0.000780932,0,0,0.0428445,0
10,40,-0.80237,1.25064,0.0950195,0,-0.00738598,0,0,0.436523,0
1,41,-0.240842,-1.42745,0.836074,0,0.00361456,0,0,0.379703,0
2,41,0.80161,1.47065,-0.313111,0,-0.00445951,0,0,0.0610118,0
3,41,0.937662,-1.09728,-2.15436,0,0.0132404,0,0,-0.158927,0
4,41,1.56695,1.3206,-0.873535,0,0.0312533,0,0,-0.124752,0
5,41,0.927077,2.40009,-0.674825,0,0.0109443,0,0,-0.659811,0
6,41,0.190615,-0.626551,1.30269,0,-0.0279024,0,0,-0.486477,0
7,41,0.793036,-1.03641,-1.0065,0,-0.00551152,0,0,0.163462,0
8,41,0.402114,-1.12179,0.306534,0,0.016132,0,0,-0.401769,0
9,41,0.307754,0.368458,0.0226751,0,-0.0349456,0,0,0.22152,0
10,41,-0.171514,1.44673,0.994069,0,-0.0288457,0,0,-0.612619,0
1,42,0.171502,1.02699,-0.589094,0,-0.0226664,0,0,-0.761056,0
2,42,0.514468,0.773338,0.111879,0,0.00318495,0,0,0.0289801,0
3,42,0.536385,0.339408,-0.386551,0,0.0116779,0,0,-0.27675,0
4,42,0.132879,-1.15583,-0.557589,0,-0.0135033,0,0,0.327722,0
5,42,0.0148298,-2.06632,-0.191022,0,-0.00750198,0,0,0.881048,0
6,42,0.0772718,-0.528752,0.0496739,0,-0.00487552,0,0,0.279655,0
7,42,0.760325,0.169264,-1.27328,0,0.00325633,0,0,-0.170482,0
8,42,0.0734648,-0.678117,0.0250063,0,-0.000850723,0,0,0.0335528,0
9,42,0.830038,0.621439,-1.33878,0,0.0131057,0,0,-0.402344,0
10,42,0.837548,1.31284,1.39269,0,0.0178733,0,0,-0.424301,0
1,43,0.601185,-0.35513,-0.49845,0,-0.0064024,0,0,-0.130971,0
2,43,1.03573,1.01178,-0.692928,0,0.0150878,0,0,0.0382336,0
3,43,1.17135,0.652907,-1.5847,0,-0.00453689,0,0,0.6597,0
4,43,0.769801,-0.19808,-0.808818,0,-0.0143407,0,0,0.303794,0
5,43,0.508408,-0.202419,-0.875142,0,0.00811156,0,0,-0.0311165,0
6,43,0.708692,0.869144,-0.590526,0,-0.00957373,0,0,0.281619,0
7,43,-0.415811,-1.41824,1.10943,0,-0.00171131,0,0,-0.535143,0
8,43,-1.0713,0.575071,1.85714,0,-0.023636,0,0,-0.296398,0
9,43,-0.436632,-1.13095,0.628305,0,-0.0187302,0,0,-0.950294,0
10,43,1.04801,0.911279,0.102963,0,0.000312685,0,0,-0.455189,0
1,44,-1.02578,-0.38648,-0.00285654,0,-0.0141696,0,0,0.12217,0
2,44,-1.05415,-1.44746,0.472292,0,0.0210456,0,0,0.263322,0
3,44,-0.554699,0.56393,0.265507,0,-0.00217745,0,0,-0.129231,0
4,44,-0.622595,-0.474426,0.00150013,0,0.0237475,0,0,0.292996,0
5,44,-1.18983,1.68308,-0.727637,0,-0.019996,0,0,0.0676732,0
6,44,-1.45281,1.5205,0.641518,0,-0.00523508,0,0,-0.308593,0
7,44,-1.13269,0.0952103,0.16762,0,0.00136996,0,0,0.490541,0
8,44,-0.530801,-0.135846,-1.99281,0,0.0177312,0,0,-0.259513,0
9,44,-0.57977,0.5825,0.363383,0,-0.00705069,0,0,0.285493,0
10,44,-1.37823,0.504289,0.850824,0,0.00889081,0,0,0.0893051,0
1,45,1.23795,0.72338,0.863951,0,0.00796446,0,0,0.300913,0
2,45,0.638276,0.702256,2.12325,0,0.0035144,0,0,0.451817,0
3,45,1.47479,0.997024,-0.0796057,0,-0.00686045,0,0,0.0970587,0
4,45,1.17819,-0.395084,1.45903,0,0.0125199,0,0,-0.0182961,0
5,45,0.481302,-0.52521,1.20943,0,-0.00507816,0,0,-0.308026,0
6,45,0.781339,-0.506941,1.03041,0,-0.00224887,0,0,0.107003,0
7,45,1.07848,-1.25996,0.181647,0,-0.0242476,0,0,0.545706,0
8,45,0.985852,0.233901,0.819522,0,-0.00673698,0,0,0.155565,0
9,45,0.506158,-0.798766,0.0245544,0,-0.018119,0,0,0.328685,0
10,45,0.810871,1.13623,0.974528,0,-0.0147031,0,0,-0.219395,0
1,46,-0.643593,1.82638,-1.58893,0,0.000139901,0,0,-0.123955,0
2,46,-0.992527,0.650547,0.794145,0,-0.00761554,0,0,0.30574,0
3,46,-0.875675,-0.8542,-1.46194,0,0.00390006,0,0,-0.0941394,0
4,46,0.106529,-0.471297,-0.29449,0,0.0345166,0,0,0.481124,0
5,46,-0.600774,-0.163022,-0.301326,0,0.00133561,0,0,-0.152535,0
6,46,-0.466684,0.557477,-0.228972,0,0.00121445,0,0,-0.556871,0
7,46,0.224407,-0.261245,-2.32237,0,0.0255759,0,0,-0.00832868,0
8,46,-1.18319,1.0503,0.122416,0,-0.0199003,0,0,-0.0664177,0
9,46,-0.809893,-0.194953,0.626867,0,0.00245047,0,0,0.535112,0
10,46,-0.0167284,1.33146,-0.306577,0,0.0167312,0,0,-0.0753675,0
1,47,0.693641,0.607401,1.79016,0,0.0308449,0,0,-0.144238,0
2,47,0.351101,0.673826,1.49702,0,0.0165522,0,0,0.133947,0
3,47,0.360723,1.60984,1.50421,0,0.0160978,0,0,-1.15866,0
4,47,1.37685,1.60218,0.519917,0,0.0130559,0,0,0.103997,0
5,47,0.585368,0.911547,0.50561,0,0.0074834,0,0,-0.212211,0
6,47,0.966711,1.0588,-0.0627176,0,0.00321453,0,0,0.366795,0
7,47,0.44533,0.912935,0.849714,0,-0.0298899,0,0,0.189612,0
8,47,0.320195,-1.02075,1.03878,0,0.00141993,0,0,0.196703,0
9,47,1.09794,0.310768,-0.370653,0,0.0183907,0,0,0.643738,0
10,47,0.489856,-1.61668,1.16201,0,0.0313914,0,0,-0.321668,0
1,48,0.318242,0.441265,1.1286,0,0.020334,0,0,-0.459096,0
2,48,0.563055,1.82044,0.621461,0,-0.00678724,0,0,0.321835,0
3,48,1.18393,0.278799,0.52089,0,0.0231663,0,0,-0.30845,0
4,48,0.703481,-0.44597,0.283758,0,0.0242705,0,0,-0.103355,0
5,48,-0.175872,0.82798,1.10631,0,-0.0173297,0,0,0.063763,0
6,48,0.199125,-0.594068,0.877526,0,-0.0009995,0,0,-0.413561,0
7,48,0.0335885,-0.175103,1.05048,0,0.0078342,0,0,-0.550545,0
8,48,1.02991,-0.25483,0.273494,0,0.0153259,0,0,-0.301839,0
9,48,-0.155517,-1.56927,0.558813,0,-0.0256549,0,0,0.173126,0
10,48,1.11636,-1.06196,-1.82066,0,-0.0275706,0,0,0.265676,0
1,49,1.83125,-1.37993,1.24982,0,0.00147307,0,0,0.149555,0
2,49,2.6756,-2.13381,-0.633134,0,0.00765896,0,0,0.341112,0
3,49,2.38414,0.344377,0.853553,0,0.0145461,0,0,0.873524,0
4,49,2.24789,-0.730628,0.508526,0,0.0115695,0,0,0.990462,0
5,49,2.51134,-0.202494,-0.318703,0,0.0105905,0,0,0.427171,0
6,49,1.83887,-0.426299,2.63336,0,0.0338119,0,0,-0.204453,0
7,49,2.30996,-0.676018,-0.241032,0,-0.00378969,0,0,0.192898,0
8,49,2.43221,0.291392,0.0939576,0,0.0145803,0,0,0.364583,0
9,49,2.21183,-0.0872844,0.19994,0,-0.0126894,0,0,0.0703833,0
10,49,2.61363,0.90778,-1.3033,0,0.00656201,0,0,-0.48104,0
1,50,0.543919,-0.5145,-0.894813,0,-0.0259414,0,0,0.225921,0
2,50,0.622938,-0.860105,-0.493374,0,0.0118489,0,0,0.159488,0
3,50,1.24989,0.108823,-1.53934,0,0.00465451,0,0,0.116045,0
4,50,0.636749,0.242548,-0.190057,0,0.00823926,0,0,0.294574,0
5,50,1.57628,1.06473,-1.19687,0,-0.00977767,0,0,-0.327558,0
6,50,1.52346,0.306054,-2.68942,0,-0.0248662,0,0,0.0503562,0
7,50,1.94543,0.592381,-2.79866,0,0.0264153,0,0,-0.309704,0
8,50,1.81203,0.759319,-1.04398,0,-0.00762785,0,0,0.512662,0
9,50,0.324934,-0.416132,-0.260308,0,-0.00590573,0,0,0.646354,0
10,50,0.981163,-0.171287,-0.554215,0,0.0172378,0,0,0.216952,0
1,51,-0.372388,-1.10111,-0.0719594,0,-0.00493303,0,0,-0.526133,0
2,51,-0.42386,0.46996,-0.228354,0,-0.0311645,0,0,-0.274843,0
3,51,-0.486409,-1.87736,0.285453,0,-0.0247581,0,0,-0.220255,0
4,51,0.161746,-0.516639,0.668125,0,0.0146325,0,0,-0.0329161,0
5,51,0.119446,-1.62228,-0.604138,0,-0.0048961,0,0,-0.488284,0
6,51,0.193639,-0.897958,-0.026462,0,0.00221617,0,0,-0.371811,0
7,51,-0.484056,0.0519791,1.20336,0,-0.038785,0,0,-0.520559,0
8,51,-0.265743,-1.25961,0.567152,0,-0.0244945,0,0,0.349473,0
9,51,0.548825,-0.80119,0.0958907,0,0.0192662,0,0,0.118188,0
10,51,0.331547,0.286479,-0.365547,0,-0.00116522,0,0,-0.531412,0
1,1,0.292169,-0.708364,-0.645811,0,-0.00392633,0,0,0.151272,0
2,1,0.159599,1.30335,-0.543131,0,0.000225584,0,0,0.181488,0
3,1,0.870262,-0.856011,-1.14287,0,0.0216436,0,0,0.185122,0
4,1,0.766192,1.27768,-0.985789,0,-0.00966513,0,0,-0.702275,0
5,1,-0.210298,-1.02026,0.0499311,0,-0.00838587,0,0,-0.300914,0
6,1,0.124996,-0.0611732,-1.68683,0,-0.0143784,0,0,-0.303319,0
7,1,0.259082,-0.696824,-0.341253,0,0.0426307,0,0,-0.437153,0
8,1,-0.456537,-0.958924,-0.182267,0,-0.00487592,0,0,-0.614132,0
9,1,-0.0498473,-0.0702381,-0.388626,0,-0.021092,0,0,-0.639525,0
10,1,-0.19839,-0.346278,-0.910316,0,0.00633674,0,0,-0.43808,0
1,2,0.614043,-1.33195,-0.284065,0,-0.0135048,0,0,-0.145914,0
2,2,1.09123,1.691,1.02441,0,0.0338904,0,0,-0.138285,0
3,2,0.503865,-0.00373059,-0.358609,0,0.00726383,0,0,0.277552,0
4,2,0.349085,-0.19285,1.59003,0,0.0210219,0,0,-0.532176,0
5,2,1.18375,0.413999,-0.372578,0,0.00436273,0,0,-0.447055,0
6,2,0.756845,1.32375,0.0827005,0,0.015035,0,0,-0.487056,0
7,2,0.808888,-0.0829234,0.00107966,0,0.0151795,0,0,0.0745631,0
8,2,0.418294,1.46305,0.252558,0,-0.0225286,0,0,-0.622167,0
9,2,-0.0434494,0.22102,0.672415,0,-0.0142339,0,0,0.12045,0
10,2,1.32029,0.504913,-0.913361,0,0.00774725,0,0,-0.257279,0
1,3,0.287314,1.49255,0.401866,0,-0.00492414,0,0,-0.12303,0
2,3,0.0141384,-1.21443,-0.797415,0,0.0203511,0,0,-0.489267,0
3,3,0.736437,-0.443803,-0.241643,0,0.0184888,0,0,-0.0989652,0
4,3,0.506354,0.633252,-1.04788,0,-0.0264291,0,0,0.0735223,0
5,3,0.611818,-1.93178,-1.13942,0,0.0403101,0,0,-0.399196,0
6,3,0.00689916,-1.026,0.173089,0,0.0249276,0,0,-0.47434,0
7,3,0.483813,-1.0943,0.487297,0,0.0375869,0,0,-0.285815,0
8,3,-0.0188875,-0.683178,-0.223603,0,0.0164419,0,0,0.0659196,0
9,3,-0.204986,-0.0599346,-0.283231,0,0.00822099,0,0,-0.273653,0
10,3,0.270078,0.610762,0.0604738,0,0.0111762,0,0,-0.0495207,0
1,4,-0.125211,0.549702,-0.390544,0,-0.0276373,0,0,0.27661,0
2,4,0.174576,0.844799,-2.25417,0,-0.0333123,0,0,0.23324,0
3,4,-1.78742,-1.71559,1.64313,0,-0.00278862,0,0,0.072364,0
4,4,-1.13742,-1.83875,-0.0378212,0,0.0106295,0,0,0.475056,0
5,4,-0.476232,-3.11689,0.362382,0,0.027108,0,0,0.396014,0
6,4,-0.577348,0.758283,0.445214,0,-0.0176626,0,0,0.115087,0
7,4,-0.252034,-0.958987,-1.01033,0,0.0165885,0,0,0.36791,0
8,4,0.401751,0.149284,-0.671015,0,0.010447,0,0,0.0516483,0
9,4,0.709658,-0.433486,-0.410439,0,0.00962684,0,0,-0.030483,0
10,4,0.255739,0.101608,-1.93685,0,-0.00577196,0,0,-0.419602,0
1,5,-0.706964,-0.647571,-1.09782,0,-0.0129432,0,0,0.198223,0
2,5,-0.494368,-0.57019,-0.918776,0,0.00993961,0,0,-0.244159,0
3,5,-1.16499,0.337744,-0.122761,0,-0.00679159,0,0,-0.537722,0
4,5,0.26111,0.0372731,-0.947486,0,-0.00703824,0,0,-0.181175,0
5,5,-0.957069,-1.1609,-1.03535,0,0.000821496,0,0,-0.0743122,0
6,5,-0.791483,0.225751,1.00138,0,-0.00777948,0,0,0.177861,0
7,5,-0.284949,-0.308719,0.156657,0,-0.000805317,0,0,0.0667963,0
8,5,0.172335,0.935186,-0.684683,0,-0.0148792,0,0,-0.271396,0
9,5,0.301491,-0.715677,-0.56059,0,0.0382371,0,0,-0.0549259,0
10,5,-0.746545,-0.615868,0.464943,0,0.0284893,0,0,0.0260019,0
1,6,-1.58171,-2.25105,-0.596046,0,0.0144938,0,0,-0.069917,0
2,6,-0.458247,2.60185,-0.0728697,0,0.00635184,0,0,0.485548,0
3,6,-1.01176,0.919434,-0.334702,0,-0.0199323,0,0,0.697154,0
4,6,-0.908138,-0.178474,1.35616,0,0.0166709,0,0,0.308603,0
5,6,-2.10245,-0.381166,0.466019,0,-0.0102542,0,0,-0.0802782,0
6,6,-0.844776,0.798349,0.123932,0,-0.0356206,0,0,0.0158749,0
7,6,-0.916819,-1.74609,-1.43817,0,0.0129525,0,0,-0.0839968,0
8,6,-1.17352,0.557372,0.820809,0,-0.0120672,0,0,0.541506,0
9,6,-0.980273,-0.407102,-1.60765,0,-0.0252679,0,0,0.545763,0
10,6,-1.48832,0.181805,-1.14612,0,-0.02197,0,0,0.667897,0
1,7,1.36665,-0.520094,0.0861659,0,0.0126083,0,0,0.737491,0
2,7,1.14081,-1.11767,1.30045,0,0.0138364,0,0,1.1695,0
3,7,0.531059,-1.52473,1.48558,0,-0.00243594,0,0,-0.100543,0
4,7,0.724679,-0.379417,0.521417,0,-0.0458416,0,0,0.291006,0
5,7,1.25601,0.244202,0.0226353,0,0.00327414,0,0,0.689013,0
6,7,0.768439,0.616606,2.61415,0,0.0111074,0,0,0.620599,0
7,7,1.54354,-1.07147,-0.0608869,0,-0.00261176,0,0,0.356337,0
8,7,0.692146,1.08059,0.393578,0,0.0132548,0,0,0.23095,0
9,7,0.623404,-0.166334,1.45618,0,-0.000315648,0,0,0.43229,0
10,7,-0.358661,-1.34674,0.084535,0,-0.0315886,0,0,0.318144,0
1,8,-0.363232,0.0436631,-1.54037,0,-0.00637657,0,0,-0.389743,0
2,8,-0.563192,-0.641918,-1.42242,0,-0.0287448,0,0,-0.753844,0
3,8,0.0503879,1.25128,-0.74741,0,0.0242071,0,0,-0.921889,0
4,8,0.0342805,0.376759,0.318972,0,0.0194533,0,0,-0.183565,0
5,8,0.215269,1.54627,-0.447928,0,0.00197737,0,0,-0.67669,0
6,8,0.429674,-0.159645,-1.58622,0,0.0134923,0,0,-0.180204,0
7,8,-0.827604,0.353515,0.371417,0,-0.0155233,0,0,0.117597,0
8,8,-0.943214,-2.16684,0.0153234,0,0.0115704,0,0,-0.375371,0
9,8,-1.21411,0.192495,1.40401,0,-0.0142036,0,0,-0.353872,0
10,8,0.222024,0.201142,-0.932289,0,0.0317067,0,0,-0.187628,0
1,9,-0.486241,-0.148805,-0.155588,0,-0.0258407,0,0,-0.311413,0
2,9,-0.144817,0.114186,0.853239,0,-0.00917435,0,0,0.323136,0
3,9,-0.825525,-0.971221,1.3983,0,-0.0030395,0,0,0.0348508,0
4,9,-1.44482,-1.08837,0.863805,0,-0.0452593,0,0,0.26785,0
5,9,-1.31169,-0.256699,0.77386,0,-0.0233786,0,0,-0.0388089,0
6,9,-0.104276,0.328647,-0.360836,0,-0.0187581,0,0,-0.23806,0
7,9,-0.55955,0.346473,0.742461,0,-0.0128022,0,0,-0.0907439,0
8,9,-1.20665,-0.403596,0.788735,0,-0.0183923,0,0,0.0300936,0
9,9,-0.707468,0.161815,-0.963238,0,-0.0234676,0,0,-0.00317096,0
10,9,-1.04135,-0.6624,1.22921,0,-0.0293049,0,0,0.212329,0
1,10,-0.470993,1.14757,-0.548803,0,-0.0227963,0,0,0.216125,0
2,10,-1.05933,0.274523,0.249309,0,0.0355111,0,0,0.00572907,0
3,10,-0.520666,0.0888507,-0.746102,0,0.0226958,0,0,-0.529828,0
4,10,-0.964795,-0.179894,-0.692458,0,-0.00162144,0,0,-0.540113,0
5,10,-0.873984,0.419873,1.56177,0,0.0409382,0,0,-0.22943,0
6,10,-1.11073,1.1828,0.583324,0,-0.00194762,0,0,-0.112528,0
7,10,-1.2111,1.0749,0.618477,0,-0.0159957,0,0,-0.390315,0
8,10,-0.275822,1.02711,-1.42778,0,-0.0292397,0,0,-0.400591,0
9,10,-0.975862,0.418059,0.813021,0,0.026965,0,0,-0.489029,0
10,10,-0.708043,-0.212882,-0.362819,0,0.00729299,0,0,-0.147372,0
1,11,0.316837,-0.0476841,-0.461566,0,-0.0125707,0,0,-0.237047,0
2,11,1.58293,1.2408,-0.951182,0,0.0256417,0,0,-0.567237,0
3,11,0.656881,-0.921357,-0.947702,0,0.0183403,0,0,-0.462098,0
4,11,1.02159,-0.901635,-1.08396,0,0.0152495,0,0,-0.561653,0
5,11,0.582788,-0.719954,-0.455157,0,-0.0158372,0,0,-0.287467,0
6,11,-0.208834,-0.786427,0.0926354,0,-0.0264983,0,0,-0.30307,0
7,11,0.497012,-1.82221,-0.615789,0,0.00029987,0,0,-0.523409,0
8,11,0.255565,-0.451241,0.128922,0,0.00132239,0,0,-0.620376,0
9,11,0.620462,-0.433371,-0.194608,0,-0.00664065,0,0,-0.660089,0
10,11,0.560539,1.62721,0.107339,0,-0.0377099,0,0,-0.729711,0
1,12,1.0058,1.28094,-0.499183,0,-0.00539029,0,0,-0.0510113,0
2,12,0.276826,-0.75719,-0.0948017,0,0.0222038,0,0,0.0352601,0
3,12,-0.353964,-0.581533,1.84804,0,0.0219324,0,0,-0.535949,0
4,12,-0.574474,0.598092,2.00382,0,0.00081709,0,0,0.163588,0
5,12,-1.03586,-1.01819,0.123699,0,-0.007323,0,0,0.0841835,0
6,12,0.757959,-1.07522,-0.98429,0,0.0167855,0,0,0.430847,0
7,12,-1.01514,1.18567,1.17845,0,-0.0145668,0,0,0.211403,0
8,12,-1.01838,0.825671,0.400461,0,-0.030493,0,0,0.18364,0
9,12,-0.671287,-0.154364,-0.278605,0,-0.0275285,0,0,0.533105,0
10,12,0.324902,1.29594,-0.417485,0,0.0314019,0,0,-0.190382,0
1,13,0.481879,0.138,-0.319069,0,0.0040687,0,0,0.631257,0
2,13,0.159539,-0.73446,1.00823,0,-0.0303821,0,0,0.37352,0
3,13,0.975664,-1.79739,-0.383595,0,-0.00811698,0,0,0.132697,0
4,13,0.387704,0.260515,0.539661,0,-0.00560145,0,0,0.892777,0
5,13,-0.284844,-0.605803,0.477418,0,-0.0122798,0,0,-0.165878,0
6,13,-0.0818826,-1.91205,0.56442,0,-0.0229821,0,0,0.146167,0
7,13,0.0337611,-0.728471,0.57909,0,0.0151785,0,0,0.00384161,0
8,13,0.722805,-0.0523495,-1.07453,0,0.0157637,0,0,0.384151,0
9,13,-0.131117,-0.123786,0.484614,0,-0.0200823,0,0,0.560245,0
10,13,0.387879,1.44331,1.58434,0,-0.0192747,0,0,-0.0876391,0
1,14,0.915932,-0.777506,-0.427081,0,0.00415503,0,0,0.0427219,0
2,14,1.31821,0.773307,0.732513,0,0.0386992,0,0,-0.279275,0
3,14,0.597103,-2.57084,0.200453,0,0.0129122,0,0,0.606862,0
4,14,1.23665,1.08163,0.591361,0,-0.00494669,0,0,0.525686,0
5,14,0.997995,-0.88628,0.914477,0,0.0184172,0,0,0.194476,0
6,14,1.63308,0.700945,0.0370112,0,0.0107201,0,0,0.0104882,0
7,14,0.476518,-0.185853,1.0965,0,-0.0109458,0,0,0.193309,0
8,14,1.27622,0.584372,0.503561,0,0.0446715,0,0,0.418414,0
9,14,0.974523,1.28236,0.8223,0,-0.0153775,0,0,0.347166,0
10,14,0.578643,-1.07484,0.579814,0,-0.00121995,0,0,0.396459,0
1,15,-0.883573,-0.0550084,0.328412,0,-0.00873713,0,0,0.483328,0
2,15,-0.798446,-0.624348,0.077638,0,0.00409102,0,0,-0.773769,0
3,15,0.283322,0.658572,1.31364,0,0.0284289,0,0,-0.766585,0
4,15,0.455492,0.36258,-1.16051,0,-0.00761577,0,0,0.0463871,0
5,15,0.1039,1.34726,0.575568,0,0.00743506,0,0,-0.569297,0
6,15,0.249982,0.6902,1.08192,0,0.0274339,0,0,-0.235886,0
7,15,0.15414,0.840918,-0.0681559,0,0.0152476,0,0,-0.639158,0
8,15,0.393181,0.417099,0.675997,0,0.0104243,0,0,-0.563048,0
9,15,-0.144204,1.28576,1.177,0,0.0213744,0,0,-0.298756,0
10,15,0.174537,-0.032736,-0.238472,0,-0.00475011,0,0,-0.377287,0
1,16,-0.0176788,0.0438597,1.23214,0,-0.00273269,0,0,0.0582098,0
2,16,-0.490361,-0.372309,1.76062,0,0.00800742,0,0,-0.0670464,0
3,16,0.89822,2.31586,1.1027,0,0.0202854,0,0,-0.11887,0
4,16,-0.210475,0.0662266,1.34233,0,-0.00255177,0,0,-0.260582,0
5,16,-0.492222,-2.08521,1.17516,0,0.0286903,0,0,0.140796,0
6,16,-0.00246424,-1.54064,0.209021,0,-0.0259168,0,0,0.0563598,0
7,16,0.04583,-1.50303,0.444038,0,0.000924853,0,0,-0.579643,0
8,16,1.13152,0.669865,0.0455964,0,-0.00116005,0,0,-0.328089,0
9,16,1.2498,0.966016,-0.609587,0,0.0229416,0,0,-0.888384,0
10,16,0.183148,0.0572398,0.768783,0,-0.0109458,0,0,0.135506,0
1,17,0.0246746,0.98997,0.887239,0,0.00218482,0,0,0.932485,0
2,17,0.418185,0.496862,-0.67226,0,-0.0218642,0,0,0.423684,0
3,17,-0.583567,0.155846,1.37678,0,0.00738587,0,0,0.0182552,0
4,17,-0.428446,0.557409,-0.118536,0,0.010199,0,0,-0.199298,0
5,17,-1.41554,-0.491305,-0.505777,0,-0.0204438,0,0,-0.175208,0
6,17,-0.334052,-0.124678,0.563536,0,-0.00433913,0,0,0.168419,0
7,17,-0.734202,-1.27232,0.114022,0,0.0159348,0,0,-0.901341,0
8,17,0.84572,0.829479,-0.0980783,0,0.010155,0,0,-0.464501,0
9,17,0.136271,0.542683,-0.190857,0,-0.00444407,0,0,-0.139205,0
10,17,0.394128,-0.0809713,-1.02488,0,0.00842245,0,0,0.209226,0
1,18,3.34339,-0.231786,-2.58643,0,-0.0294463,0,0,0.489874,0
2,18,3.07527,-0.187329,-0.147141,0,-0.00654791,0,0,-0.269996,0
3,18,2.4968,1.52175,2.18645,0,0.00767598,0,0,0.0875131,0
4,18,1.83994,-0.924583,2.11106,0,-0.020718,0,0,0.17758,0
5,18,2.27929,-1.87744,0.878293,0,0.00228197,0,0,-0.0521109,0
6,18,2.48915,-0.0327897,1.99816,0,0.0070261,0,0,0.360282,0
7,18,2.67229,-1.26832,1.4529,0,0.00500467,0,0,0.329948,0
8,18,2.23812,-1.12244,2.21655,0,-0.0189817,0,0,0.69379,0
9,18,2.30098,-0.672095,0.974712,0,-0.0431235,0,0,0.711502,0
10,18,2.56527,-2.25513,0.256281,0,0.00839808,0,0,0.758009,0
1,19,-0.509729,-0.188471,-0.934462,0,0.00781292,0,0,-0.0393033,0
2,19,-0.705655,-0.635752,-0.385599,0,0.0347277,0,0,-0.209635,0
3,19,-1.04724,1.28284,-0.982401,0,-0.013294,0,0,0.354818,0
4,19,-1.6613,-1.13427,-1.18392,0,0.0172215,0,0,-0.32116,0
5,19,-2.48927,-0.688926,1.22559,0,0.0229866,0,0,-0.268116,0
6,19,-2.11509,-0.31926,0.385386,0,0.0209483,0,0,0.449308,0
7,19,-1.90015,-0.189854,1.22829,0,-0.00760984,0,0,0.125724,0
8,19,-1.07262,-0.277552,-0.946955,0,0.00151144,0,0,-0.960203,0
9,19,-0.650664,1.61495,-1.01882,0,-0.00684893,0,0,-0.200155,0
10,19,-1.00484,-0.194375,-1.49782,0,-0.0138513,0,0,0.531235,0
1,20,0.88864,2.51699,-0.869543,0,-0.0167227,0,0,0.0105234,0
2,20,-0.110227,-0.101128,0.713869,0,0.0151316,0,0,-0.311905,0
3,20,0.415206,-0.864562,-0.699599,0,0.0202559,0,0,-0.115077,0
4,20,0.614562,0.472437,-1.79291,0,-0.0293974,0,0,-0.0716432,0
5,20,0.365576,-0.305829,-1.15771,0,-0.00710285,0,0,0.251967,0
6,20,0.89981,0.11458,-1.32971,0,0.0190571,0,0,-0.125553,0
7,20,-0.0409029,0.340345,0.634688,0,0.0220489,0,0,-0.478784,0
8,20,0.847202,1.62413,-0.288917,0,0.029574,0,0,0.0253744,0
9,20,-0.45312,-1.84095,-0.0584499,0,-0.00213741,0,0,-0.215334,0
10,20,1.39915,-0.227794,-2.25007,0,0.0250497,0,0,-0.385145,0
1,21,-0.148621,0.388531,-2.37048,0,0.00612067,0,0,-0.241617,0
2,21,-0.667484,-1.13644,-0.389025,0,0.0285133,0,0,0.0440003,0
3,21,-0.558543,0.761851,-0.056736,0,-0.00321547,0,0,0.41785,0
4,21,-0.188487,-0.680575,-1.79172,0,0.0193801,0,0,0.827486,0
5,21,-0.442178,1.42758,-1.24668,0,-0.0212277,0,0,0.101432,0
6,21,-1.07478,-0.194804,0.873675,0,0.0269422,0,0,0.173386,0
7,21,-0.479673,-0.211568,-0.367843,0,0.00438985,0,0,0.612229,0
8,21,0.416346,1.88756,-3.02572,0,-0.0216424,0,0,0.450211,0
9,21,-0.621388,-1.30899,0.0134571,0,0.0209968,0,0,-0.113273,0
10,21,-0.909917,-8.81222e-05,0.37974,0,0.0292233,0,0,-0.0871358,0
1,22,-0.787585,2.27804,0.171122,0,0.0161477,0,0,0.154387,0
2,22,-2.38865,-0.869888,-2.53926,0,0.0136831,0,0,0.0274665,0
3,22,-1.41441,2.36462,-0.269091,0,0.000683224,0,0,0.570371,0
4,22,-1.16639,0.188479,-0.851985,0,-0.0135547,0,0,0.475097,0
5,22,-1.85516,0.471907,0.844502,0,-0.0099292,0,0,0.263701,0
6,22,-1.93763,-0.118037,1.25474,0,0.0486552,0,0,0.452055,0
7,22,-2.04051,1.83307,-0.382128,0,-0.0310261,0,0,0.823321,0
8,22,-0.926447,-0.330009,-1.64798,0,0.0015032,0,0,0.0546178,0
9,22,-1.46453,0.623545,-2.52957,0,-0.0124478,0,0,0.569638,0
10,22,-2.08327,0.670111,-1.21994,0,-0.0211005,0,0,0.17015,0
1,23,-1.92675,-1.2639,0.515287,0,0.0121665,0,0,-0.174624,0
2,23,-0.797009,0.415686,0.30905,0,0.0213954,0,0,-0.473695,0
3,23,0.327354,0.0541449,-2.06153,0,0.0176442,0,0,-0.383771,0
4,23,-0.642472,-0.698298,-1.25325,0,-0.0134547,0,0,-0.586091,0
5,23,-0.293802,1.12347,0.946964,0,0.0178796,0,0,-0.650885,0
6,23,-1.05746,0.7342,0.166336,0,0.0111378,0,0,-0.541506,0
7,23,-0.360969,0.0280331,0.317039,0,0.00853534,0,0,-0.30936,0
8,23,0.177108,-0.930549,-0.931907,0,-0.0114598,0,0,-0.43051,0
9,23,-0.845193,-0.359621,-1.2765,0,-0.0203877,0,0,-0.472551,0
10,23,-0.541742,1.80255,0.143749,0,-0.0183406,0,0,-0.10845,0
1,24,-0.16853,-0.431866,-0.484486,0,-0.00961262,0,0,-0.943884,0
2,24,0.28552,-1.2024,-1.0652,0,0.00652679,0,0,-0.46104,0
3,24,-0.125663,0.10948,0.280744,0,0.000802281,0,0,-0.344063,0
4,24,-0.391844,-0.756278,-1.01128,0,-0.00962132,0,0,-0.191104,0
5,24,0.364815,0.407814,0.0057524,0,-0.00493287,0,0,0.0703559,0
6,24,-0.417738,-0.852216,-0.115586,0,0.00727554,0,0,-0.186097,0
7,24,0.041947,1.49294,0.641266,0,0.0123791,0,0,-0.256601,0
8,24,-0.151191,0.617465,0.412206,0,0.00372867,0,0,-0.563282,0
9,24,-0.609978,-0.227858,-0.154197,0,0.0245423,0,0,-0.186244,0
10,24,0.0203233,0.659125,0.695401,0,0.0312189,0,0,-0.290194,0
1,25,-0.27616,-1.72125,1.11517,0,-0.0235974,0,0,0.420835,0
2,25,0.450831,-0.362815,-1.43829,0,-0.00899038,0,0,0.434734,0
3,25,0.0123941,0.329981,0.294361,0,-0.0105095,0,0,0.247914,0
4,25,-0.329354,1.81431,2.92032,0,0.0167728,0,0,-0.301116,0
5,25,-0.242712,-0.1457,0.992982,0,-0.0173763,0,0,0.200539,0
6,25,0.603835,-0.684276,0.781976,0,0.00215747,0,0,0.535389,0
7,25,-0.459424,0.84386,0.489451,0,-0.000793503,0,0,-0.12723,0
8,25,-0.415411,-0.0459625,1.35442,0,-0.00936711,0,0,0.52135,0
9,25,0.192,0.976072,1.52428,0,0.0018437,0,0,0.376102,0
10,25,0.0536215,0.55172,-0.371255,0,-0.0170196,0,0,0.425643,0
1,26,-0.024556,0.228113,0.665295,0,0.0187341,0,0,-0.00433844,0
2,26,-0.377231,1.13489,0.672807,0,-0.00437538,0,0,0.370447,0
3,26,0.127749,0.55726,-0.758985,0,0.00583883,0,0,0.296445,0
4,26,-0.550616,-1.3336,-0.663809,0,0.00771677,0,0,0.0582285,0
5,26,-0.615264,0.88512,-0.256596,0,-0.0246641,0,0,-0.195973,0
6,26,-1.50506,-1.80708,1.0396,0,0.0141354,0,0,0.241427,0
7,26,-0.280268,1.55262,0.250915,0,0.0140129,0,0,-0.0267852,0
8,26,0.695588,0.470039,-0.220385,0,0.0242046,0,0,-0.0340301,0
9,26,-0.513425,-0.221553,0.112675,0,-0.0128622,0,0,-0.156189,0
10,26,-1.74517,0.27211,0.461628,0,-0.0334239,0,0,-0.196263,0
1,27,-1.26024,-2.6611,0.150774,0,0.0111983,0,0,-0.591306,0
2,27,-1.10111,-0.183794,0.684241,0,-0.0057762,0,0,-0.139584,0
3,27,-1.18653,-0.15922,1.11295,0,0.00766166,0,0,-0.146086,0
4,27,-0.600214,0.661738,-1.3303,0,-0.0171841,0,0,0.137008,0
5,27,-0.018765,-0.813525,-1.47709,0,0.00205097,0,0,-0.309535,0
6,27,-1.01943,0.483951,0.775953,0,-0.0276671,0,0,-0.22644,0
7,27,-0.493887,1.49409,0.62839,0,-0.0027943,0,0,0.16847,0
8,27,-0.653415,0.279566,1.08285,0,-0.00185678,0,0,-0.228086,0
9,27,-0.560146,1.52791,-0.343705,0,0.0067006,0,0,-0.631883,0
10,27,-0.722792,0.0601249,0.446331,0,0.00173666,0,0,-0.450287,0
1,28,0.570175,0.7093,-0.18639,0,0.0227557,0,0,-0.851942,0
2,28,0.650929,0.265746,-1.16492,0,0.00581667,0,0,-0.195373,0
3,28,0.646119,0.233838,-0.0837145,0,0.0158801,0,0,-0.845644,0
4,28,0.179187,-1.33939,-0.0724944,0,-0.00323111,0,0,-0.547834,0
5,28,-0.532056,-0.101101,0.270874,0,-0.0269539,0,0,-0.15877,0
6,28,0.521627,-0.0668083,0.221308,0,0.0267048,0,0,0.330042,0
7,28,0.269015,1.47821,-0.182719,0,0.00137147,0,0,0.220334,0
8,28,-0.450636,0.108257,-0.357986,0,-0.00543328,0,0,0.354951,0
9,28,-0.172802,1.62832,0.676846,0,-0.0198311,0,0,0.440099,0
10,28,0.239848,0.804435,-0.672452,0,-0.0166908,0,0,0.307462,0
1,29,-0.652774,1.49348,-1.62424,0,-0.00935393,0,0,0.0729205,0
2,29,-1.52918,0.0481951,0.921317,0,0.0117321,0,0,0.134966,0
3,29,-2.41529,0.419046,0.209161,0,0.0173229,0,0,-0.0128556,0
4,29,-1.046,1.18939,0.6289,0,0.0298945,0,0,-0.216195,0
5,29,-1.14005,-0.147725,-0.648277,0,0.014126,0,0,-0.47636,0
6,29,-1.97869,1.01367,0.465929,0,-0.018253,0,0,0.15247,0
7,29,-1.05951,0.734936,-0.793663,0,0.00703497,0,0,-0.26988,0
8,29,-2.32077,0.976268,-0.394231,0,0.00164934,0,0,0.0246716,0
9,29,-1.50614,-0.431635,0.105426,0,0.00851943,0,0,0.0760194,0
10,29,-2.03267,0.937735,0.0492758,0,0.0127354,0,0,-0.670462,0
1,30,0.944067,-0.914096,-1.05053,0,0.0174074,0,0,0.160948,0
2,30,0.551627,0.227054,-0.744657,0,0.0204684,0,0,-0.400087,0
3,30,0.874996,-0.491209,-0.943538,0,0.0239656,0,0,0.116982,0
4,30,0.213406,-0.135306,-0.480099,0,0.0364567,0,0,-0.337999,0
5,30,-0.124604,-0.163388,0.00597455,0,-0.00421971,0,0,-0.258565,0
6,30,-0.512126,-1.886,0.284017,0,-0.027702,0,0,0.0756415,0
7,30,0.468154,1.31979,1.3133,0,-0.0123349,0,0,0.226143,0
8,30,0.6265,-0.219669,1.87145,0,0.0447461,0,0,-0.657999,0
9,30,-0.384908,-0.587038,0.606331,0,-0.004876,0,0,0.00545365,0
10,30,0.0181916,-0.859213,1.14348,0,0.029449,0,0,0.0792754,0
1,31,0.591602,-0.180146,-0.973285,0,0.00319471,0,0,0.208571,0
2,31,-0.0986336,-1.67251,-1.03494,0,-0.0101823,0,0,0.0657925,0
3,31,0.0396095,-0.702695,-0.894397,0,-0.0154708,0,0,-0.0690227,0
4,31,0.761705,1.65936,0.55185,0,0.00594972,0,0,-0.386003,0
5,31,0.422943,0.668505,-0.447841,0,-0.00867911,0,0,-0.0622267,0
6,31,-0.531455,-0.790604,0.589568,0,0.0180455,0,0,0.0358866,0
7,31,-0.467844,-1.16371,0.573402,0,0.0143793,0,0,-0.521221,0
8,31,-0.294159,0.64895,2.36177,0,0.0168656,0,0,0.272496,0
9,31,-0.575419,-0.932714,0.835681,0,0.00891519,0,0,0.428435,0
10,31,0.230081,-0.829849,-0.867509,0,0.00525751,0,0,0.0706863,0
1,32,-3.20274,1.51069,-0.986288,0,-0.0182775,0,0,-0.466604,0
2,32,-3.19397,0.980224,-0.215081,0,0.0130626,0,0,-0.251518,0
3,32,-2.59599,-1.28261,-0.48949,0,0.0148117,0,0,-0.360314,0
4,32,-3.78311,2.64299,-2.18761,0,-0.0273583,0,0,-0.244721,0
5,32,-2.73009,0.427246,0.289031,0,0.0317456,0,0,-1.00343,0
6,32,-2.66077,1.86076,-0.592678,0,0.00565381,0,0,-0.917386,0
7,32,-3.59892,-0.781605,0.202836,0,-0.00694289,0,0,-0.803611,0
8,32,-1.837,2.21063,-2.51899,0,-0.023221,0,0,-0.440606,0
9,32,-1.93567,0.838886,-1.72121,0,0.00992968,0,0,-0.138536,0
10,32,-1.46517,1.42484,-1.87585,0,0.00523059,0,0,-0.438808,0
1,33,0.123998,-0.193713,1.11054,0,0.0279694,0,0,0.234488,0
2,33,-0.0708409,-0.542842,1.02164,0,0.0201833,0,0,0.239093,0
3,33,0.649433,1.14346,-1.24131,0,-0.00452747,0,0,-0.6307,0
4,33,0.724126,0.67508,0.318673,0,0.0432028,0,0,-0.829235,0
5,33,1.0185,-1.07684,-0.879002,0,0.0473585,0,0,-0.369368,0
6,33,0.124299,-1.80083,0.184153,0,-0.00829947,0,0,0.621661,0
7,33,0.300171,-0.0557078,-0.858237,0,-0.0298489,0,0,0.502973,0
8,33,-0.197356,1.04337,1.28185,0,-0.0155784,0,0,0.591617,0
9,33,0.747982,0.476493,-1.62748,0,-0.0136521,0,0,0.49173,0
10,33,0.137506,-0.991405,-1.86115,0,-0.0245596,0,0,0.821879,0
1,34,0.0600696,-1.02556,-0.558321,0,0.0127972,0,0,0.285802,0
2,34,0.0543788,-0.887272,-0.218831,0,-0.0225448,0,0,0.995555,0
3,34,0.938588,-0.221375,-1.80217,0,-0.0271871,0,0,1.05053,0
4,34,0.577788,-1.35935,-0.835328,0,0.00138655,0,0,0.851847,0
5,34,-0.0891928,1.66392,1.24313,0,-0.00731814,0,0,0.451895,0
6,34,0.241699,-0.0339909,0.351826,0,-0.016041,0,0,0.382956,0
7,34,-0.0565031,0.836301,0.540239,0,-0.00876638,0,0,0.0123896,0
8,34,0.696857,1.2314,-0.215537,0,0.0064516,0,0,0.0792918,0
9,34,-0.380269,-0.0939789,0.824595,0,-0.0170881,0,0,-0.35233,0
10,34,-0.0590394,-0.683345,0.948439,0,0.0049845,0,0,-0.372856,0
