rep,id_var,initT_simulated,aS_simulated,dS_simulated,lBt0_simulated,lk_simulated,lae_simulated,lw_simulated,dE_simulated,eta_initT_simulated,eta_aS_simulated,eta_dS_simulated,eta_lBt0_simulated,eta_lk_simulated,eta_lae_simulated,eta_lw_simulated,eta_dE_simulated,data,split,color,filter
1,35,-15.3832,-5.40772,2.74604,0.0181847,-4.73733,-0.0166572,-2.99573,0,-4.95844,-0.0190397,4.6,0,-0.105361,0,-4.24925,0.543684,thai,All,#4682B4,0
2,35,-11.7684,-1.79296,2.74276,0.0149033,-4.73899,-0.0183202,-2.99573,0,-4.92771,0.0116922,4.6,0,-0.105361,0,-4.53091,0.262018,thai,All,#4682B4,0
3,35,-14.2785,-4.30306,2.68006,-0.0477953,-4.73423,-0.0135597,-2.99573,0,-4.93884,0.000561906,4.6,0,-0.105361,0,-5.24216,-0.449226,thai,All,#4682B4,0
4,35,-14.4754,-4.49996,2.72829,0.000434627,-4.694,0.0266727,-2.99573,0,-4.93151,0.00789697,4.6,0,-0.105361,0,-4.86869,-0.0757564,thai,All,#4682B4,0
5,35,-10.7266,-0.751175,2.7314,0.00355001,-4.7814,-0.0607253,-2.99573,0,-4.93406,0.00533918,4.6,0,-0.105361,0,-4.4866,0.306336,thai,All,#4682B4,0
6,35,-12.7499,-2.77442,2.76151,0.0336537,-4.7653,-0.0446299,-2.99573,0,-4.93756,0.00184118,4.6,0,-0.105361,0,-3.84147,0.951459,thai,All,#4682B4,0
7,35,-13.4442,-3.46869,2.70003,-0.0278183,-4.72332,-0.00264479,-2.99573,0,-4.92893,0.0104703,4.6,0,-0.105361,0,-4.54263,0.250301,thai,All,#4682B4,0
8,35,-16.6072,-6.63175,2.72508,-0.0027737,-4.67966,0.0410143,-2.99573,0,-4.94511,-0.00570704,4.6,0,-0.105361,0,-4.32503,0.467908,thai,All,#4682B4,0
9,35,-14.1737,-4.19826,2.7166,-0.0112532,-4.74117,-0.0205005,-2.99573,0,-4.93413,0.00527622,4.6,0,-0.105361,0,-4.60753,0.1854,thai,All,#4682B4,0
10,35,-13.8703,-3.89479,2.74562,0.0177688,-4.72764,-0.00697035,-2.99573,0,-4.9392,0.000206298,4.6,0,-0.105361,0,-5.68414,-0.89121,thai,All,#4682B4,0
1,36,-5.4261,4.54938,2.73712,0.00926699,-4.7312,-0.0105285,-2.99573,0,-4.94023,-0.00082842,4.6,0,-0.105361,0,-4.21859,0.574342,thai,All,#4682B4,0
2,36,-4.79567,5.1798,2.72843,0.000574264,-4.71484,0.00583288,-2.99573,0,-4.92969,0.00970994,4.6,0,-0.105361,0,-4.06939,0.72354,thai,All,#4682B4,0
3,36,-5.63884,4.33664,2.73107,0.00321607,-4.73332,-0.0126511,-2.99573,0,-4.94874,-0.00933961,4.6,0,-0.105361,0,-3.93301,0.859926,thai,All,#4682B4,0
4,36,-4.8254,5.15007,2.72504,-0.00281514,-4.72513,-0.00445965,-2.99573,0,-4.94685,-0.00744365,4.6,0,-0.105361,0,-3.54894,1.24399,thai,All,#4682B4,0
5,36,-5.54847,4.427,2.71178,-0.0160696,-4.6855,0.0351707,-2.99573,0,-4.94302,-0.00362027,4.6,0,-0.105361,0,-4.42312,0.369816,thai,All,#4682B4,0
6,36,-5.21565,4.75983,2.74241,0.014561,-4.68331,0.0373644,-2.99573,0,-4.94845,-0.00905021,4.6,0,-0.105361,0,-4.24104,0.551894,thai,All,#4682B4,0
7,36,-3.98932,5.98615,2.73123,0.00337872,-4.71813,0.00254138,-2.99573,0,-4.92209,0.0173114,4.6,0,-0.105361,0,-5.06674,-0.273805,thai,All,#4682B4,0
8,36,-7.92777,2.0477,2.66048,-0.0673752,-4.69017,0.0304974,-2.99573,0,-4.93805,0.00135672,4.6,0,-0.105361,0,-4.33889,0.454041,thai,All,#4682B4,0
9,36,-5.67441,4.30106,2.72817,0.000318202,-4.69762,0.0230495,-2.99573,0,-4.95414,-0.0147402,4.6,0,-0.105361,0,-3.91887,0.87406,thai,All,#4682B4,0
10,36,-4.15599,5.81948,2.75317,0.0253175,-4.75317,-0.0324979,-2.99573,0,-4.95211,-0.0127119,4.6,0,-0.105361,0,-4.80625,-0.0133123,thai,All,#4682B4,0
1,37,-12.1412,-2.16568,2.71027,-0.0175863,-4.71113,0.00954468,-2.99573,0,-4.93662,0.00278623,4.6,0,-0.105361,0,-5.02186,-0.228931,thai,All,#4682B4,0
2,37,-12.5369,-2.56144,2.72887,0.00102266,-4.7077,0.0129666,-2.99573,0,-4.94456,-0.00515591,4.6,0,-0.105361,0,-4.69151,0.101421,thai,All,#4682B4,0
3,37,-12.789,-2.81349,2.7277,-0.000153076,-4.71796,0.00271366,-2.99573,0,-4.94734,-0.00794164,4.6,0,-0.105361,0,-4.33721,0.455723,thai,All,#4682B4,0
4,37,-13.0056,-3.03014,2.71425,-0.0135997,-4.73086,-0.0101938,-2.99573,0,-4.95528,-0.0158763,4.6,0,-0.105361,0,-4.6143,0.178633,thai,All,#4682B4,0
5,37,-12.9771,-3.00158,2.73372,0.00587114,-4.70569,0.0149825,-2.99573,0,-4.93878,0.000627357,4.6,0,-0.105361,0,-5.13735,-0.344412,thai,All,#4682B4,0
6,37,-9.93903,0.0364472,2.72606,-0.00179558,-4.72922,-0.00854746,-2.99573,0,-4.93606,0.00334022,4.6,0,-0.105361,0,-5.07204,-0.279106,thai,All,#4682B4,0
7,37,-10.7356,-0.760148,2.74351,0.0156602,-4.7744,-0.0537321,-2.99573,0,-4.94121,-0.0018117,4.6,0,-0.105361,0,-5.88544,-1.09251,thai,All,#4682B4,0
8,37,-12.8457,-2.87023,2.69513,-0.0327253,-4.70872,0.0119472,-2.99573,0,-4.93067,0.00873351,4.6,0,-0.105361,0,-4.67173,0.1212,thai,All,#4682B4,0
9,37,-13.9387,-3.96322,2.72644,-0.00141621,-4.67059,0.0500826,-2.99573,0,-4.92314,0.0162611,4.6,0,-0.105361,0,-4.08553,0.707405,thai,All,#4682B4,0
10,37,-9.28758,0.687895,2.70885,-0.0189985,-4.78427,-0.0636036,-2.99573,0,-4.92514,0.0142618,4.6,0,-0.105361,0,-5.07219,-0.279257,thai,All,#4682B4,0
1,38,-10.3093,-0.333807,2.72973,0.00187518,-4.74179,-0.0211192,-2.99573,0,-4.93372,0.00568533,4.6,0,-0.105361,0,-4.8851,-0.092165,thai,All,#4682B4,0
2,38,-12.3428,-2.36736,2.7166,-0.0112539,-4.71385,0.00682083,-2.99573,0,-4.93697,0.00243736,4.6,0,-0.105361,0,-4.09091,0.702027,thai,All,#4682B4,0
3,38,-9.31176,0.663717,2.7075,-0.0203493,-4.76596,-0.0452905,-2.99573,0,-4.92713,0.0122746,4.6,0,-0.105361,0,-5.04168,-0.248745,thai,All,#4682B4,0
4,38,-10.0772,-0.101707,2.7698,0.0419518,-4.68107,0.0396008,-2.99573,0,-4.93847,0.000928159,4.6,0,-0.105361,0,-4.51848,0.274452,thai,All,#4682B4,0
5,38,-8.99927,0.976209,2.74528,0.0174297,-4.7357,-0.0150297,-2.99573,0,-4.94137,-0.00197173,4.6,0,-0.105361,0,-5.73983,-0.946898,thai,All,#4682B4,0
6,38,-10.4416,-0.466118,2.74645,0.0185951,-4.73342,-0.0127533,-2.99573,0,-4.94535,-0.00595078,4.6,0,-0.105361,0,-4.621,0.171933,thai,All,#4682B4,0
7,38,-10.6086,-0.633141,2.71743,-0.0104194,-4.70969,0.0109807,-2.99573,0,-4.92873,0.0106718,4.6,0,-0.105361,0,-4.76327,0.0296641,thai,All,#4682B4,0
8,38,-14.7014,-4.72588,2.71026,-0.0175955,-4.67482,0.0458476,-2.99573,0,-4.95287,-0.0134709,4.6,0,-0.105361,0,-4.55268,0.240249,thai,All,#4682B4,0
9,38,-10.0203,-0.0448662,2.74011,0.0122559,-4.72662,-0.00595288,-2.99573,0,-4.93628,0.00312329,4.6,0,-0.105361,0,-4.52726,0.265676,thai,All,#4682B4,0
10,38,-8.35632,1.61915,2.7518,0.02395,-4.74148,-0.0208049,-2.99573,0,-4.93269,0.00671728,4.6,0,-0.105361,0,-3.88917,0.903763,thai,All,#4682B4,0
1,39,-6.09852,3.87695,2.73848,0.010625,-4.72024,0.00042984,-2.99573,0,-4.94549,-0.00608599,4.6,0,-0.105361,0,-5.07985,-0.286922,thai,All,#4682B4,0
2,39,-8.06932,1.90615,2.76195,0.0340947,-4.65952,0.0611479,-2.99573,0,-4.95938,-0.0199735,4.6,0,-0.105361,0,-4.91168,-0.118752,thai,All,#4682B4,0
3,39,-7.9982,1.97728,2.70897,-0.0188848,-4.70448,0.0161879,-2.99573,0,-4.94256,-0.00315774,4.6,0,-0.105361,0,-4.9032,-0.110264,thai,All,#4682B4,0
4,39,-8.6153,1.36017,2.71003,-0.0178254,-4.59613,0.124543,-2.99573,0,-4.9379,0.00149821,4.6,0,-0.105361,0,-5.18778,-0.394845,thai,All,#4682B4,0
5,39,-6.38072,3.59475,2.73789,0.010042,-4.68219,0.0384848,-2.99573,0,-4.94028,-0.000872609,4.6,0,-0.105361,0,-4.53827,0.254667,thai,All,#4682B4,0
6,39,-7.85739,2.11808,2.74037,0.0125156,-4.69163,0.0290449,-2.99573,0,-4.94719,-0.00779038,4.6,0,-0.105361,0,-4.00343,0.789504,thai,All,#4682B4,0
7,39,-8.81493,1.16055,2.70067,-0.0271846,-4.71948,0.0011912,-2.99573,0,-4.94647,-0.00706275,4.6,0,-0.105361,0,-4.57364,0.219292,thai,All,#4682B4,0
8,39,-6.11381,3.86166,2.71578,-0.0120677,-4.70257,0.0181051,-2.99573,0,-4.93355,0.00585398,4.6,0,-0.105361,0,-4.80907,-0.0161346,thai,All,#4682B4,0
9,39,-12.0317,-2.05619,2.6892,-0.0386525,-4.64236,0.0783119,-2.99573,0,-4.94828,-0.00887584,4.6,0,-0.105361,0,-4.49208,0.300854,thai,All,#4682B4,0
10,39,-6.83213,3.14334,2.72784,-1.58203e-05,-4.74429,-0.0236245,-2.99573,0,-4.95656,-0.0171555,4.6,0,-0.105361,0,-4.63621,0.156724,thai,All,#4682B4,0
1,40,-14.6035,-4.62798,2.73748,0.00963172,-4.69815,0.0225234,-2.99573,0,-4.94326,-0.0038533,4.6,0,-0.105361,0,-4.79122,0.00171494,thai,All,#4682B4,0
2,40,-12.7327,-2.75725,2.74804,0.0201837,-4.69365,0.0270245,-2.99573,0,-4.94584,-0.00643946,4.6,0,-0.105361,0,-4.52236,0.270574,thai,All,#4682B4,0
3,40,-8.85564,1.11983,2.73249,0.00463898,-4.74713,-0.0264593,-2.99573,0,-4.91688,0.0225226,4.6,0,-0.105361,0,-4.33203,0.460901,thai,All,#4682B4,0
4,40,-10.9,-0.924558,2.72512,-0.00272943,-4.76562,-0.0449529,-2.99573,0,-4.92804,0.0113677,4.6,0,-0.105361,0,-5.45243,-0.659499,thai,All,#4682B4,0
5,40,-12.1193,-2.14384,2.71424,-0.0136125,-4.76308,-0.0424055,-2.99573,0,-4.93974,-0.000332711,4.6,0,-0.105361,0,-5.1529,-0.359971,thai,All,#4682B4,0
6,40,-14.635,-4.65955,2.69563,-0.0322267,-4.71766,0.00300833,-2.99573,0,-4.94446,-0.00505564,4.6,0,-0.105361,0,-5.42635,-0.633415,thai,All,#4682B4,0
7,40,-13.3556,-3.38015,2.7182,-0.00965456,-4.76819,-0.0475206,-2.99573,0,-4.93852,0.000880084,4.6,0,-0.105361,0,-5.55048,-0.757547,thai,All,#4682B4,0
8,40,-11.4257,-1.45027,2.73773,0.00987722,-4.71789,0.00277822,-2.99573,0,-4.93683,0.0025696,4.6,0,-0.105361,0,-4.79482,-0.00188378,thai,All,#4682B4,0
9,40,-12.621,-2.64552,2.72115,-0.00670626,-4.70453,0.0161378,-2.99573,0,-4.93978,-0.000377524,4.6,0,-0.105361,0,-4.74265,0.0502877,thai,All,#4682B4,0
10,40,-12.3657,-2.39019,2.75142,0.0235663,-4.71726,0.00341225,-2.99573,0,-4.94297,-0.00357058,4.6,0,-0.105361,0,-4.28057,0.512359,thai,All,#4682B4,0
1,41,-10.6929,-0.717444,2.70095,-0.0268979,-4.69065,0.0300243,-2.99573,0,-4.93766,0.00174738,4.6,0,-0.105361,0,-4.34727,0.445667,thai,All,#4682B4,0
2,41,-7.58755,2.38792,2.75556,0.027712,-4.73191,-0.0112442,-2.99573,0,-4.94156,-0.00215585,4.6,0,-0.105361,0,-4.72132,0.0716111,thai,All,#4682B4,0
3,41,-7.18227,2.79321,2.70718,-0.0206763,-4.79804,-0.0773652,-2.99573,0,-4.933,0.00640079,4.6,0,-0.105361,0,-4.97947,-0.186537,thai,All,#4682B4,0
4,41,-5.30767,4.66781,2.75274,0.0248845,-4.75204,-0.0313696,-2.99573,0,-4.92429,0.0151087,4.6,0,-0.105361,0,-4.93936,-0.146425,thai,All,#4682B4,0
5,41,-7.2138,2.76167,2.77308,0.0452257,-4.7449,-0.0242337,-2.99573,0,-4.93411,0.00529078,4.6,0,-0.105361,0,-5.56737,-0.774438,thai,All,#4682B4,0
6,41,-9.40765,0.567825,2.71605,-0.0118063,-4.67389,0.0467808,-2.99573,0,-4.95289,-0.0134888,4.6,0,-0.105361,0,-5.36392,-0.570991,thai,All,#4682B4,0
7,41,-7.6131,2.36238,2.70832,-0.0195294,-4.75682,-0.0361446,-2.99573,0,-4.94207,-0.00266442,4.6,0,-0.105361,0,-4.60107,0.19186,thai,All,#4682B4,0
8,41,-8.77762,1.19786,2.70671,-0.0211383,-4.70966,0.011008,-2.99573,0,-4.9316,0.00779865,4.6,0,-0.105361,0,-5.2645,-0.471567,thai,All,#4682B4,0
9,41,-9.05871,0.91677,2.7348,0.00694296,-4.71986,0.000814286,-2.99573,0,-4.9563,-0.0168936,4.6,0,-0.105361,0,-4.53293,0.260004,thai,All,#4682B4,0
10,41,-10.4864,-0.510925,2.75511,0.0272611,-4.68497,0.035698,-2.99573,0,-4.95335,-0.0139448,4.6,0,-0.105361,0,-5.51198,-0.719047,thai,All,#4682B4,0
1,42,-9.46459,0.510888,2.7472,0.019352,-4.74183,-0.021155,-2.99573,0,-4.95036,-0.0109576,4.6,0,-0.105361,0,-5.6862,-0.893271,thai,All,#4682B4,0
2,42,-8.44292,1.53255,2.74242,0.0145723,-4.71665,0.00401768,-2.99573,0,-4.93786,0.00153969,4.6,0,-0.105361,0,-4.75892,0.0340148,thai,All,#4682B4,0
3,42,-8.37763,1.59784,2.73425,0.00639558,-4.73455,-0.0138815,-2.99573,0,-4.93376,0.00564541,4.6,0,-0.105361,0,-5.11776,-0.324829,thai,All,#4682B4,0
4,42,-9.57964,0.395834,2.70607,-0.0217797,-4.74069,-0.0200236,-2.99573,0,-4.94593,-0.00652784,4.6,0,-0.105361,0,-4.40828,0.384656,thai,All,#4682B4,0
5,42,-9.9313,0.0441767,2.68892,-0.0389362,-4.72753,-0.0068598,-2.99573,0,-4.94303,-0.00362666,4.6,0,-0.105361,0,-3.75882,1.03411,thai,All,#4682B4,0
6,42,-9.74529,0.230186,2.71789,-0.00996343,-4.71889,0.00178384,-2.99573,0,-4.94176,-0.00235696,4.6,0,-0.105361,0,-4.46469,0.328239,thai,All,#4682B4,0
7,42,-7.71054,2.26494,2.73104,0.00318949,-4.7664,-0.0457249,-2.99573,0,-4.93783,0.0015742,4.6,0,-0.105361,0,-4.99303,-0.200099,thai,All,#4682B4,0
8,42,-9.75663,0.218845,2.71507,-0.012778,-4.71977,0.000898001,-2.99573,0,-4.93981,-0.000411262,4.6,0,-0.105361,0,-4.75355,0.0393818,thai,All,#4682B4,0
9,42,-7.50287,2.47261,2.73956,0.01171,-4.76875,-0.048077,-2.99573,0,-4.93307,0.00633565,4.6,0,-0.105361,0,-5.26517,-0.472242,thai,All,#4682B4,0
10,42,-7.4805,2.49498,2.75259,0.0247382,-4.67066,0.050013,-2.99573,0,-4.93076,0.00864045,4.6,0,-0.105361,0,-5.29095,-0.498014,thai,All,#4682B4,0
1,43,-8.1846,1.79087,2.72116,-0.00669183,-4.73857,-0.0178998,-2.99573,0,-4.9425,-0.0030951,4.6,0,-0.105361,0,-4.94666,-0.153724,thai,All,#4682B4,0
2,43,-6.89012,3.08536,2.74692,0.0190653,-4.74555,-0.0248838,-2.99573,0,-4.93211,0.00729384,4.6,0,-0.105361,0,-4.74806,0.0448758,thai,All,#4682B4,0
3,43,-6.48613,3.48934,2.74016,0.0123029,-4.77758,-0.0569084,-2.99573,0,-4.9416,-0.00219326,4.6,0,-0.105361,0,-4.01863,0.774307,thai,All,#4682B4,0
4,43,-7.68231,2.29316,2.72412,-0.00373248,-4.74972,-0.0290455,-2.99573,0,-4.94634,-0.0069327,4.6,0,-0.105361,0,-4.43636,0.356571,thai,All,#4682B4,0
5,43,-8.46097,1.5145,2.72404,-0.00381425,-4.7521,-0.0314273,-2.99573,0,-4.93548,0.00392135,4.6,0,-0.105361,0,-4.82946,-0.0365223,thai,All,#4682B4,0
6,43,-7.86435,2.11113,2.74423,0.0163776,-4.74188,-0.0212064,-2.99573,0,-4.94403,-0.0046282,4.6,0,-0.105361,0,-4.46239,0.330543,thai,All,#4682B4,0
7,43,-11.2141,-1.23866,2.70113,-0.0267244,-4.68083,0.0398408,-2.99573,0,-4.94023,-0.000827291,4.6,0,-0.105361,0,-5.42104,-0.628111,thai,All,#4682B4,0
8,43,-13.1668,-3.19129,2.73869,0.0108362,-4.65398,0.0666918,-2.99573,0,-4.95083,-0.0114263,4.6,0,-0.105361,0,-5.14082,-0.34789,thai,All,#4682B4,0
9,43,-11.2762,-1.30069,2.70654,-0.0213109,-4.69811,0.0225631,-2.99573,0,-4.94846,-0.0090547,4.6,0,-0.105361,0,-5.90832,-1.11538,thai,All,#4682B4,0
10,43,-6.85356,3.12191,2.74502,0.0171715,-4.71697,0.0036975,-2.99573,0,-4.93925,0.00015116,4.6,0,-0.105361,0,-5.3272,-0.534267,thai,All,#4682B4,0
1,44,-13.0312,-3.05571,2.72057,-0.00728257,-4.72077,-0.000102581,-2.99573,0,-4.94625,-0.00684996,4.6,0,-0.105361,0,-4.64954,0.143394,thai,All,#4682B4,0
2,44,-13.1157,-3.14021,2.70058,-0.0272749,-4.70371,0.0169605,-2.99573,0,-4.92923,0.010174,4.6,0,-0.105361,0,-4.48387,0.309068,thai,All,#4682B4,0
3,44,-11.6279,-1.6524,2.73848,0.0106263,-4.71114,0.00953465,-2.99573,0,-4.94046,-0.00105264,4.6,0,-0.105361,0,-4.94461,-0.151682,thai,All,#4682B4,0
4,44,-11.8301,-1.85465,2.71891,-0.00893975,-4.72062,5.38711e-05,-2.99573,0,-4.92792,0.0114802,4.6,0,-0.105361,0,-4.44904,0.343897,thai,All,#4682B4,0
5,44,-13.5199,-3.5444,2.75957,0.0317148,-4.7468,-0.0261302,-2.99573,0,-4.94907,-0.00966661,4.6,0,-0.105361,0,-4.7135,0.0794298,thai,All,#4682B4,0
6,44,-14.3033,-4.32779,2.7565,0.0286513,-4.69763,0.0230376,-2.99573,0,-4.94193,-0.00253078,4.6,0,-0.105361,0,-5.15514,-0.362204,thai,All,#4682B4,0
7,44,-13.3496,-3.37417,2.72965,0.00179408,-4.71465,0.0060194,-2.99573,0,-4.93874,0.000662274,4.6,0,-0.105361,0,-4.21717,0.575761,thai,All,#4682B4,0
8,44,-11.5567,-1.58121,2.72529,-0.00255978,-4.79223,-0.071564,-2.99573,0,-4.93083,0.00857173,4.6,0,-0.105361,0,-5.09753,-0.304597,thai,All,#4682B4,0
9,44,-11.7026,-1.72708,2.73883,0.0109762,-4.70762,0.0130495,-2.99573,0,-4.94281,-0.00340849,4.6,0,-0.105361,0,-4.45784,0.33509,thai,All,#4682B4,0
10,44,-14.0811,-4.10562,2.73735,0.00950247,-4.69012,0.030554,-2.99573,0,-4.9351,0.00429806,4.6,0,-0.105361,0,-4.68811,0.10482,thai,All,#4682B4,0
1,45,-6.28774,3.68774,2.74148,0.0136309,-4.68965,0.0310254,-2.99573,0,-4.93555,0.00385024,4.6,0,-0.105361,0,-4.43974,0.353189,thai,All,#4682B4,0
2,45,-8.07411,1.90136,2.74108,0.0132328,-4.64442,0.0762482,-2.99573,0,-4.9377,0.00169895,4.6,0,-0.105361,0,-4.26262,0.53031,thai,All,#4682B4,0
3,45,-5.58222,4.39325,2.74664,0.0187872,-4.72353,-0.00285872,-2.99573,0,-4.94272,-0.00331653,4.6,0,-0.105361,0,-4.67901,0.11392,thai,All,#4682B4,0
4,45,-6.46576,3.50971,2.72041,-0.00744469,-4.66828,0.0523952,-2.99573,0,-4.93335,0.00605246,4.6,0,-0.105361,0,-4.81441,-0.0214746,thai,All,#4682B4,0
5,45,-8.54172,1.43376,2.71796,-0.00989669,-4.67724,0.0434321,-2.99573,0,-4.94186,-0.00245492,4.6,0,-0.105361,0,-5.15447,-0.361538,thai,All,#4682B4,0
6,45,-7.64794,2.32754,2.7183,-0.00955245,-4.68367,0.0370031,-2.99573,0,-4.94049,-0.00108716,4.6,0,-0.105361,0,-4.66734,0.125593,thai,All,#4682B4,0
7,45,-6.76278,3.2127,2.70411,-0.0237417,-4.71415,0.00652312,-2.99573,0,-4.95112,-0.0117219,4.6,0,-0.105361,0,-4.15242,0.640509,thai,All,#4682B4,0
8,45,-7.03871,2.93676,2.73226,0.00440746,-4.69124,0.0294299,-2.99573,0,-4.94266,-0.00325684,4.6,0,-0.105361,0,-4.61034,0.18259,thai,All,#4682B4,0
9,45,-8.46768,1.5078,2.7128,-0.0150514,-4.71979,0.000881775,-2.99573,0,-4.94816,-0.00875924,4.6,0,-0.105361,0,-4.40715,0.385787,thai,All,#4682B4,0
10,45,-7.55997,2.41551,2.74926,0.0214104,-4.68567,0.0349963,-2.99573,0,-4.94651,-0.00710788,4.6,0,-0.105361,0,-5.05044,-0.257509,thai,All,#4682B4,0
1,46,-11.8927,-1.9172,2.76227,0.034415,-4.77773,-0.0570603,-2.99573,0,-4.93934,6.7632e-05,4.6,0,-0.105361,0,-4.93842,-0.14549,thai,All,#4682B4,0
2,46,-12.9321,-2.95665,2.74011,0.0122585,-4.69215,0.0285186,-2.99573,0,-4.94308,-0.00368156,4.6,0,-0.105361,0,-4.43408,0.358856,thai,All,#4682B4,0
3,46,-12.584,-2.60855,2.71176,-0.0160959,-4.77317,-0.0524998,-2.99573,0,-4.93752,0.0018854,4.6,0,-0.105361,0,-4.90343,-0.110494,thai,All,#4682B4,0
4,46,-9.65814,0.317339,2.71897,-0.0088808,-4.73125,-0.0105754,-2.99573,0,-4.92272,0.0166862,4.6,0,-0.105361,0,-4.22822,0.564708,thai,All,#4682B4,0
5,46,-11.7651,-1.78965,2.72478,-0.00307188,-4.73149,-0.0108209,-2.99573,0,-4.93876,0.000645669,4.6,0,-0.105361,0,-4.97197,-0.179035,thai,All,#4682B4,0
6,46,-11.3657,-1.39021,2.73836,0.0105047,-4.72889,-0.00822264,-2.99573,0,-4.93882,0.000587098,4.6,0,-0.105361,0,-5.44655,-0.653614,thai,All,#4682B4,0
7,46,-9.30699,0.668488,2.72293,-0.00492271,-4.80407,-0.0833987,-2.99573,0,-4.92704,0.0123641,4.6,0,-0.105361,0,-4.80271,-0.0097756,thai,All,#4682B4,0
8,46,-13.5001,-3.52461,2.74764,0.0197911,-4.71627,0.00439609,-2.99573,0,-4.94902,-0.00962033,4.6,0,-0.105361,0,-4.87089,-0.0779562,thai,All,#4682B4,0
9,46,-12.3881,-2.41259,2.72418,-0.00367355,-4.69816,0.0225115,-2.99573,0,-4.93822,0.00118462,4.6,0,-0.105361,0,-4.16486,0.628075,thai,All,#4682B4,0
10,46,-10.0253,-0.0498324,2.75294,0.025089,-4.73168,-0.0110095,-2.99573,0,-4.93131,0.00808831,4.6,0,-0.105361,0,-4.88139,-0.0884608,thai,All,#4682B4,0
1,47,-7.90918,2.06629,2.7393,0.0114454,-4.65638,0.0642864,-2.99573,0,-4.92449,0.0149113,4.6,0,-0.105361,0,-4.96223,-0.169296,thai,All,#4682B4,0
2,47,-8.92958,1.0459,2.74055,0.0126971,-4.66691,0.0537594,-2.99573,0,-4.9314,0.00800178,4.6,0,-0.105361,0,-4.63572,0.157217,thai,All,#4682B4,0
3,47,-8.90092,1.07456,2.75819,0.0303348,-4.66665,0.0540179,-2.99573,0,-4.93162,0.00778213,4.6,0,-0.105361,0,-6.15288,-1.35995,thai,All,#4682B4,0
4,47,-5.87396,4.10152,2.75804,0.0301903,-4.702,0.0186708,-2.99573,0,-4.93309,0.00631156,4.6,0,-0.105361,0,-4.67087,0.122064,thai,All,#4682B4,0
5,47,-8.23172,1.74376,2.74503,0.0171766,-4.70251,0.018157,-2.99573,0,-4.93579,0.00361768,4.6,0,-0.105361,0,-5.04201,-0.249077,thai,All,#4682B4,0
6,47,-7.09573,2.87974,2.7478,0.0199513,-4.72292,-0.00225225,-2.99573,0,-4.93785,0.00155399,4.6,0,-0.105361,0,-4.36242,0.430517,thai,All,#4682B4,0
7,47,-8.64888,1.3266,2.74505,0.0172027,-4.69016,0.0305141,-2.99573,0,-4.95385,-0.0144496,4.6,0,-0.105361,0,-4.57038,0.222553,thai,All,#4682B4,0
8,47,-9.02164,0.95383,2.70862,-0.0192344,-4.68337,0.0373037,-2.99573,0,-4.93872,0.000686434,4.6,0,-0.105361,0,-4.56206,0.230875,thai,All,#4682B4,0
9,47,-6.7048,3.27067,2.73371,0.0058559,-4.73398,-0.0133105,-2.99573,0,-4.93051,0.00889057,4.6,0,-0.105361,0,-4.03736,0.755573,thai,All,#4682B4,0
10,47,-8.51624,1.45923,2.69739,-0.0304637,-4.67894,0.041729,-2.99573,0,-4.92423,0.0151755,4.6,0,-0.105361,0,-5.17048,-0.37755,thai,All,#4682B4,0
1,48,-9.02746,0.948012,2.73617,0.0083149,-4.68014,0.0405292,-2.99573,0,-4.92957,0.00982999,4.6,0,-0.105361,0,-5.33179,-0.538853,thai,All,#4682B4,0
2,48,-8.29819,1.67729,2.76216,0.0343031,-4.69835,0.0223173,-2.99573,0,-4.94268,-0.00328114,4.6,0,-0.105361,0,-4.41519,0.377746,thai,All,#4682B4,0
3,48,-6.44865,3.52682,2.73311,0.0052535,-4.70196,0.0187057,-2.99573,0,-4.9282,0.0111992,4.6,0,-0.105361,0,-5.15497,-0.362035,thai,All,#4682B4,0
4,48,-7.87987,2.0956,2.71945,-0.00840356,-4.71048,0.01019,-2.99573,0,-4.92767,0.011733,4.6,0,-0.105361,0,-4.91424,-0.12131,thai,All,#4682B4,0
5,48,-10.4994,-0.523905,2.74345,0.0156019,-4.68094,0.0397286,-2.99573,0,-4.94778,-0.00837766,4.6,0,-0.105361,0,-4.71809,0.0748403,thai,All,#4682B4,0
6,48,-9.3823,0.593176,2.71666,-0.0111942,-4.68916,0.0315129,-2.99573,0,-4.93989,-0.000483185,4.6,0,-0.105361,0,-5.27834,-0.485407,thai,All,#4682B4,0
7,48,-9.87542,0.100057,2.72455,-0.00329952,-4.68295,0.0377237,-2.99573,0,-4.93562,0.00378726,4.6,0,-0.105361,0,-5.43912,-0.646189,thai,All,#4682B4,0
8,48,-6.90747,3.068,2.72305,-0.00480185,-4.71085,0.00982147,-2.99573,0,-4.93199,0.00740897,4.6,0,-0.105361,0,-5.14721,-0.354277,thai,All,#4682B4,0
9,48,-10.4387,-0.46327,2.69828,-0.0295702,-4.7006,0.0200676,-2.99573,0,-4.9518,-0.0124023,4.6,0,-0.105361,0,-4.58973,0.203202,thai,All,#4682B4,0
10,48,-6.64996,3.32552,2.70784,-0.0200109,-4.78605,-0.0653817,-2.99573,0,-4.95273,-0.0133284,4.6,0,-0.105361,0,-4.4811,0.311831,thai,All,#4682B4,0
1,49,-4.52035,5.45512,2.70185,-0.0260025,-4.67579,0.0448825,-2.99573,0,-4.93869,0.000712122,4.6,0,-0.105361,0,-4.6174,0.175537,thai,All,#4682B4,0
2,49,-2.00512,7.97036,2.68764,-0.040208,-4.74341,-0.0227365,-2.99573,0,-4.9357,0.00370255,4.6,0,-0.105361,0,-4.39256,0.400372,thai,All,#4682B4,0
3,49,-2.87336,7.10212,2.73434,0.0064892,-4.69002,0.030652,-2.99573,0,-4.93237,0.00703196,4.6,0,-0.105361,0,-3.76766,1.02528,thai,All,#4682B4,0
4,49,-3.27923,6.69624,2.71408,-0.0137674,-4.70241,0.0182617,-2.99573,0,-4.93381,0.00559303,4.6,0,-0.105361,0,-3.6304,1.16253,thai,All,#4682B4,0
5,49,-2.49443,7.48104,2.72404,-0.00381565,-4.73212,-0.0114449,-2.99573,0,-4.93428,0.00511973,4.6,0,-0.105361,0,-4.29155,0.501382,thai,All,#4682B4,0
6,49,-4.49766,5.47781,2.71982,-0.00803288,-4.6261,0.0945668,-2.99573,0,-4.92306,0.0163456,4.6,0,-0.105361,0,-5.03291,-0.239972,thai,All,#4682B4,0
7,49,-3.09431,6.88116,2.71511,-0.0127384,-4.72933,-0.00865569,-2.99573,0,-4.94123,-0.00183204,4.6,0,-0.105361,0,-4.56652,0.22641,thai,All,#4682B4,0
8,49,-2.73014,7.24534,2.73334,0.00549079,-4.7173,0.00337411,-2.99573,0,-4.93235,0.00704849,4.6,0,-0.105361,0,-4.36501,0.42792,thai,All,#4682B4,0
9,49,-3.38664,6.58884,2.72621,-0.00164473,-4.71349,0.00718006,-2.99573,0,-4.94554,-0.00613442,4.6,0,-0.105361,0,-4.71032,0.0826107,thai,All,#4682B4,0
10,49,-2.18971,7.78577,2.74496,0.0171056,-4.76747,-0.0468028,-2.99573,0,-4.93623,0.00317225,4.6,0,-0.105361,0,-5.35754,-0.564609,thai,All,#4682B4,0
1,50,-8.35519,1.62028,2.71816,-0.00969488,-4.7528,-0.0321337,-2.99573,0,-4.95194,-0.0125408,4.6,0,-0.105361,0,-4.52776,0.265169,thai,All,#4682B4,0
2,50,-8.1198,1.85568,2.71164,-0.0162072,-4.73839,-0.0177176,-2.99573,0,-4.93367,0.0057281,4.6,0,-0.105361,0,-4.60574,0.187195,thai,All,#4682B4,0
3,50,-6.25216,3.72331,2.7299,0.00205059,-4.77595,-0.0552795,-2.99573,0,-4.93715,0.00225011,4.6,0,-0.105361,0,-4.65673,0.136205,thai,All,#4682B4,0
4,50,-8.07866,1.89682,2.73242,0.00457041,-4.7275,-0.00682515,-2.99573,0,-4.93542,0.00398308,4.6,0,-0.105361,0,-4.44718,0.34575,thai,All,#4682B4,0
5,50,-5.27989,4.69559,2.74792,0.0200629,-4.76365,-0.0429808,-2.99573,0,-4.94413,-0.00472679,4.6,0,-0.105361,0,-5.1774,-0.384464,thai,All,#4682B4,0
6,50,-5.43723,4.53824,2.73362,0.00576707,-4.81725,-0.0965798,-2.99573,0,-4.95142,-0.012021,4.6,0,-0.105361,0,-4.73383,0.0591044,thai,All,#4682B4,0
7,50,-4.18021,5.79527,2.73901,0.0111624,-4.82117,-0.100503,-2.99573,0,-4.92663,0.0127699,4.6,0,-0.105361,0,-5.15644,-0.363507,thai,All,#4682B4,0
8,50,-4.57761,5.39787,2.74216,0.0143081,-4.75816,-0.0374904,-2.99573,0,-4.94309,-0.00368751,4.6,0,-0.105361,0,-4.19121,0.601725,thai,All,#4682B4,0
9,50,-9.00753,0.967947,2.72001,-0.00784131,-4.73002,-0.00934792,-2.99573,0,-4.94226,-0.00285499,4.6,0,-0.105361,0,-4.03429,0.758643,thai,All,#4682B4,0
10,50,-7.05268,2.92279,2.72462,-0.00322761,-4.74057,-0.0199024,-2.99573,0,-4.93107,0.00833321,4.6,0,-0.105361,0,-4.53829,0.254642,thai,All,#4682B4,0
1,51,-11.0848,-1.10931,2.7071,-0.0207485,-4.72325,-0.00258414,-2.99573,0,-4.94179,-0.00238476,4.6,0,-0.105361,0,-5.41047,-0.617536,thai,All,#4682B4,0
2,51,-11.2381,-1.26264,2.73671,0.0088556,-4.72887,-0.00820045,-2.99573,0,-4.95447,-0.0150658,4.6,0,-0.105361,0,-5.11552,-0.322591,thai,All,#4682B4,0
3,51,-11.4244,-1.44897,2.69248,-0.0353757,-4.71042,0.0102509,-2.99573,0,-4.95137,-0.0119687,4.6,0,-0.105361,0,-5.05145,-0.258519,thai,All,#4682B4,0
4,51,-9.49365,0.481826,2.71812,-0.00973518,-4.69668,0.0239931,-2.99573,0,-4.93233,0.00707375,4.6,0,-0.105361,0,-4.83157,-0.0386345,thai,All,#4682B4,0
5,51,-9.61966,0.35582,2.69728,-0.0305692,-4.74237,-0.0216952,-2.99573,0,-4.94177,-0.00236691,4.6,0,-0.105361,0,-5.36604,-0.573112,thai,All,#4682B4,0
6,51,-9.39864,0.576831,2.71093,-0.0169205,-4.72162,-0.000950277,-2.99573,0,-4.93833,0.00107136,4.6,0,-0.105361,0,-5.22934,-0.436404,thai,All,#4682B4,0
7,51,-11.4174,-1.44196,2.72883,0.000979458,-4.67746,0.0432138,-2.99573,0,-4.95815,-0.0187497,4.6,0,-0.105361,0,-5.40393,-0.610994,thai,All,#4682B4,0
8,51,-10.7671,-0.791625,2.70412,-0.0237351,-4.7003,0.020367,-2.99573,0,-4.95124,-0.0118413,4.6,0,-0.105361,0,-4.38275,0.410186,thai,All,#4682B4,0
9,51,-8.34058,1.6349,2.71276,-0.0150971,-4.71723,0.00344354,-2.99573,0,-4.93009,0.00931381,4.6,0,-0.105361,0,-4.65421,0.13872,thai,All,#4682B4,0
10,51,-8.98783,0.987647,2.73325,0.00539822,-4.7338,-0.0131272,-2.99573,0,-4.93997,-0.0005633,4.6,0,-0.105361,0,-5.41666,-0.623732,thai,All,#4682B4,0
1,1,-9.10513,0.870344,2.7145,-0.0133479,-4.74386,-0.0231918,-2.99573,0,-4.9413,-0.00189809,4.6,0,-0.105361,0,-4.61538,0.177552,africa,All,#4682B4,0
2,1,-9.50004,0.47543,2.75241,0.0245594,-4.74017,-0.0195044,-2.99573,0,-4.93929,0.000109054,4.6,0,-0.105361,0,-4.57992,0.213017,africa,All,#4682B4,0
3,1,-7.38305,2.59243,2.71172,-0.0161301,-4.76171,-0.0410417,-2.99573,0,-4.92894,0.0104631,4.6,0,-0.105361,0,-4.57565,0.217282,africa,All,#4682B4,0
4,1,-7.69306,2.28241,2.75193,0.0240758,-4.75607,-0.0354007,-2.99573,0,-4.94408,-0.00467238,4.6,0,-0.105361,0,-5.61721,-0.824279,africa,All,#4682B4,0
5,1,-10.6019,-0.626457,2.70863,-0.019225,-4.71888,0.00179308,-2.99573,0,-4.94346,-0.00405396,4.6,0,-0.105361,0,-5.14612,-0.353191,africa,All,#4682B4,0
6,1,-9.60312,0.37235,2.7267,-0.00115271,-4.78125,-0.0605759,-2.99573,0,-4.94635,-0.0069509,4.6,0,-0.105361,0,-5.14895,-0.356014,africa,All,#4682B4,0
7,1,-9.20369,0.77178,2.71472,-0.0131305,-4.73293,-0.0122547,-2.99573,0,-4.91879,0.0206088,4.6,0,-0.105361,0,-5.30603,-0.513098,africa,All,#4682B4,0
8,1,-11.3355,-1.35998,2.70978,-0.0180693,-4.72722,-0.00654541,-2.99573,0,-4.94176,-0.00235715,4.6,0,-0.105361,0,-5.51376,-0.720823,africa,All,#4682B4,0
9,1,-10.124,-0.148491,2.72653,-0.00132352,-4.73463,-0.013956,-2.99573,0,-4.9496,-0.0101964,4.6,0,-0.105361,0,-5.54356,-0.750628,africa,All,#4682B4,0
10,1,-10.5665,-0.590985,2.72133,-0.00652503,-4.75336,-0.0326904,-2.99573,0,-4.93634,0.00306335,4.6,0,-0.105361,0,-5.30712,-0.514185,africa,All,#4682B4,0
1,2,-8.1463,1.82918,2.70275,-0.0250983,-4.73087,-0.0102011,-2.99573,0,-4.94593,-0.00652857,4.6,0,-0.105361,0,-4.9642,-0.171263,africa,All,#4682B4,0
2,2,-6.7248,3.25067,2.75972,0.0318641,-4.68388,0.0367878,-2.99573,0,-4.92302,0.0163835,4.6,0,-0.105361,0,-4.95524,-0.162308,africa,All,#4682B4,0
3,2,-8.47451,1.50097,2.72778,-7.02966e-05,-4.73355,-0.012878,-2.99573,0,-4.93589,0.00351153,4.6,0,-0.105361,0,-4.46716,0.32577,africa,All,#4682B4,0
4,2,-8.93558,1.03989,2.72422,-0.00363393,-4.66357,0.0570995,-2.99573,0,-4.92924,0.0101626,4.6,0,-0.105361,0,-5.41756,-0.624629,africa,All,#4682B4,0
5,2,-6.44919,3.52628,2.73565,0.00780111,-4.73405,-0.0133797,-2.99573,0,-4.93729,0.00210906,4.6,0,-0.105361,0,-5.31765,-0.524721,africa,All,#4682B4,0
6,2,-7.7209,2.25457,2.7528,0.0249438,-4.7177,0.00296986,-2.99573,0,-4.93213,0.00726832,4.6,0,-0.105361,0,-5.3646,-0.571671,africa,All,#4682B4,0
7,2,-7.56587,2.4096,2.72629,-0.00156255,-4.72063,3.87717e-05,-2.99573,0,-4.93206,0.00733817,4.6,0,-0.105361,0,-4.70542,0.0875167,africa,All,#4682B4,0
8,2,-8.72942,1.24606,2.75542,0.0275686,-4.7116,0.00906963,-2.99573,0,-4.95029,-0.0108909,4.6,0,-0.105361,0,-5.52319,-0.730253,africa,All,#4682B4,0
9,2,-10.1049,-0.129432,2.73202,0.00416475,-4.69652,0.0241471,-2.99573,0,-4.94628,-0.00688105,4.6,0,-0.105361,0,-4.65156,0.141375,africa,All,#4682B4,0
10,2,-6.04246,3.93301,2.73737,0.00951423,-4.75347,-0.0327997,-2.99573,0,-4.93566,0.00374523,4.6,0,-0.105361,0,-5.09491,-0.301976,africa,All,#4682B4,0
1,3,-9.11959,0.855882,2.75598,0.0281246,-4.70624,0.0144314,-2.99573,0,-4.94178,-0.00238046,4.6,0,-0.105361,0,-4.93734,-0.144404,africa,All,#4682B4,0
2,3,-9.93336,0.042117,2.70497,-0.0228838,-4.74931,-0.028636,-2.99573,0,-4.92956,0.00983828,4.6,0,-0.105361,0,-5.3672,-0.574266,africa,All,#4682B4,0
3,3,-7.7817,2.19378,2.71949,-0.00836272,-4.72935,-0.00867764,-2.99573,0,-4.93046,0.00893799,4.6,0,-0.105361,0,-4.90909,-0.116158,africa,All,#4682B4,0
4,3,-8.46709,1.50838,2.73978,0.0119326,-4.7583,-0.0376304,-2.99573,0,-4.95218,-0.0127765,4.6,0,-0.105361,0,-4.70664,0.086295,africa,All,#4682B4,0
5,3,-8.15293,1.82255,2.69145,-0.0364011,-4.76159,-0.0409178,-2.99573,0,-4.91992,0.019487,4.6,0,-0.105361,0,-5.26148,-0.468547,africa,All,#4682B4,0
6,3,-9.95492,0.0205519,2.70852,-0.0193332,-4.71445,0.0062158,-2.99573,0,-4.92735,0.0120507,4.6,0,-0.105361,0,-5.34968,-0.556745,africa,All,#4682B4,0
7,3,-8.53424,1.44123,2.70723,-0.0206203,-4.70317,0.0174994,-2.99573,0,-4.92123,0.0181705,4.6,0,-0.105361,0,-5.1284,-0.335468,africa,All,#4682B4,0
8,3,-10.0317,-0.0562642,2.71498,-0.0128733,-4.7287,-0.00802981,-2.99573,0,-4.93145,0.00794846,4.6,0,-0.105361,0,-4.71556,0.0773716,africa,All,#4682B4,0
9,3,-10.5861,-0.610633,2.72672,-0.00112937,-4.73084,-0.0101711,-2.99573,0,-4.93543,0.00397425,4.6,0,-0.105361,0,-5.11413,-0.321194,africa,All,#4682B4,0
10,3,-9.17094,0.804537,2.73936,0.0115088,-4.7185,0.00217168,-2.99573,0,-4.934,0.00540288,4.6,0,-0.105361,0,-4.85106,-0.0581238,africa,All,#4682B4,0
1,4,-10.3485,-0.372993,2.73821,0.0103582,-4.7347,-0.0140248,-2.99573,0,-4.95276,-0.0133606,4.6,0,-0.105361,0,-4.46827,0.324665,africa,All,#4682B4,0
2,4,-9.45543,0.520045,2.74377,0.0159188,-4.80162,-0.0809496,-2.99573,0,-4.95551,-0.0161041,4.6,0,-0.105361,0,-4.51917,0.27376,africa,All,#4682B4,0
3,4,-15.3,-5.32454,2.69552,-0.0323273,-4.66166,0.0590064,-2.99573,0,-4.94075,-0.0013481,4.6,0,-0.105361,0,-4.708,0.0849356,africa,All,#4682B4,0
4,4,-13.3637,-3.38825,2.6932,-0.0346482,-4.72203,-0.0013582,-2.99573,0,-4.93426,0.00513859,4.6,0,-0.105361,0,-4.23535,0.557585,africa,All,#4682B4,0
5,4,-11.3941,-1.41865,2.66912,-0.0587325,-4.70766,0.0130135,-2.99573,0,-4.9263,0.0131047,4.6,0,-0.105361,0,-4.32812,0.464812,africa,All,#4682B4,0
6,4,-11.6953,-1.71987,2.74214,0.0142886,-4.70468,0.0159881,-2.99573,0,-4.94794,-0.00853857,4.6,0,-0.105361,0,-4.65785,0.135081,africa,All,#4682B4,0
7,4,-10.7263,-0.750785,2.70978,-0.0180705,-4.75695,-0.0362821,-2.99573,0,-4.93138,0.00801935,4.6,0,-0.105361,0,-4.36111,0.431825,africa,All,#4682B4,0
8,4,-8.7787,1.19678,2.73067,0.00281301,-4.74477,-0.0240969,-2.99573,0,-4.93435,0.00505038,4.6,0,-0.105361,0,-4.73231,0.060621,africa,All,#4682B4,0
9,4,-7.86147,2.114,2.71968,-0.0081683,-4.73541,-0.0147393,-2.99573,0,-4.93475,0.00465387,4.6,0,-0.105361,0,-4.82871,-0.0357787,africa,All,#4682B4,0
10,4,-9.21365,0.761823,2.72977,0.00191464,-4.79022,-0.0695542,-2.99573,0,-4.94219,-0.00279032,4.6,0,-0.105361,0,-5.28543,-0.492498,africa,All,#4682B4,0
1,5,-12.0815,-2.10598,2.71565,-0.0122024,-4.76009,-0.0394238,-2.99573,0,-4.94566,-0.0062571,4.6,0,-0.105361,0,-4.56027,0.232659,africa,All,#4682B4,0
2,5,-11.4482,-1.47268,2.71711,-0.0107443,-4.75366,-0.0329942,-2.99573,0,-4.9346,0.00480507,4.6,0,-0.105361,0,-5.07951,-0.286575,africa,All,#4682B4,0
3,5,-13.4459,-3.4704,2.73422,0.00636421,-4.72508,-0.00440846,-2.99573,0,-4.94269,-0.00328324,4.6,0,-0.105361,0,-5.42407,-0.631138,africa,All,#4682B4,0
4,5,-9.19765,0.777823,2.72855,0.000702348,-4.7547,-0.0340252,-2.99573,0,-4.94281,-0.00340247,4.6,0,-0.105361,0,-5.00558,-0.21265,africa,All,#4682B4,0
5,5,-12.8265,-2.85102,2.70598,-0.0218751,-4.75785,-0.0371805,-2.99573,0,-4.93901,0.000397133,4.6,0,-0.105361,0,-4.88016,-0.0872222,africa,All,#4682B4,0
6,5,-12.3332,-2.35775,2.73211,0.00425389,-4.68471,0.0359607,-2.99573,0,-4.94316,-0.00376081,4.6,0,-0.105361,0,-4.58417,0.20876,africa,All,#4682B4,0
7,5,-10.8243,-0.848836,2.72203,-0.00581728,-4.71504,0.00562572,-2.99573,0,-4.93979,-0.000389312,4.6,0,-0.105361,0,-4.71453,0.0784006,africa,All,#4682B4,0
8,5,-9.46211,0.513369,2.74547,0.017622,-4.74526,-0.0245877,-2.99573,0,-4.9466,-0.00719302,4.6,0,-0.105361,0,-5.11148,-0.318545,africa,All,#4682B4,0
9,5,-9.07736,0.898113,2.71437,-0.0134857,-4.7408,-0.0201314,-2.99573,0,-4.92092,0.0184848,4.6,0,-0.105361,0,-4.8574,-0.0644679,africa,All,#4682B4,0
10,5,-12.1994,-2.22389,2.71625,-0.011605,-4.70397,0.0166966,-2.99573,0,-4.92563,0.0137725,4.6,0,-0.105361,0,-4.76241,0.0305191,africa,All,#4682B4,0
1,6,-14.6872,-4.71176,2.68543,-0.0424173,-4.74208,-0.0214046,-2.99573,0,-4.9324,0.00700672,4.6,0,-0.105361,0,-4.875,-0.0820634,africa,All,#4682B4,0
2,6,-11.3406,-1.36508,2.77688,0.0490275,-4.72329,-0.00261683,-2.99573,0,-4.93633,0.00307065,4.6,0,-0.105361,0,-4.22303,0.5699,africa,All,#4682B4,0
3,6,-12.9894,-3.01395,2.74518,0.0173252,-4.73269,-0.0120195,-2.99573,0,-4.94904,-0.0096358,4.6,0,-0.105361,0,-3.97466,0.818268,africa,All,#4682B4,0
4,6,-12.6807,-2.70526,2.72449,-0.00336304,-4.67197,0.0487012,-2.99573,0,-4.93134,0.00805915,4.6,0,-0.105361,0,-4.43072,0.362215,africa,All,#4682B4,0
5,6,-16.2385,-6.26299,2.72067,-0.00718243,-4.70394,0.0167352,-2.99573,0,-4.94436,-0.00495715,4.6,0,-0.105361,0,-4.88716,-0.0942246,africa,All,#4682B4,0
6,6,-12.492,-2.51651,2.7429,0.0150435,-4.71622,0.00445054,-2.99573,0,-4.95662,-0.01722,4.6,0,-0.105361,0,-4.7743,0.0186328,africa,All,#4682B4,0
7,6,-12.7066,-2.73112,2.69495,-0.0329021,-4.77232,-0.0516463,-2.99573,0,-4.93314,0.00626161,4.6,0,-0.105361,0,-4.89152,-0.0985893,africa,All,#4682B4,0
8,6,-13.4713,-3.49582,2.73835,0.0105027,-4.69119,0.0294761,-2.99573,0,-4.94524,-0.00583363,4.6,0,-0.105361,0,-4.15735,0.63558,africa,All,#4682B4,0
9,6,-12.8956,-2.92014,2.72018,-0.00767114,-4.7784,-0.0577325,-2.99573,0,-4.95162,-0.0122152,4.6,0,-0.105361,0,-4.15236,0.640576,africa,All,#4682B4,0
10,6,-14.409,-4.43356,2.73128,0.00342581,-4.76183,-0.0411583,-2.99573,0,-4.95002,-0.0106209,4.6,0,-0.105361,0,-4.00901,0.783928,africa,All,#4682B4,0
1,7,-5.90436,4.07111,2.71805,-0.00980029,-4.71758,0.00309431,-2.99573,0,-4.93331,0.0060952,4.6,0,-0.105361,0,-3.92732,0.865612,africa,All,#4682B4,0
2,7,-6.57712,3.39836,2.70679,-0.0210606,-4.67397,0.0467005,-2.99573,0,-4.93271,0.00668888,4.6,0,-0.105361,0,-3.42026,1.37267,africa,All,#4682B4,0
3,7,-8.3935,1.58197,2.69912,-0.028731,-4.66732,0.0533486,-2.99573,0,-4.94058,-0.0011776,4.6,0,-0.105361,0,-4.91094,-0.11801,africa,All,#4682B4,0
4,7,-7.81672,2.15875,2.7207,-0.00714947,-4.70195,0.0187246,-2.99573,0,-4.96156,-0.0221611,4.6,0,-0.105361,0,-4.45137,0.341561,africa,All,#4682B4,0
5,7,-6.23393,3.74154,2.73245,0.00460157,-4.71986,0.000812858,-2.99573,0,-4.93782,0.00158281,4.6,0,-0.105361,0,-3.98422,0.808713,africa,All,#4682B4,0
6,7,-7.68637,2.28911,2.73947,0.0116189,-4.62679,0.0938767,-2.99573,0,-4.93403,0.00536963,4.6,0,-0.105361,0,-4.06452,0.728414,africa,All,#4682B4,0
7,7,-5.3774,4.59807,2.70766,-0.0201901,-4.72286,-0.00218651,-2.99573,0,-4.94067,-0.0012626,4.6,0,-0.105361,0,-4.37469,0.418242,africa,All,#4682B4,0
8,7,-7.91364,2.06184,2.74821,0.0203619,-4.70654,0.0141338,-2.99573,0,-4.93299,0.00640773,4.6,0,-0.105361,0,-4.52186,0.271072,africa,All,#4682B4,0
9,7,-8.11841,1.85706,2.72472,-0.00313428,-4.66838,0.0522929,-2.99573,0,-4.93956,-0.000152593,4.6,0,-0.105361,0,-4.28554,0.50739,africa,All,#4682B4,0
10,7,-11.0439,-1.06842,2.70248,-0.0253771,-4.71763,0.00303574,-2.99573,0,-4.95467,-0.0152708,4.6,0,-0.105361,0,-4.41952,0.373414,africa,All,#4682B4,0
1,8,-11.0575,-1.08203,2.72867,0.000822757,-4.77599,-0.0553162,-2.99573,0,-4.94249,-0.00308261,4.6,0,-0.105361,0,-5.25038,-0.457452,africa,All,#4682B4,0
2,8,-11.6532,-1.6777,2.71576,-0.0120959,-4.77175,-0.0510806,-2.99573,0,-4.9533,-0.013896,4.6,0,-0.105361,0,-5.67774,-0.884806,africa,All,#4682B4,0
3,8,-9.82537,0.150101,2.75143,0.0235783,-4.74751,-0.0268403,-2.99573,0,-4.9277,0.0117024,4.6,0,-0.105361,0,-5.87498,-1.08205,africa,All,#4682B4,0
4,8,-9.87336,0.102118,2.73495,0.00709938,-4.70922,0.0114546,-2.99573,0,-4.93,0.00940427,4.6,0,-0.105361,0,-5.00839,-0.215455,africa,All,#4682B4,0
5,8,-9.33421,0.641266,2.75699,0.0291368,-4.73676,-0.0160856,-2.99573,0,-4.93845,0.000955915,4.6,0,-0.105361,0,-5.58718,-0.794249,africa,All,#4682B4,0
6,8,-8.69552,1.27996,2.72484,-0.00300824,-4.77763,-0.0569627,-2.99573,0,-4.93288,0.00652256,4.6,0,-0.105361,0,-5.00444,-0.211511,africa,All,#4682B4,0
7,8,-12.4408,-2.46536,2.73451,0.00666139,-4.70733,0.013338,-2.99573,0,-4.94691,-0.00750437,4.6,0,-0.105361,0,-4.65491,0.138027,africa,All,#4682B4,0
8,8,-12.7852,-2.80975,2.68702,-0.0408304,-4.72012,0.000550278,-2.99573,0,-4.93381,0.00559345,4.6,0,-0.105361,0,-5.23352,-0.440583,africa,All,#4682B4,0
9,8,-13.5922,-3.61673,2.73148,0.00362725,-4.67025,0.0504195,-2.99573,0,-4.94627,-0.00686638,4.6,0,-0.105361,0,-5.20828,-0.415349,africa,All,#4682B4,0
10,8,-9.31409,0.661389,2.73164,0.00379018,-4.75415,-0.0334795,-2.99573,0,-4.92407,0.0153279,4.6,0,-0.105361,0,-5.01316,-0.220224,africa,All,#4682B4,0
1,9,-11.4239,-1.44847,2.72505,-0.00280398,-4.72626,-0.00558732,-2.99573,0,-4.95189,-0.0124921,4.6,0,-0.105361,0,-5.15845,-0.365513,africa,All,#4682B4,0
2,9,-10.4069,-0.431395,2.73,0.00215165,-4.69003,0.0306407,-2.99573,0,-4.94384,-0.00443513,4.6,0,-0.105361,0,-4.41366,0.379274,africa,All,#4682B4,0
3,9,-12.4346,-2.45916,2.70955,-0.018301,-4.67046,0.0502143,-2.99573,0,-4.94087,-0.00146938,4.6,0,-0.105361,0,-4.75203,0.0409053,africa,All,#4682B4,0
4,9,-14.2795,-4.304,2.70734,-0.0205085,-4.68965,0.0310202,-2.99573,0,-4.96128,-0.0218796,4.6,0,-0.105361,0,-4.47855,0.314382,africa,All,#4682B4,0
5,9,-13.8829,-3.90741,2.72302,-0.00483705,-4.69288,0.0277901,-2.99573,0,-4.9507,-0.0113018,4.6,0,-0.105361,0,-4.83848,-0.0455511,africa,All,#4682B4,0
6,9,-10.2861,-0.310628,2.73404,0.0061928,-4.73363,-0.012958,-2.99573,0,-4.94847,-0.00906816,4.6,0,-0.105361,0,-5.07235,-0.279418,africa,All,#4682B4,0
7,9,-11.6423,-1.66685,2.73438,0.0065287,-4.69401,0.0266625,-2.99573,0,-4.94559,-0.00618894,4.6,0,-0.105361,0,-4.89944,-0.106508,africa,All,#4682B4,0
8,9,-13.57,-3.5945,2.72025,-0.00760509,-4.69235,0.0283243,-2.99573,0,-4.94829,-0.00889131,4.6,0,-0.105361,0,-4.75761,0.0353216,africa,All,#4682B4,0
9,9,-12.083,-2.10748,2.7309,0.00304914,-4.75526,-0.0345909,-2.99573,0,-4.95075,-0.0113449,4.6,0,-0.105361,0,-4.79665,-0.00372184,africa,All,#4682B4,0
10,9,-13.0776,-3.10209,2.71537,-0.0124818,-4.67653,0.0441422,-2.99573,0,-4.95357,-0.0141668,4.6,0,-0.105361,0,-4.54372,0.249216,africa,All,#4682B4,0
1,10,-11.3785,-1.40304,2.74948,0.0216239,-4.74038,-0.0197081,-2.99573,0,-4.95042,-0.0110203,4.6,0,-0.105361,0,-4.53926,0.253672,africa,All,#4682B4,0
2,10,-13.1311,-3.15563,2.73303,0.00517292,-4.71172,0.00895296,-2.99573,0,-4.92224,0.017167,4.6,0,-0.105361,0,-4.78621,0.00672436,africa,All,#4682B4,0
3,10,-11.5265,-1.55102,2.72953,0.00167424,-4.74746,-0.0267933,-2.99573,0,-4.92843,0.0109718,4.6,0,-0.105361,0,-5.41481,-0.621873,africa,All,#4682B4,0
4,10,-12.8495,-2.87403,2.72446,-0.0033898,-4.74554,-0.0248669,-2.99573,0,-4.94019,-0.000783847,4.6,0,-0.105361,0,-5.42688,-0.633945,africa,All,#4682B4,0
5,10,-12.579,-2.60352,2.73576,0.0079118,-4.66459,0.0560848,-2.99573,0,-4.91961,0.0197906,4.6,0,-0.105361,0,-5.06222,-0.269288,africa,All,#4682B4,0
6,10,-13.2842,-3.30876,2.75014,0.0222878,-4.69972,0.0209478,-2.99573,0,-4.94034,-0.000941534,4.6,0,-0.105361,0,-4.92501,-0.132077,africa,All,#4682B4,0
7,10,-13.5832,-3.60775,2.74811,0.0202546,-4.69846,0.0222101,-2.99573,0,-4.94714,-0.00773276,4.6,0,-0.105361,0,-5.25106,-0.458123,africa,All,#4682B4,0
8,10,-10.7971,-0.821649,2.74721,0.0193542,-4.77194,-0.0512729,-2.99573,0,-4.95354,-0.0141353,4.6,0,-0.105361,0,-5.26312,-0.470184,africa,All,#4682B4,0
9,10,-12.8825,-2.907,2.73573,0.00787761,-4.69147,0.0291964,-2.99573,0,-4.92637,0.0130356,4.6,0,-0.105361,0,-5.36692,-0.573986,africa,All,#4682B4,0
10,10,-12.0847,-2.10919,2.72384,-0.00401141,-4.7337,-0.0130292,-2.99573,0,-4.93588,0.00352563,4.6,0,-0.105361,0,-4.96591,-0.172974,africa,All,#4682B4,0
1,11,-9.03165,0.943826,2.72695,-0.000898526,-4.73725,-0.0165753,-2.99573,0,-4.94548,-0.00607703,4.6,0,-0.105361,0,-5.07116,-0.278228,africa,All,#4682B4,0
2,11,-5.26008,4.7154,2.75123,0.0233807,-4.75483,-0.034158,-2.99573,0,-4.92701,0.0123959,4.6,0,-0.105361,0,-5.45871,-0.665782,africa,All,#4682B4,0
3,11,-8.01869,1.95679,2.71049,-0.0173614,-4.7547,-0.034033,-2.99573,0,-4.93054,0.0088662,4.6,0,-0.105361,0,-5.33531,-0.542377,africa,All,#4682B4,0
4,11,-6.93227,3.04321,2.71086,-0.0169898,-4.7596,-0.0389262,-2.99573,0,-4.93203,0.007372,4.6,0,-0.105361,0,-5.45216,-0.659227,africa,All,#4682B4,0
5,11,-8.23941,1.73607,2.71429,-0.0135663,-4.73702,-0.0163452,-2.99573,0,-4.94706,-0.00765612,4.6,0,-0.105361,0,-5.13034,-0.337408,africa,All,#4682B4,0
6,11,-10.5976,-0.622096,2.71303,-0.0148189,-4.71734,0.00332664,-2.99573,0,-4.95221,-0.01281,4.6,0,-0.105361,0,-5.14865,-0.355721,africa,All,#4682B4,0
7,11,-8.49492,1.48055,2.69352,-0.0343364,-4.74278,-0.0221136,-2.99573,0,-4.93926,0.000144965,4.6,0,-0.105361,0,-5.40727,-0.614339,africa,All,#4682B4,0
8,11,-9.21417,0.761304,2.71935,-0.00850286,-4.71604,0.00462974,-2.99573,0,-4.93876,0.000639279,4.6,0,-0.105361,0,-5.52108,-0.728152,africa,All,#4682B4,0
9,11,-8.12718,1.8483,2.71969,-0.00816615,-4.72766,-0.00698856,-2.99573,0,-4.94261,-0.00321027,4.6,0,-0.105361,0,-5.5677,-0.774764,africa,All,#4682B4,0
10,11,-8.30568,1.66979,2.75851,0.0306619,-4.71682,0.00385466,-2.99573,0,-4.95763,-0.01823,4.6,0,-0.105361,0,-5.64941,-0.856482,africa,All,#4682B4,0
1,12,-6.97928,2.99619,2.75199,0.0241371,-4.7386,-0.0179262,-2.99573,0,-4.94201,-0.00260581,4.6,0,-0.105361,0,-4.85281,-0.0598733,africa,All,#4682B4,0
2,12,-9.15084,0.824639,2.71358,-0.014268,-4.72407,-0.00340443,-2.99573,0,-4.92867,0.0107339,4.6,0,-0.105361,0,-4.75155,0.0413857,africa,All,#4682B4,0
3,12,-11.0299,-1.05443,2.71689,-0.010958,-4.65431,0.0663652,-2.99573,0,-4.9288,0.0106027,4.6,0,-0.105361,0,-5.42199,-0.629057,africa,All,#4682B4,0
4,12,-11.6868,-1.71131,2.73912,0.01127,-4.64871,0.0719592,-2.99573,0,-4.93901,0.000395003,4.6,0,-0.105361,0,-4.60093,0.192007,africa,All,#4682B4,0
5,12,-13.0612,-3.08574,2.70867,-0.019186,-4.71623,0.00444218,-2.99573,0,-4.94294,-0.00354014,4.6,0,-0.105361,0,-4.69412,0.0988084,africa,All,#4682B4,0
6,12,-7.71759,2.25789,2.70759,-0.0202606,-4.75602,-0.0353469,-2.99573,0,-4.93129,0.00811455,4.6,0,-0.105361,0,-4.28724,0.505696,africa,All,#4682B4,0
7,12,-12.9995,-3.02399,2.75019,0.022342,-4.67835,0.0423195,-2.99573,0,-4.94644,-0.007042,4.6,0,-0.105361,0,-4.5448,0.248129,africa,All,#4682B4,0
8,12,-13.0091,-3.03366,2.74341,0.0155584,-4.70629,0.014381,-2.99573,0,-4.95414,-0.0147412,4.6,0,-0.105361,0,-4.57739,0.215543,africa,All,#4682B4,0
9,12,-11.9752,-1.9997,2.72494,-0.00290872,-4.73068,-0.010005,-2.99573,0,-4.95271,-0.013308,4.6,0,-0.105361,0,-4.16721,0.62572,africa,All,#4682B4,0
10,12,-9.00762,0.967853,2.75227,0.0244197,-4.73566,-0.0149923,-2.99573,0,-4.92422,0.0151805,4.6,0,-0.105361,0,-5.01639,-0.223456,africa,All,#4682B4,0
1,13,-8.54,1.43547,2.73045,0.00260037,-4.73213,-0.0114581,-2.99573,0,-4.93744,0.00196692,4.6,0,-0.105361,0,-4.05201,0.740923,africa,All,#4682B4,0
2,13,-9.50022,0.47525,2.71401,-0.0138397,-4.68446,0.0362065,-2.99573,0,-4.95409,-0.0146875,4.6,0,-0.105361,0,-4.35452,0.43841,africa,All,#4682B4,0
3,13,-7.06906,2.90641,2.69398,-0.0338688,-4.73445,-0.0137753,-2.99573,0,-4.94333,-0.00392397,4.6,0,-0.105361,0,-4.63718,0.15575,africa,All,#4682B4,0
4,13,-8.82054,1.15493,2.73276,0.00490896,-4.70129,0.0193798,-2.99573,0,-4.94211,-0.00270789,4.6,0,-0.105361,0,-3.74506,1.04788,africa,All,#4682B4,0
5,13,-10.824,-0.848525,2.71644,-0.0114153,-4.70353,0.0171446,-2.99573,0,-4.94534,-0.00593638,4.6,0,-0.105361,0,-4.98763,-0.194696,africa,All,#4682B4,0
6,13,-10.2194,-0.24392,2.69182,-0.0360294,-4.7004,0.0202689,-2.99573,0,-4.95051,-0.0111102,4.6,0,-0.105361,0,-4.62137,0.17156,africa,All,#4682B4,0
7,13,-9.8749,0.100571,2.71413,-0.0137268,-4.69987,0.0207957,-2.99573,0,-4.93206,0.0073377,4.6,0,-0.105361,0,-4.78842,0.004509,africa,All,#4682B4,0
8,13,-7.82231,2.15317,2.72687,-0.000986438,-4.75926,-0.0385875,-2.99573,0,-4.93178,0.00762062,4.6,0,-0.105361,0,-4.34204,0.450888,africa,All,#4682B4,0
9,13,-10.3661,-0.390585,2.72552,-0.00233254,-4.70327,0.017403,-2.99573,0,-4.94911,-0.00970834,4.6,0,-0.105361,0,-4.13536,0.657574,africa,All,#4682B4,0
10,13,-8.82002,1.15545,2.75505,0.0271968,-4.66378,0.0568952,-2.99573,0,-4.94872,-0.0093179,4.6,0,-0.105361,0,-4.8958,-0.102864,africa,All,#4682B4,0
1,14,-7.247,2.72848,2.7132,-0.0146508,-4.73601,-0.0153369,-2.99573,0,-4.93739,0.00200866,4.6,0,-0.105361,0,-4.74279,0.0501438,africa,All,#4682B4,0
2,14,-6.04865,3.92682,2.74242,0.0145717,-4.69437,0.0263053,-2.99573,0,-4.92069,0.0187082,4.6,0,-0.105361,0,-5.12073,-0.327793,africa,All,#4682B4,0
3,14,-8.19676,1.77871,2.67941,-0.0484432,-4.71347,0.00719849,-2.99573,0,-4.93316,0.00624212,4.6,0,-0.105361,0,-4.08064,0.71229,africa,All,#4682B4,0
4,14,-6.2916,3.68387,2.74823,0.0203815,-4.69943,0.0212364,-2.99573,0,-4.94179,-0.00239137,4.6,0,-0.105361,0,-4.17592,0.617011,africa,All,#4682B4,0
5,14,-7.00254,2.97293,2.71115,-0.0167005,-4.68783,0.0328398,-2.99573,0,-4.9305,0.00890338,4.6,0,-0.105361,0,-4.56467,0.228262,africa,All,#4682B4,0
6,14,-5.11069,4.86478,2.74106,0.0132081,-4.71934,0.00132911,-2.99573,0,-4.93422,0.00518241,4.6,0,-0.105361,0,-4.78062,0.0123102,africa,All,#4682B4,0
7,14,-8.55597,1.4195,2.72435,-0.00350209,-4.68129,0.0393763,-2.99573,0,-4.94469,-0.00529152,4.6,0,-0.105361,0,-4.56604,0.226891,africa,All,#4682B4,0
8,14,-6.17374,3.80173,2.73886,0.0110115,-4.70259,0.0180834,-2.99573,0,-4.91781,0.0215954,4.6,0,-0.105361,0,-4.30183,0.491103,africa,All,#4682B4,0
9,14,-7.07246,2.90301,2.75202,0.0241639,-4.69114,0.0295297,-2.99573,0,-4.94684,-0.00743391,4.6,0,-0.105361,0,-4.38546,0.407478,africa,All,#4682B4,0
10,14,-8.25175,1.72372,2.7076,-0.0202535,-4.69985,0.0208217,-2.99573,0,-4.93999,-0.000589757,4.6,0,-0.105361,0,-4.3276,0.465335,africa,All,#4682B4,0
1,15,-12.6076,-2.63208,2.72682,-0.00103654,-4.70888,0.0117936,-2.99573,0,-4.94363,-0.00422377,4.6,0,-0.105361,0,-4.22564,0.567295,africa,All,#4682B4,0
2,15,-12.354,-2.3785,2.71609,-0.0117648,-4.71788,0.00278806,-2.99573,0,-4.93742,0.00197771,4.6,0,-0.105361,0,-5.70113,-0.908193,africa,All,#4682B4,0
3,15,-9.13149,0.843989,2.74026,0.0124097,-4.6735,0.0471741,-2.99573,0,-4.92566,0.0137433,4.6,0,-0.105361,0,-5.69269,-0.899761,africa,All,#4682B4,0
4,15,-8.61861,1.35687,2.73468,0.0068322,-4.76235,-0.0416752,-2.99573,0,-4.94308,-0.00368167,4.6,0,-0.105361,0,-4.73849,0.0544458,africa,All,#4682B4,0
5,15,-9.66597,0.309508,2.75324,0.0253869,-4.7,0.0206693,-2.99573,0,-4.93581,0.00359431,4.6,0,-0.105361,0,-5.46113,-0.668199,africa,All,#4682B4,0
6,15,-9.2308,0.744673,2.74086,0.0130057,-4.68182,0.038853,-2.99573,0,-4.92614,0.0132623,4.6,0,-0.105361,0,-5.0698,-0.276866,africa,All,#4682B4,0
7,15,-9.51631,0.459168,2.7437,0.0158457,-4.72312,-0.00244755,-2.99573,0,-4.93203,0.00737112,4.6,0,-0.105361,0,-5.54313,-0.750196,africa,All,#4682B4,0
8,15,-8.80422,1.17125,2.73571,0.00785953,-4.69639,0.0242758,-2.99573,0,-4.93436,0.00503941,4.6,0,-0.105361,0,-5.4538,-0.660864,africa,All,#4682B4,0
9,15,-10.405,-0.42957,2.75208,0.0242281,-4.6784,0.0422673,-2.99573,0,-4.92907,0.0103329,4.6,0,-0.105361,0,-5.14359,-0.350658,africa,All,#4682B4,0
10,15,-9.45555,0.519929,2.72724,-0.000616855,-4.72923,-0.00856379,-2.99573,0,-4.9417,-0.00229633,4.6,0,-0.105361,0,-5.23576,-0.442831,africa,All,#4682B4,0
1,16,-10.0281,-0.0526636,2.72868,0.000826463,-4.67642,0.0442474,-2.99573,0,-4.94072,-0.00132106,4.6,0,-0.105361,0,-4.72461,0.0683223,africa,All,#4682B4,0
2,16,-11.4362,-1.46074,2.72084,-0.00701553,-4.65744,0.0632258,-2.99573,0,-4.93553,0.003871,4.6,0,-0.105361,0,-4.87163,-0.0786941,africa,All,#4682B4,0
3,16,-7.29976,2.67571,2.77149,0.0436384,-4.68107,0.0395991,-2.99573,0,-4.9296,0.0098065,4.6,0,-0.105361,0,-4.93245,-0.13952,africa,All,#4682B4,0
4,16,-10.6025,-0.626987,2.7291,0.00124793,-4.67247,0.0482044,-2.99573,0,-4.94064,-0.0012336,4.6,0,-0.105361,0,-5.09878,-0.305852,africa,All,#4682B4,0
5,16,-11.4418,-1.46628,2.68856,-0.0392923,-4.67847,0.0422013,-2.99573,0,-4.92553,0.0138697,4.6,0,-0.105361,0,-4.62768,0.165256,africa,All,#4682B4,0
6,16,-9.98282,-0.00734075,2.69882,-0.0290307,-4.71316,0.00750618,-2.99573,0,-4.95193,-0.0125289,4.6,0,-0.105361,0,-4.72678,0.066151,africa,All,#4682B4,0
7,16,-9.83895,0.136523,2.69953,-0.0283221,-4.70472,0.0159459,-2.99573,0,-4.93896,0.000447099,4.6,0,-0.105361,0,-5.47328,-0.680343,africa,All,#4682B4,0
8,16,-6.6048,3.37068,2.74047,0.0126225,-4.71903,0.00163741,-2.99573,0,-4.93996,-0.000560798,4.6,0,-0.105361,0,-5.17802,-0.385087,africa,All,#4682B4,0
9,16,-6.25243,3.72305,2.74606,0.0182029,-4.74256,-0.0218909,-2.99573,0,-4.92831,0.0110906,4.6,0,-0.105361,0,-5.83565,-1.04272,africa,All,#4682B4,0
10,16,-9.4299,0.54558,2.72893,0.00107859,-4.69306,0.0276078,-2.99573,0,-4.94469,-0.00529148,4.6,0,-0.105361,0,-4.63389,0.159047,africa,All,#4682B4,0
1,17,-9.90197,0.0735033,2.74651,0.0186543,-4.68881,0.0318617,-2.99573,0,-4.93835,0.0010562,4.6,0,-0.105361,0,-3.69845,1.09448,africa,All,#4682B4,0
2,17,-8.72974,1.24573,2.73721,0.00936253,-4.74481,-0.0241416,-2.99573,0,-4.94997,-0.0105697,4.6,0,-0.105361,0,-4.29564,0.497289,africa,All,#4682B4,0
3,17,-11.7139,-1.73839,2.73079,0.00293665,-4.67123,0.0494416,-2.99573,0,-4.93583,0.00357053,4.6,0,-0.105361,0,-4.77151,0.0214266,africa,All,#4682B4,0
4,17,-11.2518,-1.2763,2.73836,0.0105034,-4.72493,-0.00425677,-2.99573,0,-4.93447,0.00493046,4.6,0,-0.105361,0,-5.02685,-0.233922,africa,All,#4682B4,0
5,17,-14.1922,-4.21676,2.71859,-0.00925781,-4.73883,-0.018163,-2.99573,0,-4.94929,-0.00988311,4.6,0,-0.105361,0,-4.99858,-0.205646,africa,All,#4682B4,0
6,17,-10.9706,-0.995111,2.7255,-0.00234934,-4.70043,0.0202372,-2.99573,0,-4.9415,-0.00209765,4.6,0,-0.105361,0,-4.59525,0.197678,africa,All,#4682B4,0
7,17,-12.1626,-2.18712,2.70388,-0.0239748,-4.71658,0.00409466,-2.99573,0,-4.9317,0.00770332,4.6,0,-0.105361,0,-5.85086,-1.05793,africa,All,#4682B4,0
8,17,-7.45615,2.51932,2.74348,0.0156301,-4.72419,-0.00352209,-2.99573,0,-4.93449,0.00490919,4.6,0,-0.105361,0,-5.33813,-0.545197,africa,All,#4682B4,0
9,17,-9.56954,0.40594,2.73808,0.0102259,-4.72752,-0.00685387,-2.99573,0,-4.94155,-0.00214839,4.6,0,-0.105361,0,-4.95632,-0.163389,africa,All,#4682B4,0
10,17,-8.8014,1.17407,2.72633,-0.00152577,-4.75748,-0.0368047,-2.99573,0,-4.93533,0.00407164,4.6,0,-0.105361,0,-4.54736,0.245574,africa,All,#4682B4,0
1,18,-0.0158268,9.95965,2.72348,-0.00436762,-4.81355,-0.0928815,-2.99573,0,-4.95364,-0.0142351,4.6,0,-0.105361,0,-4.21796,0.574977,africa,All,#4682B4,0
2,18,-0.81452,9.16095,2.72432,-0.0035299,-4.72595,-0.005284,-2.99573,0,-4.94257,-0.00316544,4.6,0,-0.105361,0,-5.10983,-0.316902,africa,All,#4682B4,0
3,18,-2.53773,7.43774,2.75653,0.0286749,-4.64215,0.0785178,-2.99573,0,-4.93569,0.00371078,4.6,0,-0.105361,0,-4.69022,0.102716,africa,All,#4682B4,0
4,18,-4.49445,5.48102,2.71043,-0.0174222,-4.64486,0.0758105,-2.99573,0,-4.94942,-0.0100156,4.6,0,-0.105361,0,-4.5845,0.20843,africa,All,#4682B4,0
5,18,-3.18568,6.7898,2.69247,-0.0353772,-4.68913,0.0315404,-2.99573,0,-4.9383,0.00110317,4.6,0,-0.105361,0,-4.8541,-0.0611639,africa,All,#4682B4,0
6,18,-2.56053,7.41494,2.72723,-0.000617866,-4.64891,0.071756,-2.99573,0,-4.93601,0.00339661,4.6,0,-0.105361,0,-4.37006,0.422873,africa,All,#4682B4,0
7,18,-2.01497,7.96051,2.70395,-0.0238994,-4.6685,0.052175,-2.99573,0,-4.93698,0.00241939,4.6,0,-0.105361,0,-4.40566,0.387268,africa,All,#4682B4,0
8,18,-3.30832,6.66715,2.7067,-0.0211505,-4.64107,0.0795987,-2.99573,0,-4.94858,-0.00917625,4.6,0,-0.105361,0,-3.97861,0.81432,africa,All,#4682B4,0
9,18,-3.12106,6.85441,2.71519,-0.0126645,-4.68567,0.0350029,-2.99573,0,-4.96025,-0.0208471,4.6,0,-0.105361,0,-3.95782,0.835109,africa,All,#4682B4,0
10,18,-2.33379,7.64169,2.68536,-0.042494,-4.71147,0.00920333,-2.99573,0,-4.93534,0.00405986,4.6,0,-0.105361,0,-3.90324,0.889695,africa,All,#4682B4,0
1,19,-11.4939,-1.51843,2.7243,-0.00355142,-4.75423,-0.0335575,-2.99573,0,-4.93563,0.00377698,4.6,0,-0.105361,0,-4.83906,-0.0461314,africa,All,#4682B4,0
2,19,-12.0776,-2.10208,2.71587,-0.0119797,-4.73452,-0.0138473,-2.99573,0,-4.92261,0.0167883,4.6,0,-0.105361,0,-5.03899,-0.246054,africa,All,#4682B4,0
3,19,-13.0951,-3.11963,2.75203,0.024173,-4.75595,-0.0352791,-2.99573,0,-4.94583,-0.00642666,4.6,0,-0.105361,0,-4.37647,0.416459,africa,All,#4682B4,0
4,19,-14.9243,-4.94886,2.70648,-0.0213733,-4.76319,-0.0425159,-2.99573,0,-4.93108,0.00832532,4.6,0,-0.105361,0,-5.16989,-0.376954,africa,All,#4682B4,0
5,19,-17.3908,-7.41531,2.71487,-0.0129816,-4.67666,0.0440124,-2.99573,0,-4.92829,0.0111124,4.6,0,-0.105361,0,-5.10763,-0.314695,africa,All,#4682B4,0
6,19,-16.2761,-6.30064,2.72184,-0.00601592,-4.70683,0.0138396,-2.99573,0,-4.92928,0.010127,4.6,0,-0.105361,0,-4.26557,0.527365,africa,All,#4682B4,0
7,19,-15.6358,-5.66037,2.72427,-0.00357748,-4.67656,0.0441092,-2.99573,0,-4.94308,-0.0036788,4.6,0,-0.105361,0,-4.64537,0.147566,africa,All,#4682B4,0
8,19,-13.1707,-3.19524,2.72262,-0.00523,-4.75468,-0.0340061,-2.99573,0,-4.93867,0.000730673,4.6,0,-0.105361,0,-5.91995,-1.12702,africa,All,#4682B4,0
9,19,-11.9137,-1.93827,2.75828,0.030431,-4.75726,-0.036587,-2.99573,0,-4.94271,-0.00331096,4.6,0,-0.105361,0,-5.02786,-0.234927,africa,All,#4682B4,0
10,19,-12.9688,-2.99333,2.72419,-0.00366266,-4.77446,-0.0537882,-2.99573,0,-4.9461,-0.00669609,4.6,0,-0.105361,0,-4.16941,0.623524,africa,All,#4682B4,0
1,20,-7.3283,2.64718,2.77528,0.0474283,-4.7519,-0.0312262,-2.99573,0,-4.94749,-0.00808423,4.6,0,-0.105361,0,-4.78058,0.0123515,africa,All,#4682B4,0
2,20,-10.3038,-0.328357,2.72595,-0.00190559,-4.69503,0.0256358,-2.99573,0,-4.93209,0.00731504,4.6,0,-0.105361,0,-5.15902,-0.366091,africa,All,#4682B4,0
3,20,-8.73861,1.23686,2.71156,-0.0162912,-4.74579,-0.0251233,-2.99573,0,-4.92961,0.00979224,4.6,0,-0.105361,0,-4.928,-0.135069,africa,All,#4682B4,0
4,20,-8.14475,1.83072,2.73675,0.00890228,-4.78506,-0.0643852,-2.99573,0,-4.95361,-0.0142115,4.6,0,-0.105361,0,-4.87702,-0.0840895,africa,All,#4682B4,0
5,20,-8.88646,1.08902,2.72209,-0.00576283,-4.76225,-0.0415745,-2.99573,0,-4.94284,-0.00343371,4.6,0,-0.105361,0,-4.49719,0.29574,africa,All,#4682B4,0
6,20,-7.29502,2.68045,2.73001,0.00215906,-4.76842,-0.0477514,-2.99573,0,-4.93019,0.00921274,4.6,0,-0.105361,0,-4.9403,-0.147365,africa,All,#4682B4,0
7,20,-10.0973,-0.121846,2.73427,0.00641323,-4.69788,0.0227923,-2.99573,0,-4.92874,0.0106591,4.6,0,-0.105361,0,-5.35489,-0.561961,africa,All,#4682B4,0
8,20,-7.45174,2.52373,2.75846,0.030604,-4.73105,-0.0103753,-2.99573,0,-4.92511,0.0142969,4.6,0,-0.105361,0,-4.76315,0.0297826,africa,All,#4682B4,0
9,20,-11.3253,-1.3498,2.69316,-0.0346896,-4.72277,-0.002099,-2.99573,0,-4.94044,-0.00103328,4.6,0,-0.105361,0,-5.04568,-0.252743,africa,All,#4682B4,0
10,20,-5.80755,4.16793,2.72356,-0.00429239,-4.80147,-0.0808024,-2.99573,0,-4.92729,0.0121097,4.6,0,-0.105361,0,-5.24499,-0.452054,africa,All,#4682B4,0
1,21,-10.4182,-0.442728,2.73517,0.00732121,-4.8058,-0.0851265,-2.99573,0,-4.93644,0.0029589,4.6,0,-0.105361,0,-5.07653,-0.283592,africa,All,#4682B4,0
2,21,-11.9638,-1.98837,2.70644,-0.0214142,-4.73464,-0.0139703,-2.99573,0,-4.92562,0.0137841,4.6,0,-0.105361,0,-4.74129,0.0516443,africa,All,#4682B4,0
3,21,-11.6393,-1.66385,2.74221,0.0143558,-4.72271,-0.00203745,-2.99573,0,-4.94096,-0.00155444,4.6,0,-0.105361,0,-4.30249,0.490442,africa,All,#4682B4,0
4,21,-10.537,-0.561485,2.71503,-0.0128243,-4.78501,-0.0643425,-2.99573,0,-4.93003,0.00936887,4.6,0,-0.105361,0,-3.82169,0.971242,africa,All,#4682B4,0
5,21,-11.2927,-1.31721,2.75475,0.0269004,-4.76544,-0.0447698,-2.99573,0,-4.94966,-0.0102621,4.6,0,-0.105361,0,-4.67388,0.119054,africa,All,#4682B4,0
6,21,-13.1771,-3.20166,2.72418,-0.00367075,-4.6893,0.0313746,-2.99573,0,-4.92638,0.0130246,4.6,0,-0.105361,0,-4.58943,0.203507,africa,All,#4682B4,0
7,21,-11.4044,-1.4289,2.72387,-0.00398665,-4.73388,-0.0132096,-2.99573,0,-4.93728,0.00212217,4.6,0,-0.105361,0,-4.07434,0.718589,africa,All,#4682B4,0
8,21,-8.73522,1.24025,2.76342,0.0355678,-4.82933,-0.108657,-2.99573,0,-4.94987,-0.0104625,4.6,0,-0.105361,0,-4.26451,0.528424,africa,All,#4682B4,0
9,21,-11.8265,-1.85106,2.70319,-0.0246657,-4.72019,0.00048326,-2.99573,0,-4.92925,0.0101504,4.6,0,-0.105361,0,-4.92588,-0.132952,africa,All,#4682B4,0
10,21,-12.686,-2.71056,2.72785,-1.66051e-06,-4.70703,0.0136369,-2.99573,0,-4.92528,0.0141273,4.6,0,-0.105361,0,-4.89521,-0.102274,africa,All,#4682B4,0
1,22,-12.3216,-2.34614,2.77078,0.0429258,-4.71453,0.00614517,-2.99573,0,-4.9316,0.00780622,4.6,0,-0.105361,0,-4.61172,0.181208,africa,All,#4682B4,0
2,22,-17.091,-7.11555,2.71146,-0.0163916,-4.81186,-0.0911875,-2.99573,0,-4.93279,0.00661476,4.6,0,-0.105361,0,-4.76069,0.0322381,africa,All,#4682B4,0
3,22,-14.1889,-4.2134,2.77241,0.0445572,-4.73033,-0.00966335,-2.99573,0,-4.93907,0.000330289,4.6,0,-0.105361,0,-4.12347,0.66946,africa,All,#4682B4,0
4,22,-13.45,-3.47457,2.7314,0.00355156,-4.75127,-0.0305957,-2.99573,0,-4.94596,-0.00655271,4.6,0,-0.105361,0,-4.2353,0.557633,africa,All,#4682B4,0
5,22,-15.5018,-5.52634,2.73674,0.00889229,-4.69034,0.030327,-2.99573,0,-4.9442,-0.00480004,4.6,0,-0.105361,0,-4.48342,0.309513,africa,All,#4682B4,0
6,22,-15.7475,-5.77201,2.72563,-0.00222421,-4.67561,0.045059,-2.99573,0,-4.91588,0.0235212,4.6,0,-0.105361,0,-4.26234,0.530589,africa,All,#4682B4,0
7,22,-16.054,-6.07848,2.76239,0.0345412,-4.73439,-0.0137226,-2.99573,0,-4.9544,-0.0149989,4.6,0,-0.105361,0,-3.82658,0.966353,africa,All,#4682B4,0
8,22,-12.7353,-2.7598,2.72163,-0.00621847,-4.77985,-0.0591808,-2.99573,0,-4.93868,0.00072669,4.6,0,-0.105361,0,-4.72883,0.0641063,africa,All,#4682B4,0
9,22,-14.3382,-4.36269,2.7396,0.0117496,-4.81151,-0.0908394,-2.99573,0,-4.94542,-0.00601758,4.6,0,-0.105361,0,-4.12433,0.6686,africa,All,#4682B4,0
10,22,-16.1813,-6.20587,2.74048,0.0126271,-4.76448,-0.0438092,-2.99573,0,-4.9496,-0.0102006,4.6,0,-0.105361,0,-4.59322,0.19971,africa,All,#4682B4,0
1,23,-15.7151,-5.73961,2.70404,-0.0238161,-4.70217,0.0185045,-2.99573,0,-4.93352,0.00588161,4.6,0,-0.105361,0,-4.99789,-0.204961,africa,All,#4682B4,0
2,23,-12.3497,-2.37421,2.73569,0.0078329,-4.70957,0.0110983,-2.99573,0,-4.92906,0.0103431,4.6,0,-0.105361,0,-5.34892,-0.555988,africa,All,#4682B4,0
3,23,-9.00032,0.975158,2.72887,0.00102027,-4.7947,-0.0740316,-2.99573,0,-4.93087,0.0085297,4.6,0,-0.105361,0,-5.24337,-0.450442,africa,All,#4682B4,0
4,23,-11.8893,-1.91386,2.71469,-0.0131583,-4.76568,-0.0450056,-2.99573,0,-4.94591,-0.00650437,4.6,0,-0.105361,0,-5.48084,-0.68791,africa,All,#4682B4,0
5,23,-10.8507,-0.875208,2.74902,0.02117,-4.68666,0.0340065,-2.99573,0,-4.93076,0.0086435,4.6,0,-0.105361,0,-5.55689,-0.763961,africa,All,#4682B4,0
6,23,-13.1255,-3.15006,2.74169,0.0138348,-4.7147,0.00597329,-2.99573,0,-4.93402,0.0053843,4.6,0,-0.105361,0,-5.42851,-0.63558,africa,All,#4682B4,0
7,23,-11.0508,-1.07529,2.72838,0.000528237,-4.70929,0.0113852,-2.99573,0,-4.93528,0.00412622,4.6,0,-0.105361,0,-5.15604,-0.363103,africa,All,#4682B4,0
8,23,-9.44789,0.527589,2.71032,-0.0175346,-4.75414,-0.0334658,-2.99573,0,-4.94494,-0.00553999,4.6,0,-0.105361,0,-5.29823,-0.505301,africa,All,#4682B4,0
9,23,-12.4932,-2.51775,2.72108,-0.00677645,-4.76651,-0.0458405,-2.99573,0,-4.94926,-0.00985594,4.6,0,-0.105361,0,-5.34758,-0.554646,africa,All,#4682B4,0
10,23,-11.5893,-1.6138,2.76182,0.0339659,-4.71551,0.00516218,-2.99573,0,-4.94827,-0.00886634,4.6,0,-0.105361,0,-4.92022,-0.12729,africa,All,#4682B4,0
1,24,-10.4775,-0.502036,2.71971,-0.00813779,-4.73807,-0.0173984,-2.99573,0,-4.94405,-0.004647,4.6,0,-0.105361,0,-5.90079,-1.10786,africa,All,#4682B4,0
2,24,-9.12494,0.850536,2.70519,-0.0226572,-4.75892,-0.0382525,-2.99573,0,-4.93625,0.00315523,4.6,0,-0.105361,0,-5.33407,-0.541135,africa,All,#4682B4,0
3,24,-10.3498,-0.374339,2.72992,0.00206296,-4.71059,0.0100818,-2.99573,0,-4.93901,0.000387844,4.6,0,-0.105361,0,-5.19677,-0.403836,africa,All,#4682B4,0
4,24,-11.1427,-1.16727,2.7136,-0.0142508,-4.75699,-0.0363161,-2.99573,0,-4.94405,-0.00465121,4.6,0,-0.105361,0,-5.01724,-0.224304,africa,All,#4682B4,0
5,24,-8.88872,1.08675,2.73554,0.00768456,-4.72046,0.000206575,-2.99573,0,-4.94179,-0.00238469,4.6,0,-0.105361,0,-4.71035,0.0825786,africa,All,#4682B4,0
6,24,-11.2199,-1.2444,2.71179,-0.0160586,-4.72482,-0.0041508,-2.99573,0,-4.93589,0.00351719,4.6,0,-0.105361,0,-5.01136,-0.218427,africa,All,#4682B4,0
7,24,-9.85052,0.124956,2.75598,0.028132,-4.69764,0.0230285,-2.99573,0,-4.93342,0.00598437,4.6,0,-0.105361,0,-5.09411,-0.30118,africa,All,#4682B4,0
8,24,-10.4259,-0.450385,2.73949,0.0116351,-4.70587,0.0148028,-2.99573,0,-4.9376,0.00180254,4.6,0,-0.105361,0,-5.45407,-0.661139,africa,All,#4682B4,0
9,24,-11.7925,-1.81707,2.72356,-0.0042936,-4.72621,-0.00553736,-2.99573,0,-4.92754,0.0118644,4.6,0,-0.105361,0,-5.01153,-0.2186,africa,All,#4682B4,0
10,24,-9.91493,0.0605413,2.74027,0.0124201,-4.6957,0.0249726,-2.99573,0,-4.92431,0.0150921,4.6,0,-0.105361,0,-5.13354,-0.340609,africa,All,#4682B4,0
1,25,-10.7981,-0.822655,2.69542,-0.0324341,-4.68062,0.0400469,-2.99573,0,-4.95081,-0.0114076,4.6,0,-0.105361,0,-4.29899,0.493945,africa,All,#4682B4,0
2,25,-8.63249,1.34298,2.72102,-0.00683663,-4.77232,-0.0516504,-2.99573,0,-4.94375,-0.0043462,4.6,0,-0.105361,0,-4.28267,0.510259,africa,All,#4682B4,0
3,25,-9.93855,0.0369208,2.73407,0.00621793,-4.7101,0.0105708,-2.99573,0,-4.94448,-0.00508059,4.6,0,-0.105361,0,-4.50195,0.290983,africa,All,#4682B4,0
4,25,-10.9566,-0.981116,2.76204,0.0341876,-4.6158,0.104872,-2.99573,0,-4.93129,0.00810845,4.6,0,-0.105361,0,-5.14636,-0.353428,africa,All,#4682B4,0
5,25,-10.6985,-0.723017,2.72511,-0.00274548,-4.68501,0.035659,-2.99573,0,-4.9478,-0.00840015,4.6,0,-0.105361,0,-4.55756,0.235378,africa,All,#4682B4,0
6,25,-8.17671,1.79877,2.71496,-0.012894,-4.69259,0.0280816,-2.99573,0,-4.93836,0.00104298,4.6,0,-0.105361,0,-4.16453,0.6284,africa,All,#4682B4,0
7,25,-11.3441,-1.36858,2.74375,0.0159011,-4.70309,0.0175767,-2.99573,0,-4.93979,-0.000383601,4.6,0,-0.105361,0,-4.94227,-0.149333,africa,All,#4682B4,0
8,25,-11.2129,-1.23747,2.72699,-0.000866085,-4.67203,0.0486387,-2.99573,0,-4.94393,-0.00452831,4.6,0,-0.105361,0,-4.18101,0.611922,africa,All,#4682B4,0
9,25,-9.40352,0.57195,2.74624,0.0183924,-4.66593,0.0547386,-2.99573,0,-4.93851,0.000891296,4.6,0,-0.105361,0,-4.35149,0.441441,africa,All,#4682B4,0
10,25,-9.81574,0.159733,2.73825,0.0103962,-4.734,-0.0133322,-2.99573,0,-4.94763,-0.00822776,4.6,0,-0.105361,0,-4.29334,0.499588,africa,All,#4682B4,0
1,26,-10.0486,-0.07315,2.73215,0.00429841,-4.69678,0.0238914,-2.99573,0,-4.93035,0.00905658,4.6,0,-0.105361,0,-4.79803,-0.00509214,africa,All,#4682B4,0
2,26,-11.0992,-1.12374,2.74924,0.021385,-4.69651,0.0241612,-2.99573,0,-4.94152,-0.00211518,4.6,0,-0.105361,0,-4.35813,0.434803,africa,All,#4682B4,0
3,26,-9.59492,0.380553,2.73835,0.0105006,-4.74793,-0.0272559,-2.99573,0,-4.93658,0.00282265,4.6,0,-0.105361,0,-4.44499,0.347945,africa,All,#4682B4,0
4,26,-11.6157,-1.64023,2.70272,-0.0251295,-4.74451,-0.0238381,-2.99573,0,-4.93567,0.0037305,4.6,0,-0.105361,0,-4.72459,0.0683443,africa,All,#4682B4,0
5,26,-11.8083,-1.83282,2.74453,0.0166786,-4.72989,-0.00921463,-2.99573,0,-4.95133,-0.0119233,4.6,0,-0.105361,0,-5.02295,-0.230019,africa,All,#4682B4,0
6,26,-14.4589,-4.48342,2.6938,-0.0340514,-4.68334,0.0373331,-2.99573,0,-4.93257,0.00683344,4.6,0,-0.105361,0,-4.50956,0.283369,africa,All,#4682B4,0
7,26,-10.8104,-0.834891,2.75711,0.0292566,-4.71166,0.00901062,-2.99573,0,-4.93263,0.0067742,4.6,0,-0.105361,0,-4.82437,-0.0314385,africa,All,#4682B4,0
8,26,-7.90338,2.07209,2.73671,0.00885709,-4.72858,-0.00791424,-2.99573,0,-4.9277,0.0117012,4.6,0,-0.105361,0,-4.83287,-0.039942,africa,All,#4682B4,0
9,26,-11.5049,-1.52944,2.72368,-0.00417479,-4.71662,0.00404627,-2.99573,0,-4.94562,-0.00621794,4.6,0,-0.105361,0,-4.97626,-0.183323,africa,All,#4682B4,0
10,26,-15.1742,-5.19869,2.73298,0.00512746,-4.70409,0.0165775,-2.99573,0,-4.95556,-0.016158,4.6,0,-0.105361,0,-5.02329,-0.230359,africa,All,#4682B4,0
1,27,-13.7296,-3.75413,2.67771,-0.0501439,-4.71526,0.00541444,-2.99573,0,-4.93399,0.00541358,4.6,0,-0.105361,0,-5.48696,-0.694031,africa,All,#4682B4,0
2,27,-13.2556,-3.28012,2.72439,-0.00346329,-4.6961,0.0245718,-2.99573,0,-4.9422,-0.00279237,4.6,0,-0.105361,0,-4.95677,-0.163834,africa,All,#4682B4,0
3,27,-13.51,-3.53456,2.72485,-0.00300024,-4.6807,0.0399672,-2.99573,0,-4.9357,0.00370385,4.6,0,-0.105361,0,-4.9644,-0.171465,africa,All,#4682B4,0
4,27,-11.7635,-1.78798,2.74032,0.0124693,-4.76844,-0.0477725,-2.99573,0,-4.94771,-0.00830725,4.6,0,-0.105361,0,-4.63212,0.16081,africa,All,#4682B4,0
5,27,-10.0314,-0.0558993,2.71252,-0.0153295,-4.77371,-0.0530438,-2.99573,0,-4.93841,0.000991496,4.6,0,-0.105361,0,-5.15624,-0.363309,africa,All,#4682B4,0
6,27,-13.0123,-3.03678,2.73697,0.00911924,-4.69281,0.0278653,-2.99573,0,-4.95278,-0.013375,4.6,0,-0.105361,0,-5.05871,-0.265778,africa,All,#4682B4,0
7,27,-11.4467,-1.47124,2.75601,0.0281537,-4.6981,0.0225661,-2.99573,0,-4.94075,-0.00135084,4.6,0,-0.105361,0,-4.5952,0.197738,africa,All,#4682B4,0
8,27,-11.9219,-1.94646,2.73312,0.00526794,-4.68178,0.0388864,-2.99573,0,-4.9403,-0.000897619,4.6,0,-0.105361,0,-5.06064,-0.26771,africa,All,#4682B4,0
9,27,-11.6441,-1.66862,2.75664,0.0287908,-4.73301,-0.0123428,-2.99573,0,-4.93616,0.00323925,4.6,0,-0.105361,0,-5.53459,-0.741658,africa,All,#4682B4,0
10,27,-12.1286,-2.15313,2.72899,0.00113295,-4.70464,0.0160282,-2.99573,0,-4.93856,0.000839547,4.6,0,-0.105361,0,-5.32145,-0.528514,africa,All,#4682B4,0
1,28,-8.27698,1.6985,2.74122,0.0133656,-4.72736,-0.00669348,-2.99573,0,-4.9284,0.0110007,4.6,0,-0.105361,0,-5.79288,-0.999947,africa,All,#4682B4,0
2,28,-8.03642,1.93906,2.73286,0.00500753,-4.7625,-0.0418333,-2.99573,0,-4.93659,0.00281193,4.6,0,-0.105361,0,-5.02225,-0.229314,africa,All,#4682B4,0
3,28,-8.05075,1.92473,2.73226,0.00440628,-4.72368,-0.00300628,-2.99573,0,-4.93173,0.00767685,4.6,0,-0.105361,0,-5.78549,-0.992555,africa,All,#4682B4,0
4,28,-9.44169,0.533781,2.70261,-0.0252385,-4.72327,-0.00260335,-2.99573,0,-4.94096,-0.00156201,4.6,0,-0.105361,0,-5.43594,-0.643007,africa,All,#4682B4,0
5,28,-11.5604,-1.58494,2.72595,-0.00190508,-4.71094,0.00972737,-2.99573,0,-4.95243,-0.0130303,4.6,0,-0.105361,0,-4.97929,-0.186353,africa,All,#4682B4,0
6,28,-8.4216,1.55388,2.72659,-0.00125889,-4.71272,0.00794742,-2.99573,0,-4.92649,0.0129098,4.6,0,-0.105361,0,-4.40555,0.387378,africa,All,#4682B4,0
7,28,-9.1741,0.80137,2.75571,0.0278544,-4.72723,-0.00656163,-2.99573,0,-4.93874,0.000663008,4.6,0,-0.105361,0,-4.53432,0.258612,africa,All,#4682B4,0
8,28,-11.3179,-1.3424,2.72989,0.00203993,-4.73353,-0.0128556,-2.99573,0,-4.94203,-0.0026266,4.6,0,-0.105361,0,-4.37632,0.416615,africa,All,#4682B4,0
9,28,-10.4902,-0.51476,2.75854,0.030683,-4.69636,0.0243063,-2.99573,0,-4.94899,-0.00958689,4.6,0,-0.105361,0,-4.27638,0.516556,africa,All,#4682B4,0
10,28,-9.26099,0.714484,2.74301,0.0151582,-4.74482,-0.0241485,-2.99573,0,-4.94747,-0.00806879,4.6,0,-0.105361,0,-4.43206,0.360876,africa,All,#4682B4,0
1,29,-11.92,-1.94455,2.75599,0.0281421,-4.779,-0.058328,-2.99573,0,-4.94392,-0.00452194,4.6,0,-0.105361,0,-4.70734,0.0855888,africa,All,#4682B4,0
2,29,-14.5307,-4.55527,2.72876,0.000908155,-4.68759,0.0330855,-2.99573,0,-4.93373,0.00567162,4.6,0,-0.105361,0,-4.63452,0.158413,africa,All,#4682B4,0
3,29,-17.1704,-7.19492,2.73575,0.00789621,-4.71316,0.00751118,-2.99573,0,-4.93103,0.00837437,4.6,0,-0.105361,0,-4.80802,-0.015089,africa,All,#4682B4,0
4,29,-13.0914,-3.11593,2.75026,0.022412,-4.69809,0.0225845,-2.99573,0,-4.92495,0.0144518,4.6,0,-0.105361,0,-5.04669,-0.253753,africa,All,#4682B4,0
5,29,-13.3716,-3.3961,2.72507,-0.00278364,-4.74395,-0.0232803,-2.99573,0,-4.93257,0.00682891,4.6,0,-0.105361,0,-5.35205,-0.559116,africa,All,#4682B4,0
6,29,-15.8698,-5.89434,2.74695,0.0191009,-4.70394,0.016732,-2.99573,0,-4.94823,-0.00882399,4.6,0,-0.105361,0,-4.61398,0.178958,africa,All,#4682B4,0
7,29,-13.1317,-3.15618,2.7417,0.0138486,-4.74917,-0.0285013,-2.99573,0,-4.936,0.00340089,4.6,0,-0.105361,0,-5.1097,-0.316765,africa,All,#4682B4,0
8,29,-16.8888,-6.91335,2.74625,0.0183961,-4.73483,-0.0141572,-2.99573,0,-4.93861,0.000797336,4.6,0,-0.105361,0,-4.76398,0.0289577,africa,All,#4682B4,0
9,29,-14.4621,-4.48666,2.71972,-0.00813344,-4.71688,0.00378597,-2.99573,0,-4.93528,0.00411852,4.6,0,-0.105361,0,-4.70371,0.0892259,africa,All,#4682B4,0
10,29,-16.0306,-6.05512,2.74552,0.01767,-4.7189,0.00176955,-2.99573,0,-4.93325,0.00615665,4.6,0,-0.105361,0,-5.57987,-0.786939,africa,All,#4682B4,0
1,30,-7.16319,2.81229,2.71063,-0.0172246,-4.7584,-0.0377257,-2.99573,0,-4.93099,0.00841523,4.6,0,-0.105361,0,-4.60402,0.188909,africa,All,#4682B4,0
2,30,-8.33223,1.64324,2.73213,0.00427845,-4.74741,-0.0267414,-2.99573,0,-4.92951,0.00989498,4.6,0,-0.105361,0,-5.26253,-0.469593,africa,All,#4682B4,0
3,30,-7.36894,2.60653,2.7186,-0.00925601,-4.75455,-0.0338834,-2.99573,0,-4.92782,0.0115856,4.6,0,-0.105361,0,-4.65563,0.137304,africa,All,#4682B4,0
4,30,-9.33976,0.635716,2.7253,-0.00254962,-4.73791,-0.0172408,-2.99573,0,-4.92178,0.0176242,4.6,0,-0.105361,0,-5.18965,-0.396719,africa,All,#4682B4,0
5,30,-10.3467,-0.371183,2.72477,-0.00307876,-4.72046,0.000214552,-2.99573,0,-4.94144,-0.00203992,4.6,0,-0.105361,0,-5.09642,-0.303484,africa,All,#4682B4,0
6,30,-11.5011,-1.52558,2.69231,-0.0355385,-4.71047,0.0101993,-2.99573,0,-4.95279,-0.0133919,4.6,0,-0.105361,0,-4.70415,0.0887824,africa,All,#4682B4,0
7,30,-8.58089,1.39459,2.75272,0.0248691,-4.67351,0.0471619,-2.99573,0,-4.94537,-0.00596304,4.6,0,-0.105361,0,-4.5275,0.26543,africa,All,#4682B4,0
8,30,-8.10919,1.86628,2.72371,-0.00413929,-4.65346,0.0672058,-2.99573,0,-4.91777,0.0216315,4.6,0,-0.105361,0,-5.56524,-0.772311,africa,All,#4682B4,0
9,30,-11.1221,-1.14661,2.71679,-0.0110617,-4.6989,0.021774,-2.99573,0,-4.94176,-0.00235719,4.6,0,-0.105361,0,-4.78653,0.00640109,africa,All,#4682B4,0
10,30,-9.92128,0.054191,2.71166,-0.0161904,-4.67961,0.0410637,-2.99573,0,-4.92517,0.0142364,4.6,0,-0.105361,0,-4.69989,0.0930476,africa,All,#4682B4,0
1,31,-8.21315,1.76233,2.72446,-0.00339454,-4.75562,-0.0349517,-2.99573,0,-4.93786,0.00154441,4.6,0,-0.105361,0,-4.54813,0.244805,africa,All,#4682B4,0
2,31,-10.2693,-0.29382,2.69634,-0.0315156,-4.75784,-0.0371657,-2.99573,0,-4.94433,-0.00492239,4.6,0,-0.105361,0,-4.71571,0.0772224,africa,All,#4682B4,0
3,31,-9.85748,0.117993,2.71461,-0.0132411,-4.75279,-0.0321187,-2.99573,0,-4.94688,-0.007479,4.6,0,-0.105361,0,-4.87395,-0.0810137,africa,All,#4682B4,0
4,31,-7.70643,2.26905,2.75912,0.0312678,-4.70085,0.0198175,-2.99573,0,-4.93653,0.00287626,4.6,0,-0.105361,0,-5.246,-0.453062,africa,All,#4682B4,0
5,31,-8.71557,1.25991,2.74045,0.0125968,-4.73675,-0.0160824,-2.99573,0,-4.9436,-0.00419572,4.6,0,-0.105361,0,-4.86597,-0.0730371,africa,All,#4682B4,0
6,31,-11.5586,-1.58315,2.71295,-0.0148976,-4.6995,0.021172,-2.99573,0,-4.93068,0.00872366,4.6,0,-0.105361,0,-4.75081,0.0421211,africa,All,#4682B4,0
7,31,-11.3691,-1.39366,2.70592,-0.0219281,-4.70008,0.0205915,-2.99573,0,-4.93245,0.00695132,4.6,0,-0.105361,0,-5.4047,-0.61177,africa,All,#4682B4,0
8,31,-10.8517,-0.876273,2.74008,0.0122284,-4.63586,0.0848137,-2.99573,0,-4.93125,0.00815329,4.6,0,-0.105361,0,-4.4731,0.319836,africa,All,#4682B4,0
9,31,-11.6896,-1.71412,2.71028,-0.0175754,-4.69066,0.0300102,-2.99573,0,-4.93509,0.00430984,4.6,0,-0.105361,0,-4.29007,0.502866,africa,All,#4682B4,0
10,31,-9.29008,0.685391,2.71222,-0.0156371,-4.75182,-0.0311532,-2.99573,0,-4.93686,0.00254162,4.6,0,-0.105361,0,-4.70997,0.0829664,africa,All,#4682B4,0
1,32,-19.5161,-9.54067,2.75632,0.0284664,-4.75609,-0.0354186,-2.99573,0,-4.94824,-0.00883584,4.6,0,-0.105361,0,-5.3406,-0.547665,africa,All,#4682B4,0
2,32,-19.49,-9.51454,2.74632,0.0184707,-4.72839,-0.00772379,-2.99573,0,-4.93309,0.00631483,4.6,0,-0.105361,0,-5.08815,-0.295213,africa,All,#4682B4,0
3,32,-17.7087,-7.7332,2.70368,-0.0241687,-4.73825,-0.0175781,-2.99573,0,-4.93224,0.00716038,4.6,0,-0.105361,0,-5.21584,-0.42291,africa,All,#4682B4,0
4,32,-21.245,-11.2695,2.77765,0.0498026,-4.79923,-0.0785595,-2.99573,0,-4.95263,-0.0132257,4.6,0,-0.105361,0,-5.08017,-0.287235,africa,All,#4682B4,0
5,32,-18.1081,-8.13267,2.7359,0.00805073,-4.71029,0.0103794,-2.99573,0,-4.92406,0.0153467,4.6,0,-0.105361,0,-5.97069,-1.17776,africa,All,#4682B4,0
6,32,-17.9016,-7.92617,2.76292,0.0350629,-4.74195,-0.0212837,-2.99573,0,-4.93667,0.0027332,4.6,0,-0.105361,0,-5.86969,-1.07676,africa,All,#4682B4,0
7,32,-20.6963,-10.7208,2.71312,-0.014728,-4.71339,0.00728406,-2.99573,0,-4.94276,-0.00335638,4.6,0,-0.105361,0,-5.73615,-0.94322,africa,All,#4682B4,0
8,32,-15.4477,-5.47226,2.76951,0.0416556,-4.81113,-0.0904596,-2.99573,0,-4.95063,-0.0112257,4.6,0,-0.105361,0,-5.31008,-0.51715,africa,All,#4682B4,0
9,32,-15.7417,-5.76618,2.74366,0.0158074,-4.78248,-0.0618105,-2.99573,0,-4.9346,0.00480027,4.6,0,-0.105361,0,-4.95554,-0.162603,africa,All,#4682B4,0
10,32,-14.3401,-4.36459,2.7547,0.0268487,-4.78803,-0.0673637,-2.99573,0,-4.93687,0.00252861,4.6,0,-0.105361,0,-5.30797,-0.51504,africa,All,#4682B4,0
1,33,-9.6061,0.369379,2.7242,-0.00365019,-4.68079,0.0398808,-2.99573,0,-4.92588,0.0135212,4.6,0,-0.105361,0,-4.51771,0.275225,africa,All,#4682B4,0
2,33,-10.1865,-0.211028,2.71762,-0.0102289,-4.68398,0.0366881,-2.99573,0,-4.92965,0.00975714,4.6,0,-0.105361,0,-4.5123,0.28063,africa,All,#4682B4,0
3,33,-8.04088,1.9346,2.7494,0.0215466,-4.76525,-0.0445768,-2.99573,0,-4.94159,-0.0021887,4.6,0,-0.105361,0,-5.5332,-0.740269,africa,All,#4682B4,0
4,33,-7.81837,2.1571,2.74057,0.0127207,-4.70923,0.0114439,-2.99573,0,-4.91852,0.0208854,4.6,0,-0.105361,0,-5.76623,-0.973294,africa,All,#4682B4,0
5,33,-6.94147,3.034,2.70756,-0.0202913,-4.75224,-0.0315659,-2.99573,0,-4.91651,0.0228944,4.6,0,-0.105361,0,-5.22647,-0.433537,africa,All,#4682B4,0
6,33,-9.6052,0.370275,2.69392,-0.0339336,-4.71406,0.00661314,-2.99573,0,-4.94341,-0.00401219,4.6,0,-0.105361,0,-4.06327,0.72966,africa,All,#4682B4,0
7,33,-9.08129,0.894181,2.7268,-0.00104972,-4.75149,-0.0308202,-2.99573,0,-4.95383,-0.0144297,4.6,0,-0.105361,0,-4.20258,0.590353,africa,All,#4682B4,0
8,33,-10.5634,-0.587904,2.74751,0.0196606,-4.67464,0.0460325,-2.99573,0,-4.94693,-0.007531,4.6,0,-0.105361,0,-4.09854,0.694397,africa,All,#4682B4,0
9,33,-7.74731,2.22817,2.73683,0.00897871,-4.77911,-0.0584443,-2.99573,0,-4.946,-0.00659978,4.6,0,-0.105361,0,-4.21578,0.577156,africa,All,#4682B4,0
10,33,-9.56586,0.409617,2.70917,-0.0186813,-4.78751,-0.066836,-2.99573,0,-4.95128,-0.0118728,4.6,0,-0.105361,0,-3.82827,0.964661,africa,All,#4682B4,0
1,34,-9.79653,0.178942,2.70853,-0.019325,-4.74072,-0.0200499,-2.99573,0,-4.93322,0.00618652,4.6,0,-0.105361,0,-4.45748,0.335453,africa,All,#4682B4,0
2,34,-9.81349,0.161989,2.71113,-0.0167191,-4.72853,-0.00785846,-2.99573,0,-4.9503,-0.0108987,4.6,0,-0.105361,0,-3.62442,1.16851,africa,All,#4682B4,0
3,34,-7.17951,2.79597,2.72368,-0.00417143,-4.78539,-0.0647179,-2.99573,0,-4.95255,-0.013143,4.6,0,-0.105361,0,-3.5599,1.23304,africa,All,#4682B4,0
4,34,-8.2543,1.72118,2.70224,-0.0256147,-4.75067,-0.0299975,-2.99573,0,-4.93873,0.000670295,4.6,0,-0.105361,0,-3.7931,0.999835,africa,All,#4682B4,0
5,34,-10.2412,-0.265697,2.75921,0.0313537,-4.67603,0.0446422,-2.99573,0,-4.94294,-0.00353779,4.6,0,-0.105361,0,-4.26253,0.530402,africa,All,#4682B4,0
6,34,-9.25548,0.719998,2.72721,-0.0006405,-4.70804,0.0126344,-2.99573,0,-4.94716,-0.00775464,4.6,0,-0.105361,0,-4.34345,0.449486,africa,All,#4682B4,0
7,34,-10.1438,-0.168318,2.74361,0.0157587,-4.70127,0.0194005,-2.99573,0,-4.94364,-0.0042379,4.6,0,-0.105361,0,-4.77839,0.014542,africa,All,#4682B4,0
8,34,-7.8996,2.07587,2.75106,0.0232036,-4.72841,-0.00774015,-2.99573,0,-4.93628,0.00311888,4.6,0,-0.105361,0,-4.69987,0.0930669,africa,All,#4682B4,0
9,34,-11.1083,-1.13279,2.72608,-0.00177087,-4.69106,0.0296121,-2.99573,0,-4.94766,-0.00826083,4.6,0,-0.105361,0,-5.20647,-0.413539,africa,All,#4682B4,0
10,34,-10.1513,-0.175873,2.71498,-0.0128765,-4.68661,0.0340594,-2.99573,0,-4.93699,0.00240964,4.6,0,-0.105361,0,-5.23056,-0.437631,africa,All,#4682B4,0
