rep,id,eta_initT,eta_aS,eta_dS,eta_tau,eta_lBt0,eta_lp,eta_dI,eta_w,data
1,35,-1.866959,0.018405,0.046401,0.000000,-0.054755,0.000000,-2.325673,-0.380587,thai
2,35,-1.377627,0.031538,0.037886,0.000000,0.006357,0.000000,-2.024534,1.240647,thai
3,35,-1.033948,-0.032004,0.161605,0.000000,0.079682,0.000000,-2.456093,0.852623,thai
4,35,-5.400889,-0.057045,0.143172,0.000000,0.097790,0.000000,-2.653424,-0.726732,thai
5,35,-0.042948,-0.029449,-0.249910,0.000000,0.020583,0.000000,-2.316197,-0.213926,thai
6,35,-0.577043,-0.053163,-0.223425,0.000000,-0.091367,0.000000,-2.297233,-0.043054,thai
7,35,-0.029064,0.000450,0.058877,0.000000,0.043576,0.000000,-1.897857,0.391261,thai
8,35,-4.475981,-0.002903,-0.059251,0.000000,-0.131227,0.000000,-2.405190,-0.437937,thai
9,35,0.290314,-0.016587,-0.091137,0.000000,0.021076,0.000000,-2.401863,-0.228854,thai
10,35,-2.432777,0.021968,0.017497,0.000000,-0.078020,0.000000,-2.305875,-0.197094,thai
1,36,4.365809,-0.000180,0.051996,0.000000,0.073889,0.000000,0.319196,-0.316693,thai
2,36,4.352118,0.037470,-0.144971,0.000000,-0.035749,0.000000,1.970781,0.182754,thai
3,36,4.352118,0.083680,-0.044451,0.000000,-0.015121,0.000000,4.311523,0.033205,thai
4,36,3.983955,0.000984,0.090239,0.000000,0.095185,0.000000,-0.244716,-0.427602,thai
5,36,4.150233,0.031919,-0.169052,0.000000,-0.062090,0.000000,0.419349,-0.234207,thai
6,36,4.653787,0.019721,-0.152099,0.000000,0.047219,0.000000,0.682117,-0.002800,thai
7,36,4.285672,0.044493,0.070527,0.000000,0.059129,0.000000,1.965994,0.059805,thai
8,36,4.411963,0.079225,-0.073052,0.000000,0.042789,0.000000,1.673162,-0.122498,thai
9,36,4.314701,-0.026810,0.017350,0.000000,0.054379,0.000000,1.215548,-0.029950,thai
10,36,4.567690,0.074978,-0.007496,0.000000,0.090702,0.000000,2.181833,-0.187531,thai
1,37,0.216903,0.008231,-0.003833,0.000000,-0.079644,0.000000,-1.353891,0.660882,thai
2,37,2.635501,0.082341,0.082443,0.000000,-0.004972,0.000000,-1.015849,0.698412,thai
3,37,-0.390691,0.096278,0.047556,0.000000,-0.081258,0.000000,-2.283263,0.311228,thai
4,37,-1.184920,0.023350,0.239902,0.000000,-0.094254,0.000000,-2.671949,0.711680,thai
5,37,2.141683,-0.065194,0.002193,0.000000,0.016883,0.000000,-2.291142,0.446467,thai
6,37,0.417083,0.152174,-0.002697,0.000000,-0.113057,0.000000,-1.924536,0.696539,thai
7,37,1.258470,-0.078703,0.120702,0.000000,0.076170,0.000000,-2.071938,0.157031,thai
8,37,-0.001086,-0.012278,0.218720,0.000000,0.045452,0.000000,-2.857914,-0.919536,thai
9,37,0.319996,-0.003614,-0.017518,0.000000,-0.119707,0.000000,-1.866884,1.472522,thai
10,37,2.737235,0.021247,-0.088824,0.000000,0.058994,0.000000,-2.138269,-0.219733,thai
1,38,-3.149261,0.057757,-0.007338,0.000000,-0.031913,0.000000,2.117667,-0.149147,thai
2,38,-6.580404,-0.005215,0.013379,0.000000,-0.115052,0.000000,1.479630,0.061848,thai
3,38,-2.842510,-0.018208,0.074617,0.000000,-0.030399,0.000000,1.253922,-0.001148,thai
4,38,-1.997545,0.000510,0.101733,0.000000,-0.041556,0.000000,-0.191097,0.126238,thai
5,38,0.689665,0.004487,-0.027709,0.000000,0.003173,0.000000,3.191590,0.533341,thai
6,38,-1.013399,0.020821,0.026271,0.000000,-0.032931,0.000000,-0.599380,0.386885,thai
7,38,-3.637864,0.158370,0.029451,0.000000,-0.104509,0.000000,1.636502,-0.323213,thai
8,38,-1.787607,-0.083394,-0.207863,0.000000,-0.076805,0.000000,0.150700,0.454606,thai
9,38,-1.641546,-0.008761,-0.084201,0.000000,-0.029955,0.000000,1.615756,-0.397292,thai
10,38,-0.907197,0.023019,0.074154,0.000000,0.025091,0.000000,-1.391761,-0.521509,thai
1,39,-2.275479,0.041640,-0.008065,0.000000,-0.142864,0.000000,1.242727,0.121647,thai
2,39,-0.463601,-0.028853,0.203140,0.000000,-0.109192,0.000000,0.593338,0.677971,thai
3,39,-0.641512,0.076217,0.201656,0.000000,-0.057773,0.000000,2.874224,0.015463,thai
4,39,-2.888368,-0.005238,0.230168,0.000000,-0.046284,0.000000,2.323269,-0.123196,thai
5,39,-1.940661,-0.011843,0.212685,0.000000,-0.095704,0.000000,1.093702,0.068415,thai
6,39,-2.347286,-0.111480,0.128558,0.000000,-0.031856,0.000000,1.664304,-0.113267,thai
7,39,-2.422354,0.006238,0.066586,0.000000,-0.146019,0.000000,1.231197,0.037431,thai
8,39,-1.551165,0.043187,-0.041863,0.000000,-0.161377,0.000000,2.123633,0.141184,thai
9,39,-1.593294,0.019899,0.129723,0.000000,-0.081357,0.000000,3.332474,-0.282521,thai
10,39,-2.003452,-0.076866,-0.007354,0.000000,-0.092792,0.000000,1.771860,-0.130022,thai
1,40,-0.712437,-0.090724,-0.171792,0.000000,-0.076830,0.000000,-2.494930,0.881008,thai
2,40,-0.820698,-0.112353,-0.024280,0.000000,0.040586,0.000000,-2.848415,0.248801,thai
3,40,-2.196066,-0.019427,0.101403,0.000000,-0.001298,0.000000,-1.840832,0.254828,thai
4,40,-1.327185,-0.039068,0.140381,0.000000,-0.019131,0.000000,-2.626807,0.268956,thai
5,40,-0.969397,-0.104351,-0.121144,0.000000,-0.039878,0.000000,-2.153288,-0.119886,thai
6,40,-0.691866,-0.120845,-0.031649,0.000000,0.025239,0.000000,-2.952639,0.528519,thai
7,40,-1.111201,-0.024439,0.041445,0.000000,-0.020543,0.000000,-2.894327,0.460099,thai
8,40,-1.690007,0.050187,-0.111815,0.000000,-0.108875,0.000000,-3.205466,0.513056,thai
9,40,-2.849940,0.058986,-0.047077,0.000000,-0.064025,0.000000,-2.882874,0.571902,thai
10,40,-3.623679,-0.086680,0.172513,0.000000,-0.052123,0.000000,-2.740607,0.412031,thai
1,41,0.711247,-0.024688,0.188783,0.000000,0.037169,0.000000,2.324501,0.816705,thai
2,41,1.293495,0.041265,0.073418,0.000000,-0.035698,0.000000,1.137441,0.224354,thai
3,41,0.477259,-0.045087,0.030005,0.000000,-0.020541,0.000000,2.433953,0.135684,thai
4,41,-0.009688,-0.058525,0.088793,0.000000,-0.005316,0.000000,-1.006150,0.037294,thai
5,41,1.668928,0.024131,-0.127033,0.000000,-0.049977,0.000000,1.096964,0.602634,thai
6,41,1.798846,-0.030341,-0.016840,0.000000,0.008174,0.000000,-0.147819,0.375836,thai
7,41,2.893101,-0.000583,-0.057621,0.000000,-0.015578,0.000000,-1.008333,0.183712,thai
8,41,1.349170,0.013153,0.103392,0.000000,-0.059642,0.000000,0.198288,1.089830,thai
9,41,0.055823,-0.022862,0.184828,0.000000,-0.002363,0.000000,1.433092,0.651902,thai
10,41,1.807510,-0.003856,0.001315,0.000000,-0.027394,0.000000,0.001729,0.408347,thai
1,42,-0.898087,-0.038085,-0.102629,0.000000,-0.082999,0.000000,1.210717,0.367806,thai
2,42,-0.399428,-0.025349,0.069473,0.000000,-0.073140,0.000000,-0.837575,0.672271,thai
3,42,1.958911,0.012054,-0.044798,0.000000,-0.076456,0.000000,-1.499343,-0.383472,thai
4,42,2.593831,-0.042091,-0.148379,0.000000,0.014236,0.000000,-0.783820,0.455179,thai
5,42,1.213208,-0.081740,-0.114491,0.000000,-0.044502,0.000000,-0.909262,0.371178,thai
6,42,0.565411,-0.015042,-0.011924,0.000000,-0.042722,0.000000,-1.604625,-0.517385,thai
7,42,2.283254,0.101257,-0.126916,0.000000,-0.054933,0.000000,-1.525123,-0.457652,thai
8,42,-0.880361,-0.003459,0.091635,0.000000,-0.040361,0.000000,-0.944312,0.330068,thai
9,42,0.421225,-0.077507,-0.031070,0.000000,-0.085662,0.000000,-1.857185,0.093890,thai
10,42,-1.699443,0.023347,0.020137,0.000000,-0.141520,0.000000,1.977365,0.525281,thai
1,43,1.836083,-0.020440,0.073614,0.000000,-0.096172,0.000000,-1.942758,0.554506,thai
2,43,0.752676,0.016761,0.149027,0.000000,-0.030686,0.000000,-3.131856,-0.337734,thai
3,43,1.510793,-0.030740,0.040523,0.000000,-0.030532,0.000000,-2.466873,0.460717,thai
4,43,0.900827,0.004888,-0.000168,0.000000,-0.102090,0.000000,-2.428382,0.328015,thai
5,43,0.696857,0.018875,0.094295,0.000000,-0.162803,0.000000,-2.525060,-0.409539,thai
6,43,1.433143,-0.030262,0.030740,0.000000,-0.114060,0.000000,-2.868561,0.393518,thai
7,43,1.348971,0.009114,0.117714,0.000000,-0.032414,0.000000,-2.698685,0.423639,thai
8,43,0.726318,-0.081370,0.155241,0.000000,-0.068125,0.000000,-2.551217,0.137214,thai
9,43,3.143592,-0.097198,0.007011,0.000000,0.098259,0.000000,-2.832504,-0.767692,thai
10,43,3.243999,-0.041995,-0.117242,0.000000,0.008103,0.000000,-2.725772,-0.170213,thai
1,44,-0.947232,0.086196,-0.054979,0.000000,0.090217,0.000000,1.902591,0.841731,thai
2,44,-4.029824,0.017469,0.030287,0.000000,0.054571,0.000000,1.321847,0.627127,thai
3,44,0.188639,-0.094872,0.033035,0.000000,0.113589,0.000000,0.375582,0.791216,thai
4,44,-2.010566,0.065661,0.071147,0.000000,0.037294,0.000000,-0.478178,0.446547,thai
5,44,-5.279966,0.039031,-0.000156,0.000000,-0.020158,0.000000,2.988944,0.636013,thai
6,44,0.818003,0.058027,0.087442,0.000000,0.110411,0.000000,1.042977,0.667411,thai
7,44,-1.384799,0.028322,-0.139102,0.000000,0.131431,0.000000,-0.544082,0.528487,thai
8,44,1.388391,-0.001712,-0.061486,0.000000,0.143687,0.000000,-0.164784,0.458450,thai
9,44,-1.021416,0.103720,0.088444,0.000000,0.030023,0.000000,0.046460,0.564069,thai
10,44,2.197088,0.051987,-0.052171,0.000000,0.105894,0.000000,3.607838,0.964206,thai
1,45,2.186405,-0.048604,0.065687,0.000000,-0.015680,0.000000,-0.391232,0.234032,thai
2,45,2.781801,-0.023761,0.091564,0.000000,0.044158,0.000000,-0.287788,-0.199362,thai
3,45,2.721646,0.074736,0.038489,0.000000,-0.039330,0.000000,0.008716,-0.149565,thai
4,45,2.298241,-0.092151,0.090640,0.000000,-0.006265,0.000000,-0.110413,0.048739,thai
5,45,2.122080,0.034632,-0.002094,0.000000,-0.024535,0.000000,4.496782,-0.270069,thai
6,45,2.045174,-0.018649,0.033637,0.000000,0.013128,0.000000,0.263722,-0.330152,thai
7,45,1.896707,0.054038,-0.115037,0.000000,-0.069467,0.000000,1.066933,-0.002893,thai
8,45,1.636392,-0.064048,0.119861,0.000000,0.060998,0.000000,1.429029,-0.471231,thai
9,45,2.662280,-0.066211,0.075754,0.000000,0.001981,0.000000,-0.291547,-0.136737,thai
10,45,1.209005,0.001261,0.269718,0.000000,0.014322,0.000000,-1.032356,-0.760346,thai
1,46,-1.412754,-0.066472,-0.138161,0.000000,-0.061705,0.000000,-1.895842,0.331401,thai
2,46,-1.371973,0.012891,-0.150885,0.000000,-0.193517,0.000000,-2.095841,0.095937,thai
3,46,-1.332596,0.040357,0.086084,0.000000,-0.029543,0.000000,1.321690,1.168722,thai
4,46,0.746940,0.007452,0.262039,0.000000,0.091438,0.000000,-1.946746,0.166725,thai
5,46,-0.121549,-0.058948,0.162985,0.000000,0.097078,0.000000,0.831195,0.466461,thai
6,46,1.012007,0.123255,0.071109,0.000000,0.079981,0.000000,0.173810,0.985431,thai
7,46,0.518025,0.036060,-0.146899,0.000000,-0.056765,0.000000,-0.593611,0.527702,thai
8,46,0.571083,-0.015670,-0.132390,0.000000,0.039375,0.000000,2.253929,0.139117,thai
9,46,2.618087,0.104824,-0.120616,0.000000,0.059647,0.000000,3.995580,1.101813,thai
10,46,-1.987600,0.029376,-0.089330,0.000000,-0.031117,0.000000,-0.427017,0.221944,thai
1,47,2.078620,-0.004970,0.031169,0.000000,-0.002860,0.000000,-1.593257,0.468648,thai
2,47,2.964412,-0.070341,0.127534,0.000000,0.089040,0.000000,-0.270121,0.544817,thai
3,47,2.204241,0.030933,0.233195,0.000000,0.071252,0.000000,1.270140,0.442430,thai
4,47,2.491872,0.001796,-0.012934,0.000000,0.020823,0.000000,-1.310756,0.196090,thai
5,47,1.499137,-0.103960,0.208344,0.000000,0.058969,0.000000,-0.095546,0.572571,thai
6,47,0.631305,0.097197,0.000758,0.000000,-0.091601,0.000000,0.919461,0.361355,thai
7,47,1.930758,0.044405,-0.041630,0.000000,-0.117991,0.000000,2.172006,0.585508,thai
8,47,2.298289,0.023253,-0.049249,0.000000,-0.071813,0.000000,0.564263,0.608576,thai
9,47,1.397110,-0.041452,-0.059553,0.000000,-0.081763,0.000000,2.549444,0.509887,thai
10,47,2.029414,0.024325,-0.084363,0.000000,-0.050447,0.000000,-1.232157,0.256497,thai
1,48,3.057472,-0.014457,-0.049435,0.000000,-0.007149,0.000000,-1.692213,0.690905,thai
2,48,-0.716076,-0.036000,-0.086992,0.000000,-0.065598,0.000000,2.024982,0.060092,thai
3,48,0.224365,0.021389,0.274751,0.000000,-0.011715,0.000000,-1.023980,0.092404,thai
4,48,-0.604510,-0.048381,0.071604,0.000000,-0.068423,0.000000,-1.407772,-0.396789,thai
5,48,-1.979731,0.016470,0.032043,0.000000,-0.156342,0.000000,1.621959,0.469120,thai
6,48,1.378829,0.004727,0.066493,0.000000,-0.084263,0.000000,0.713565,0.660935,thai
7,48,2.136872,-0.038488,-0.009219,0.000000,-0.034220,0.000000,-0.940202,0.714223,thai
8,48,0.885585,0.001013,0.119391,0.000000,-0.071181,0.000000,-1.098852,0.461587,thai
9,48,0.206689,-0.134833,-0.004701,0.000000,-0.064504,0.000000,0.805837,0.589994,thai
10,48,1.736495,0.014928,-0.020571,0.000000,-0.040507,0.000000,1.291084,0.549077,thai
1,49,4.265847,0.116226,0.058971,0.000000,0.011770,0.000000,2.928658,-0.610416,thai
2,49,3.981169,-0.004044,-0.005768,0.000000,0.032567,0.000000,2.723091,-0.597924,thai
3,49,3.546568,-0.031433,0.037378,0.000000,0.025328,0.000000,3.495433,-1.037894,thai
4,49,4.712210,0.055574,0.035147,0.000000,0.023688,0.000000,0.817492,-0.345616,thai
5,49,4.040580,0.118040,0.122494,0.000000,0.024223,0.000000,1.655738,-0.781097,thai
6,49,4.220122,-0.061775,0.143128,0.000000,0.088861,0.000000,1.029936,-0.945468,thai
7,49,3.923324,0.014861,0.016222,0.000000,-0.000312,0.000000,1.156884,-0.715896,thai
8,49,3.493834,-0.003241,0.069748,0.000000,0.035019,0.000000,3.505710,-0.914931,thai
9,49,4.290268,-0.043991,0.104397,0.000000,0.103214,0.000000,2.628845,-0.786156,thai
10,49,4.251421,-0.047590,-0.188747,0.000000,-0.040062,0.000000,1.586966,-0.466018,thai
1,50,3.802790,0.029186,0.130122,0.000000,0.044990,0.000000,-1.821768,-0.659496,thai
2,50,3.774139,0.002822,0.141727,0.000000,0.062672,0.000000,-2.014029,0.248111,thai
3,50,3.211729,0.043687,0.048628,0.000000,-0.037944,0.000000,-2.312321,-0.379154,thai
4,50,4.263589,-0.018340,-0.049057,0.000000,0.046405,0.000000,-1.415435,0.615906,thai
5,50,3.816481,0.005558,0.173609,0.000000,-0.002724,0.000000,1.881157,1.217794,thai
6,50,3.130027,0.024995,-0.016087,0.000000,-0.112253,0.000000,-1.682840,0.351166,thai
7,50,3.840836,-0.023033,-0.002488,0.000000,-0.011910,0.000000,-2.163019,0.061657,thai
8,50,4.451051,-0.032627,-0.083170,0.000000,0.099601,0.000000,-0.211851,1.512665,thai
9,50,3.896180,0.043754,0.013844,0.000000,0.055422,0.000000,-2.386949,-0.311767,thai
10,50,3.642465,-0.050479,0.025594,0.000000,0.028511,0.000000,-1.761979,0.208181,thai
1,51,1.076447,-0.055365,-0.055405,0.000000,-0.033372,0.000000,-0.326059,0.267551,thai
2,51,-3.845409,-0.103192,0.215563,0.000000,-0.013242,0.000000,-1.404239,-0.431321,thai
3,51,-0.923303,-0.021605,0.035432,0.000000,-0.108363,0.000000,-1.217317,0.305948,thai
4,51,-1.718276,0.056666,-0.091557,0.000000,-0.099965,0.000000,1.010569,0.298647,thai
5,51,0.627677,-0.004149,0.026994,0.000000,0.001234,0.000000,0.262660,0.230099,thai
6,51,-1.030860,0.047786,0.118623,0.000000,-0.018905,0.000000,0.205890,0.034104,thai
7,51,-1.085870,0.043925,0.121604,0.000000,-0.076990,0.000000,-0.868992,0.340305,thai
8,51,-3.063943,-0.017593,0.032246,0.000000,-0.073717,0.000000,0.771297,-0.179435,thai
9,51,-1.127400,-0.078663,0.003035,0.000000,-0.040607,0.000000,-0.843392,-0.047762,thai
10,51,-1.414560,0.138445,0.153434,0.000000,-0.070046,0.000000,0.183750,0.154203,thai
1,1,-0.003296,-0.098486,-0.017111,0.000000,-0.032032,0.000000,-1.626772,-0.288281,africa
2,1,-3.432187,0.003011,0.139382,0.000000,-0.019557,0.000000,2.294218,-0.174035,africa
3,1,-1.422476,-0.048678,0.297228,0.000000,0.036961,0.000000,1.161183,0.549037,africa
4,1,-2.447955,-0.042779,0.374768,0.000000,0.013591,0.000000,-0.915327,-0.224091,africa
5,1,-3.500407,-0.016226,0.040757,0.000000,-0.067890,0.000000,-1.638221,-0.747078,africa
6,1,1.554348,0.007266,-0.039577,0.000000,-0.003102,0.000000,-1.321118,0.276402,africa
7,1,-1.946631,-0.027892,0.020978,0.000000,-0.073701,0.000000,1.014030,-0.066239,africa
8,1,-1.711003,0.046030,-0.021341,0.000000,-0.090483,0.000000,0.153831,-0.223109,africa
9,1,-0.267145,-0.044406,0.339131,0.000000,0.083264,0.000000,0.775422,0.359343,africa
10,1,-1.363724,-0.092371,0.001547,0.000000,-0.012067,0.000000,1.649767,0.318608,africa
1,2,0.476796,-0.132794,0.022942,0.000000,-0.016448,0.000000,-1.743127,-0.968227,africa
2,2,1.680857,-0.123847,-0.077508,0.000000,0.023170,0.000000,-1.204164,-0.924663,africa
3,2,1.176431,-0.108045,0.083169,0.000000,-0.006292,0.000000,-0.948002,0.829733,africa
4,2,0.696812,-0.032908,0.010715,0.000000,-0.051867,0.000000,3.296059,0.547630,africa
5,2,1.231292,-0.063863,0.148686,0.000000,-0.021458,0.000000,-1.406897,-0.223693,africa
6,2,1.265555,-0.076924,0.039132,0.000000,0.005909,0.000000,2.779974,0.706073,africa
7,2,1.083028,-0.027157,0.002881,0.000000,-0.023265,0.000000,1.159336,0.394389,africa
8,2,0.854558,0.011084,-0.051058,0.000000,-0.066756,0.000000,-1.375078,-0.208105,africa
9,2,1.449669,-0.025386,0.003056,0.000000,-0.031100,0.000000,1.280612,0.919314,africa
10,2,0.593669,-0.042393,-0.050731,0.000000,-0.044785,0.000000,2.374094,0.128563,africa
1,3,-0.906715,-0.065797,-0.001896,0.000000,-0.120562,0.000000,-2.073250,-0.969900,africa
2,3,2.705440,-0.018627,-0.045968,0.000000,0.026408,0.000000,-1.289649,0.231337,africa
3,3,1.995437,-0.018481,0.143983,0.000000,0.034072,0.000000,-1.818685,0.030828,africa
4,3,0.623775,0.009565,-0.118966,0.000000,-0.095325,0.000000,-1.883677,0.178249,africa
5,3,2.117322,-0.003971,-0.001490,0.000000,-0.101523,0.000000,-0.687739,0.863565,africa
6,3,0.315465,-0.030447,0.253970,0.000000,0.013599,0.000000,-1.958188,-0.314286,africa
7,3,3.102837,-0.101235,-0.020271,0.000000,0.094102,0.000000,-2.185394,0.803839,africa
8,3,-0.511343,0.030924,-0.063148,0.000000,-0.055001,0.000000,0.070947,0.681715,africa
9,3,-0.602931,0.022992,0.027758,0.000000,-0.105231,0.000000,-1.552690,0.513191,africa
10,3,-0.683820,-0.027354,0.139593,0.000000,-0.027083,0.000000,0.586438,0.817862,africa
1,4,3.615038,-0.014111,-0.062576,0.000000,0.102433,0.000000,0.378269,0.007604,africa
2,4,2.998702,0.036510,-0.169663,0.000000,0.072923,0.000000,0.807148,0.132373,africa
3,4,-2.880997,0.063907,0.098809,0.000000,0.010818,0.000000,-1.036721,-0.914140,africa
4,4,-1.187772,0.026159,0.021148,0.000000,0.030315,0.000000,-0.395155,-0.050931,africa
5,4,2.969980,0.038634,-0.117344,0.000000,0.055280,0.000000,4.500685,0.268640,africa
6,4,2.569168,0.084166,-0.040731,0.000000,0.053362,0.000000,1.851760,0.116377,africa
7,4,-1.047559,0.017180,-0.081096,0.000000,0.019053,0.000000,0.319227,-0.091978,africa
8,4,-3.961675,0.008257,-0.016661,0.000000,0.014898,0.000000,1.636729,-0.077764,africa
9,4,2.878676,0.067984,-0.017514,0.000000,0.106243,0.000000,0.246431,0.170743,africa
10,4,-2.280162,-0.007193,0.022944,0.000000,0.062925,0.000000,-0.376698,-0.104245,africa
1,5,-2.083368,-0.037121,-0.126398,0.000000,0.004434,0.000000,-1.915690,0.396310,africa
2,5,1.131146,-0.018415,0.039234,0.000000,0.184351,0.000000,-1.454932,-0.500157,africa
3,5,-2.075603,0.087920,-0.004339,0.000000,-0.102411,0.000000,-0.221996,0.416205,africa
4,5,-0.276337,0.070743,0.250448,0.000000,0.038559,0.000000,-1.012551,0.532825,africa
5,5,-0.409166,-0.101161,-0.030338,0.000000,-0.015342,0.000000,-1.225193,0.762615,africa
6,5,-0.743697,0.035365,-0.061574,0.000000,-0.059268,0.000000,1.838038,0.711230,africa
7,5,-0.946180,0.006084,0.044759,0.000000,-0.053666,0.000000,-0.933204,0.559445,africa
8,5,1.401887,0.014049,0.004399,0.000000,0.084349,0.000000,2.026555,0.941625,africa
9,5,1.102360,-0.056793,0.089290,0.000000,0.088027,0.000000,-0.974344,0.432060,africa
10,5,-2.898279,0.055425,-0.111997,0.000000,-0.136506,0.000000,1.923069,0.654535,africa
1,6,-1.380998,-0.047083,-0.160657,0.000000,0.048638,0.000000,1.308154,0.982762,africa
2,6,-1.378555,0.108737,-0.028585,0.000000,0.050693,0.000000,1.051700,1.164731,africa
3,6,-6.413573,-0.097802,0.005876,0.000000,0.010333,0.000000,0.023370,1.258815,africa
4,6,-2.657631,0.031152,-0.050894,0.000000,0.192344,0.000000,0.422194,1.298140,africa
5,6,-5.552215,0.073011,-0.118487,0.000000,0.088383,0.000000,1.413945,1.493882,africa
6,6,-3.178839,-0.024274,0.061520,0.000000,0.117690,0.000000,3.028896,0.736572,africa
7,6,-2.264459,-0.041510,0.102645,0.000000,0.055907,0.000000,1.370683,0.645072,africa
8,6,-7.037964,-0.046785,-0.035680,0.000000,-0.048387,0.000000,-1.515900,0.591560,africa
9,6,-3.828811,0.039058,0.092649,0.000000,0.093398,0.000000,1.065317,0.985003,africa
10,6,1.238938,0.091224,-0.290518,0.000000,0.021653,0.000000,-0.386825,0.948258,africa
1,7,1.172876,0.017272,-0.022523,0.000000,0.076638,0.000000,0.994637,-0.627874,africa
2,7,1.761021,0.105296,-0.003010,0.000000,0.111650,0.000000,1.821468,-0.667913,africa
3,7,2.348669,0.108140,0.079447,0.000000,0.140717,0.000000,1.717270,-0.813349,africa
4,7,1.992960,-0.076292,0.071102,0.000000,0.164494,0.000000,3.096737,-0.719320,africa
5,7,1.992960,-0.016841,0.044926,0.000000,0.144810,0.000000,1.536435,-0.743959,africa
6,7,1.554632,-0.100715,0.037564,0.000000,0.134803,0.000000,2.557024,-0.889618,africa
7,7,2.242002,-0.153563,0.066538,0.000000,0.204004,0.000000,1.186600,-0.858918,africa
8,7,2.709326,0.039037,0.025713,0.000000,0.124929,0.000000,0.973579,-0.712919,africa
9,7,1.783866,-0.005438,-0.001494,0.000000,0.106383,0.000000,1.294937,-0.764944,africa
10,7,2.442481,0.020799,-0.074741,0.000000,0.070523,0.000000,2.846352,-0.653311,africa
1,8,-0.022969,-0.038988,-0.140462,0.000000,-0.088826,0.000000,-0.647441,-0.055463,africa
2,8,-0.214028,-0.008108,-0.078101,0.000000,-0.066590,0.000000,-1.326322,-0.654766,africa
3,8,-1.660431,-0.015718,-0.112864,0.000000,-0.093328,0.000000,-0.705468,-0.232328,africa
4,8,0.555049,0.029239,-0.168637,0.000000,-0.150549,0.000000,-1.250010,-0.879103,africa
5,8,0.117695,0.029225,-0.010575,0.000000,-0.035282,0.000000,-0.805171,-0.354207,africa
6,8,-0.540803,-0.078556,-0.008931,0.000000,-0.026806,0.000000,-1.000494,-0.396382,africa
7,8,-1.226656,-0.053681,-0.057927,0.000000,-0.073519,0.000000,-1.547320,-1.793378,africa
8,8,-0.370755,-0.051526,-0.040081,0.000000,-0.058914,0.000000,-0.986243,-0.469451,africa
9,8,0.103477,0.000951,-0.076165,0.000000,-0.099980,0.000000,-0.756039,0.017161,africa
10,8,-1.994930,-0.018642,-0.020339,0.000000,-0.084572,0.000000,-1.151067,-0.726585,africa
1,9,0.635534,0.006659,-0.045377,0.000000,0.090158,0.000000,2.275854,-0.351087,africa
2,9,-0.783902,0.089064,-0.038407,0.000000,0.006995,0.000000,1.243963,-0.570826,africa
3,9,-0.848917,0.019732,-0.040116,0.000000,0.055659,0.000000,-0.080698,-0.742684,africa
4,9,-0.432627,0.019708,-0.121597,0.000000,0.011070,0.000000,0.332192,-0.575137,africa
5,9,-0.418956,-0.041725,-0.054877,0.000000,0.061516,0.000000,0.669648,-0.513218,africa
6,9,-2.237582,-0.070093,0.072929,0.000000,0.091822,0.000000,1.663357,-0.656326,africa
7,9,-1.371800,0.043557,0.013026,0.000000,0.048323,0.000000,2.907208,-0.758012,africa
8,9,-0.689431,-0.008032,0.029800,0.000000,0.065211,0.000000,0.673263,-0.627589,africa
9,9,-1.043409,0.027208,-0.230799,0.000000,-0.041066,0.000000,2.446133,-0.472936,africa
10,9,0.999302,0.056445,-0.160681,0.000000,-0.008489,0.000000,1.540547,-0.329846,africa
1,10,-1.212685,0.038462,-0.076677,0.000000,-0.030736,0.000000,0.923457,0.054456,africa
2,10,-3.561824,0.026344,-0.010576,0.000000,-0.052855,0.000000,-0.122219,-0.124299,africa
3,10,-0.699340,-0.059694,-0.073854,0.000000,0.041674,0.000000,0.155454,0.283250,africa
4,10,-1.209173,-0.046366,0.062674,0.000000,0.053282,0.000000,-1.372739,-0.637685,africa
5,10,-0.523871,0.064408,-0.167373,0.000000,-0.011847,0.000000,-1.037031,-0.054523,africa
6,10,-2.591700,0.002254,0.190883,0.000000,0.067958,0.000000,0.873587,-0.287735,africa
7,10,-0.714634,0.064397,-0.013197,0.000000,-0.011014,0.000000,0.896840,0.167159,africa
8,10,-3.812863,-0.045516,0.144467,0.000000,0.022290,0.000000,-0.201474,-0.143416,africa
9,10,0.517122,-0.062518,0.077004,0.000000,0.068790,0.000000,0.361601,0.223753,africa
10,10,-2.762858,-0.023703,-0.062843,0.000000,-0.023884,0.000000,0.739462,0.071229,africa
1,11,1.314946,0.058297,0.184031,0.000000,0.032903,0.000000,-0.690989,-0.268544,africa
2,11,2.612028,0.051337,-0.104521,0.000000,-0.088152,0.000000,0.566087,0.559874,africa
3,11,2.627920,-0.007589,0.217076,0.000000,0.021083,0.000000,-0.091236,0.660906,africa
4,11,0.546964,-0.019602,0.040509,0.000000,-0.071527,0.000000,-1.592825,0.060372,africa
5,11,1.779906,0.030523,0.015669,0.000000,-0.056521,0.000000,-0.935489,0.327702,africa
6,11,-2.130825,-0.114059,-0.022739,0.000000,-0.059649,0.000000,0.364327,0.071122,africa
7,11,-1.146169,-0.048706,0.034008,0.000000,-0.081754,0.000000,0.875771,0.184785,africa
8,11,0.547686,0.078636,-0.007062,0.000000,-0.079788,0.000000,1.423918,-0.087066,africa
9,11,1.184531,-0.054895,0.020924,0.000000,-0.023863,0.000000,1.244432,0.443378,africa
10,11,2.921361,0.044305,-0.013144,0.000000,0.011237,0.000000,-1.583409,-0.091457,africa
1,12,3.769407,0.003757,-0.223301,0.000000,0.073192,0.000000,0.242080,0.251575,africa
2,12,1.408207,-0.074667,-0.088146,0.000000,0.043880,0.000000,0.450584,0.288922,africa
3,12,-0.510867,-0.114362,-0.031568,0.000000,0.075317,0.000000,1.115081,0.050901,africa
4,12,1.609300,0.071960,-0.125135,0.000000,0.043531,0.000000,0.256641,0.212919,africa
5,12,0.066017,0.192741,0.201530,0.000000,0.050296,0.000000,3.527690,-0.276730,africa
6,12,5.094649,0.006411,-0.185339,0.000000,0.122703,0.000000,0.859774,0.070355,africa
7,12,-1.689063,-0.071095,-0.108272,0.000000,0.030297,0.000000,-0.540440,-0.076619,africa
8,12,0.185720,0.083477,0.067789,0.000000,0.061330,0.000000,0.934504,-0.056595,africa
9,12,-1.128241,0.079898,-0.030933,0.000000,0.039872,0.000000,2.753436,0.013960,africa
10,12,0.112456,-0.007802,-0.016241,0.000000,0.081404,0.000000,1.235866,-0.064657,africa
1,13,0.001070,-0.039344,-0.086772,0.000000,-0.027660,0.000000,1.680496,-0.236770,africa
2,13,-0.306091,0.025520,0.039510,0.000000,-0.032996,0.000000,2.521516,0.138450,africa
3,13,-0.350690,-0.051925,0.006123,0.000000,0.001254,0.000000,0.626686,-0.209854,africa
4,13,2.907255,0.038601,-0.041158,0.000000,-0.005503,0.000000,1.556141,-0.110134,africa
5,13,0.375791,-0.029149,-0.036202,0.000000,-0.026532,0.000000,0.425827,0.126499,africa
6,13,-1.411712,0.007660,-0.146875,0.000000,-0.089183,0.000000,1.772267,-0.601451,africa
7,13,1.730093,0.023029,-0.118262,0.000000,0.020449,0.000000,1.327367,0.006566,africa
8,13,1.866958,0.052173,0.038330,0.000000,0.032715,0.000000,0.306826,0.175790,africa
9,13,0.577137,0.044508,0.127292,0.000000,0.009241,0.000000,-0.855577,-0.417440,africa
10,13,-1.791931,-0.147767,0.129494,0.000000,0.003466,0.000000,-0.676346,-0.962271,africa
1,14,4.284485,0.048279,-0.171177,0.000000,0.097498,0.000000,0.663612,0.353920,africa
2,14,3.515568,0.022258,0.032178,0.000000,0.090195,0.000000,1.621679,0.003535,africa
3,14,2.643144,0.112165,0.043732,0.000000,0.061387,0.000000,-0.497399,-0.175295,africa
4,14,3.601912,0.009022,-0.133828,0.000000,0.055495,0.000000,1.687407,0.038380,africa
5,14,4.213059,0.032788,-0.134222,0.000000,0.041687,0.000000,2.734985,0.233378,africa
6,14,3.247921,0.052801,0.037932,0.000000,0.076091,0.000000,1.888123,0.203912,africa
7,14,0.847030,0.008604,-0.014219,0.000000,0.010795,0.000000,2.395170,-0.955726,africa
8,14,3.126289,0.000913,0.047731,0.000000,0.130356,0.000000,4.036022,-0.162426,africa
9,14,3.069888,-0.126747,0.189299,0.000000,0.194753,0.000000,0.544706,0.076939,africa
10,14,3.758611,0.071795,-0.079399,0.000000,0.109470,0.000000,2.253705,0.228532,africa
1,15,1.077317,-0.000648,0.055261,0.000000,-0.006981,0.000000,-1.688327,-0.195168,africa
2,15,-0.836841,0.015440,0.110170,0.000000,-0.017628,0.000000,-2.086271,-0.288142,africa
3,15,0.551231,-0.116773,0.123944,0.000000,0.024792,0.000000,-1.887062,0.521469,africa
4,15,1.505764,0.031612,-0.088312,0.000000,-0.037417,0.000000,-1.612855,-0.132088,africa
5,15,-1.493867,-0.029382,-0.032605,0.000000,-0.095159,0.000000,-1.113517,0.696750,africa
6,15,0.646210,-0.114741,-0.169671,0.000000,-0.061498,0.000000,-2.088960,0.044476,africa
7,15,1.319048,-0.047255,-0.092282,0.000000,-0.040889,0.000000,-1.470222,0.854977,africa
8,15,-0.018332,-0.004447,0.014140,0.000000,-0.031975,0.000000,-1.938743,-0.529929,africa
9,15,-0.015211,-0.003386,0.058273,0.000000,0.005076,0.000000,-2.004383,-0.230921,africa
10,15,0.120329,0.032404,-0.159569,0.000000,-0.111685,0.000000,-1.776246,-0.082244,africa
1,16,1.636849,-0.101641,-0.019647,0.000000,-0.077436,0.000000,-2.313934,0.031965,africa
2,16,3.867411,0.030533,-0.013015,0.000000,0.000264,0.000000,-1.722131,-0.486648,africa
3,16,4.038416,-0.082433,-0.042362,0.000000,-0.013782,0.000000,-2.552884,0.377416,africa
4,16,2.256511,0.003948,-0.048665,0.000000,-0.095868,0.000000,-1.899325,0.139508,africa
5,16,1.080086,-0.021726,-0.071562,0.000000,-0.103179,0.000000,-2.154335,0.830874,africa
6,16,0.218289,-0.013096,0.201611,0.000000,0.008265,0.000000,-0.799072,0.436757,africa
7,16,-0.513247,-0.026792,-0.004128,0.000000,-0.140446,0.000000,-0.110157,0.240946,africa
8,16,1.221050,-0.088599,0.147945,0.000000,-0.051881,0.000000,-0.500642,0.914934,africa
9,16,1.918464,-0.000693,0.070591,0.000000,-0.027407,0.000000,-2.276178,-0.635451,africa
10,16,-0.355309,-0.020413,0.062453,0.000000,-0.147570,0.000000,-1.460038,0.519793,africa
1,17,1.930915,-0.044187,0.052438,0.000000,0.084724,0.000000,-0.013003,-0.181779,africa
2,17,2.276676,0.064148,-0.032321,0.000000,0.052284,0.000000,-0.355810,0.061779,africa
3,17,0.496401,-0.068217,-0.141359,0.000000,-0.070567,0.000000,0.756723,-0.090477,africa
4,17,2.150260,-0.057682,-0.101962,0.000000,0.045817,0.000000,1.271852,-0.057477,africa
5,17,-4.031844,0.013866,0.034844,0.000000,-0.081597,0.000000,0.564724,0.253347,africa
6,17,-2.408734,-0.073772,0.136839,0.000000,-0.014727,0.000000,0.113957,0.298712,africa
7,17,-1.493229,-0.024070,0.115998,0.000000,-0.034156,0.000000,-1.976305,0.110324,africa
8,17,1.062812,-0.060514,-0.108179,0.000000,-0.113258,0.000000,0.048291,1.116617,africa
9,17,0.009385,-0.018171,-0.015985,0.000000,0.036139,0.000000,2.253624,1.082924,africa
10,17,-0.980044,-0.048586,-0.111807,0.000000,0.067075,0.000000,-3.492566,-1.518390,africa
1,18,4.167130,0.006837,0.197515,0.000000,0.081421,0.000000,2.288014,-0.867882,africa
2,18,4.635438,0.052857,0.176956,0.000000,0.042267,0.000000,0.833673,-1.115010,africa
3,18,4.313038,0.016632,0.193457,0.000000,0.054486,0.000000,2.555192,-0.940260,africa
4,18,4.443002,0.014237,0.195212,0.000000,0.059768,0.000000,5.072800,-0.552722,africa
5,18,4.655007,-0.051484,0.115409,0.000000,0.053851,0.000000,2.973628,-0.963699,africa
6,18,4.349612,-0.008829,0.262184,0.000000,0.094757,0.000000,1.426341,-1.361473,africa
7,18,4.105919,-0.107813,0.128116,0.000000,0.057211,0.000000,0.554444,-0.834712,africa
8,18,4.042020,0.087879,0.161436,0.000000,-0.006190,0.000000,2.861818,-0.670910,africa
9,18,4.257757,-0.005314,0.064388,0.000000,0.019795,0.000000,1.670467,-1.205848,africa
10,18,3.923873,-0.044161,0.048773,0.000000,0.022215,0.000000,2.124133,-0.908507,africa
1,19,-1.250937,0.055468,0.075509,0.000000,-0.069059,0.000000,-0.988567,0.667282,africa
2,19,-0.274970,-0.012900,-0.043015,0.000000,-0.009154,0.000000,1.382209,0.830123,africa
3,19,-0.708914,0.106318,-0.087879,0.000000,0.065121,0.000000,-2.114304,-0.485313,africa
4,19,-2.903039,-0.038355,-0.055599,0.000000,-0.040706,0.000000,-2.327023,0.232294,africa
5,19,-0.197421,-0.068345,0.012268,0.000000,0.013068,0.000000,-0.628676,1.244196,africa
6,19,1.314670,0.009150,0.022879,0.000000,0.055478,0.000000,-2.164625,-0.994825,africa
7,19,-2.270823,0.005822,0.179552,0.000000,0.045716,0.000000,-1.884938,-0.804443,africa
8,19,-1.328202,-0.012070,0.179443,0.000000,0.109104,0.000000,-2.026169,1.210218,africa
9,19,-1.940827,0.128936,0.044605,0.000000,0.044979,0.000000,-2.133793,0.214894,africa
10,19,-3.054485,0.144521,-0.122938,0.000000,-0.014000,0.000000,-2.593979,0.512074,africa
1,20,1.778938,0.026540,-0.147400,0.000000,-0.047284,0.000000,-0.619398,-0.096205,africa
2,20,1.814637,0.050455,0.205221,0.000000,-0.038444,0.000000,-1.057276,0.900795,africa
3,20,-0.454153,-0.033840,0.046931,0.000000,-0.003858,0.000000,-0.437372,-0.130764,africa
4,20,1.247581,0.092570,-0.036936,0.000000,0.016231,0.000000,1.235480,-1.362777,africa
5,20,3.880685,0.043625,-0.047580,0.000000,0.068487,0.000000,-2.012210,0.648341,africa
6,20,1.327685,-0.050290,-0.162347,0.000000,-0.060419,0.000000,-0.312104,0.077558,africa
7,20,1.285849,-0.025573,0.055539,0.000000,-0.032898,0.000000,-4.032358,-0.127078,africa
8,20,-0.559586,0.035192,-0.059344,0.000000,-0.123029,0.000000,0.470624,0.247111,africa
9,20,0.108236,-0.102404,0.061727,0.000000,-0.037465,0.000000,-1.990280,0.388183,africa
10,20,-0.631767,0.061332,0.007228,0.000000,-0.098904,0.000000,-0.355417,0.373472,africa
1,21,-0.267927,0.009506,0.235916,0.000000,0.132041,0.000000,-2.919296,0.633239,africa
2,21,1.861664,0.028490,0.095678,0.000000,0.143970,0.000000,-3.056713,-0.765992,africa
3,21,0.363091,0.082530,0.049243,0.000000,0.028107,0.000000,-3.574085,0.167933,africa
4,21,0.585123,-0.043586,-0.039539,0.000000,-0.037049,0.000000,-3.205252,-0.057440,africa
5,21,1.682301,0.020920,-0.150851,0.000000,-0.007769,0.000000,-3.688742,0.197844,africa
6,21,1.010938,-0.059126,0.111422,0.000000,0.105452,0.000000,-2.830471,-0.005097,africa
7,21,-0.502061,0.025464,0.314994,0.000000,-0.015195,0.000000,-2.475239,0.718630,africa
8,21,0.366427,0.097889,0.030832,0.000000,-0.044962,0.000000,-3.108043,0.779932,africa
9,21,0.233644,-0.010702,0.003300,0.000000,-0.037754,0.000000,-3.304930,0.003844,africa
10,21,-1.381866,0.007696,0.167541,0.000000,-0.040714,0.000000,-3.128296,0.755188,africa
1,22,-1.898541,-0.033733,-0.018712,0.000000,0.071553,0.000000,0.764892,0.140161,africa
2,22,-0.684677,0.067687,-0.098611,0.000000,0.103972,0.000000,1.480898,0.408043,africa
3,22,-0.997257,0.030342,0.090238,0.000000,0.118696,0.000000,1.035302,0.324307,africa
4,22,-0.776052,0.012537,-0.156138,0.000000,0.093916,0.000000,2.094791,0.590975,africa
5,22,-3.288639,0.008683,-0.167744,0.000000,0.023271,0.000000,-1.347997,0.120909,africa
6,22,-2.988969,0.008070,0.116001,0.000000,0.114198,0.000000,0.335235,0.640713,africa
7,22,-1.615127,-0.050849,-0.072560,0.000000,0.067566,0.000000,2.017976,0.205579,africa
8,22,-1.202240,-0.035575,-0.165988,0.000000,0.068028,0.000000,-0.315392,0.297688,africa
9,22,-2.050565,-0.133047,-0.242905,0.000000,0.038945,0.000000,0.611755,0.132329,africa
10,22,-4.216149,-0.012692,-0.347947,0.000000,-0.039352,0.000000,-0.873730,0.127767,africa
1,23,-0.925387,0.059201,0.097617,0.000000,-0.002231,0.000000,2.568266,-0.233946,africa
2,23,-0.252655,0.041139,-0.026822,0.000000,-0.066332,0.000000,0.456862,-0.162928,africa
3,23,-4.502204,0.030094,-0.061233,0.000000,-0.074592,0.000000,1.807285,-0.391832,africa
4,23,-2.673906,-0.033032,-0.053867,0.000000,-0.071336,0.000000,1.858502,-0.156450,africa
5,23,-0.874533,-0.006659,-0.270055,0.000000,-0.089870,0.000000,0.916999,-0.122278,africa
6,23,-1.789545,0.017541,-0.117977,0.000000,-0.113827,0.000000,-1.115589,-0.797291,africa
7,23,-0.386031,-0.077654,-0.009755,0.000000,0.007901,0.000000,0.189301,-0.350709,africa
8,23,-2.056252,-0.042426,0.052922,0.000000,-0.017566,0.000000,-0.913883,-0.611244,africa
9,23,-3.303261,0.066484,-0.024455,0.000000,-0.137233,0.000000,-0.794682,-0.485846,africa
10,23,-3.139921,0.031881,0.115513,0.000000,-0.064592,0.000000,-0.857698,-0.622784,africa
1,24,3.724957,0.030756,-0.147505,0.000000,-0.015183,0.000000,-1.670511,0.034700,africa
2,24,1.234394,0.027943,0.154137,0.000000,0.106719,0.000000,-1.733481,-0.821512,africa
3,24,0.333038,-0.008226,-0.086066,0.000000,-0.102149,0.000000,-1.309892,0.561034,africa
4,24,-1.067675,0.052681,0.198494,0.000000,0.004735,0.000000,2.512451,0.520138,africa
5,24,-0.861393,-0.066254,0.157497,0.000000,-0.008385,0.000000,-1.615413,-0.334958,africa
6,24,0.717646,-0.023527,0.097414,0.000000,-0.049877,0.000000,-2.543054,-0.498029,africa
7,24,2.321577,0.096146,0.117685,0.000000,-0.000260,0.000000,-0.697158,0.446002,africa
8,24,-0.433608,-0.078235,0.075566,0.000000,-0.044824,0.000000,-1.337465,0.444064,africa
9,24,0.432526,-0.075922,0.079620,0.000000,-0.013607,0.000000,-1.116373,0.698598,africa
10,24,1.410383,-0.044092,-0.088319,0.000000,-0.076349,0.000000,-1.502628,0.688880,africa
1,25,1.060315,0.126782,-0.108785,0.000000,0.023608,0.000000,1.393890,-0.267000,africa
2,25,-1.245814,-0.040561,-0.125328,0.000000,0.047512,0.000000,1.009411,-0.202962,africa
3,25,1.240299,-0.033628,-0.076251,0.000000,0.069507,0.000000,0.514762,-0.275412,africa
4,25,1.813065,0.121998,-0.050587,0.000000,0.083055,0.000000,4.503782,-0.007573,africa
5,25,2.412436,-0.026520,-0.087680,0.000000,0.103829,0.000000,0.340402,-0.249218,africa
6,25,0.718882,0.009395,-0.020312,0.000000,0.091933,0.000000,3.038003,-0.155946,africa
7,25,-1.234417,0.090525,0.313905,0.000000,0.119799,0.000000,2.041633,-0.673919,africa
8,25,-0.165703,0.024653,0.042069,0.000000,0.064199,0.000000,1.379489,-0.439096,africa
9,25,-2.754681,0.015492,0.126352,0.000000,0.010563,0.000000,-0.171359,-0.554375,africa
10,25,1.686964,0.075229,0.115551,0.000000,0.136512,0.000000,3.941313,-0.120527,africa
1,26,0.947614,0.010155,0.063937,0.000000,0.242429,0.000000,2.568037,-0.731371,africa
2,26,-2.407966,-0.042679,0.041011,0.000000,0.233578,0.000000,3.893412,-0.591511,africa
3,26,-2.023592,-0.068474,-0.120590,0.000000,0.233589,0.000000,1.993053,-0.426324,africa
4,26,-4.908800,0.064479,-0.055053,0.000000,0.137739,0.000000,4.921912,-0.585929,africa
5,26,-5.848359,-0.088609,0.022373,0.000000,0.226881,0.000000,5.470369,-0.588068,africa
6,26,-3.526229,-0.084388,-0.187051,0.000000,0.175853,0.000000,0.896458,-0.571944,africa
7,26,-5.334899,0.029217,-0.247907,0.000000,0.093740,0.000000,0.128817,-0.648176,africa
8,26,-4.322074,-0.014087,-0.113698,0.000000,0.120000,0.000000,2.611846,-0.498242,africa
9,26,-4.677457,0.156760,-0.107604,0.000000,0.093281,0.000000,3.264564,-0.585517,africa
10,26,-4.319988,0.037334,-0.149605,0.000000,0.141227,0.000000,0.559060,-0.599635,africa
1,27,0.904436,0.070001,-0.098822,0.000000,-0.065623,0.000000,-1.152889,-0.268399,africa
2,27,-1.435997,-0.132279,-0.080429,0.000000,-0.029642,0.000000,1.460663,0.213933,africa
3,27,-1.563801,-0.038711,-0.089921,0.000000,-0.075916,0.000000,-0.940350,-0.237937,africa
4,27,-0.624759,0.047839,0.019701,0.000000,-0.034053,0.000000,2.926335,0.634475,africa
5,27,-1.476506,-0.018632,-0.000534,0.000000,-0.066956,0.000000,-0.931533,0.060687,africa
6,27,-1.624885,-0.054794,0.055068,0.000000,0.015922,0.000000,-1.172712,-0.412760,africa
7,27,0.039764,0.031474,-0.037979,0.000000,0.035228,0.000000,-1.623292,-0.697006,africa
8,27,0.938377,0.048750,-0.195555,0.000000,-0.069371,0.000000,-1.287040,-0.425921,africa
9,27,-0.005754,0.001202,0.047230,0.000000,-0.026348,0.000000,-1.056054,0.174460,africa
10,27,-2.447360,0.006103,-0.097073,0.000000,-0.165258,0.000000,-0.969944,-0.222867,africa
1,28,-2.593196,0.038609,-0.037145,0.000000,-0.157624,0.000000,-0.204624,-0.149784,africa
2,28,0.253935,0.151744,0.078054,0.000000,-0.092279,0.000000,0.345390,-0.253141,africa
3,28,-0.949105,-0.001888,0.021904,0.000000,-0.132410,0.000000,-0.955709,-0.137794,africa
4,28,0.280839,-0.114284,-0.003266,0.000000,-0.036314,0.000000,-0.179494,-0.209085,africa
5,28,-2.421510,0.035185,-0.066464,0.000000,-0.160674,0.000000,-0.308596,-0.158974,africa
6,28,-0.090975,0.078726,0.005840,0.000000,-0.159237,0.000000,-1.384125,-0.364404,africa
7,28,0.795638,0.106201,-0.096059,0.000000,-0.159316,0.000000,0.368981,0.055709,africa
8,28,-2.748179,-0.026350,-0.041727,0.000000,-0.129783,0.000000,-1.038610,-0.913259,africa
9,28,-2.115477,0.042755,-0.024506,0.000000,-0.162924,0.000000,-1.209463,-0.252448,africa
10,28,0.594239,-0.084774,-0.082933,0.000000,-0.029698,0.000000,1.310832,-0.030019,africa
1,29,-0.585643,0.052110,-0.118167,0.000000,-0.007469,0.000000,-2.068439,0.081711,africa
2,29,-0.925473,0.072527,-0.082116,0.000000,0.055622,0.000000,-2.121310,0.241423,africa
3,29,-2.402635,-0.044474,-0.168945,0.000000,-0.099002,0.000000,-2.642438,0.496143,africa
4,29,-0.493725,-0.000607,0.129723,0.000000,0.135536,0.000000,-2.019916,-0.173746,africa
5,29,-0.902395,-0.049605,0.033741,0.000000,0.139154,0.000000,-2.339723,0.786706,africa
6,29,-0.669478,0.015365,0.066183,0.000000,0.013288,0.000000,-2.669458,-0.423974,africa
7,29,-2.120525,-0.022854,0.028234,0.000000,-0.037224,0.000000,-1.964165,-0.184055,africa
8,29,-2.949398,-0.114687,0.042129,0.000000,-0.028828,0.000000,-2.627506,0.172907,africa
9,29,-1.210981,-0.024882,-0.055726,0.000000,-0.084240,0.000000,-3.189293,0.580958,africa
10,29,-1.727454,-0.063890,-0.136271,0.000000,0.035379,0.000000,-3.162932,-0.316860,africa
1,30,1.309180,-0.041308,0.151171,0.000000,-0.016099,0.000000,-1.442200,0.664238,africa
2,30,1.337446,-0.116058,-0.054277,0.000000,-0.044119,0.000000,1.544157,0.707048,africa
3,30,-1.613388,0.040760,0.264809,0.000000,-0.098003,0.000000,3.100871,1.042611,africa
4,30,-0.433028,0.100972,-0.122402,0.000000,-0.211585,0.000000,0.217131,0.787118,africa
5,30,1.110459,-0.065169,0.076817,0.000000,-0.000863,0.000000,0.357182,0.531546,africa
6,30,-0.983362,-0.060850,0.226780,0.000000,-0.004078,0.000000,0.403095,0.411411,africa
7,30,-1.349364,0.017217,-0.155641,0.000000,-0.245956,0.000000,0.493436,0.368015,africa
8,30,-1.461066,0.035469,0.010448,0.000000,-0.179165,0.000000,-1.262073,0.731332,africa
9,30,-1.417288,-0.028316,0.144741,0.000000,-0.110025,0.000000,-0.463059,-0.131705,africa
10,30,-1.700328,0.023550,0.150955,0.000000,-0.108050,0.000000,0.036965,0.437031,africa
1,31,-4.212728,-0.083377,0.041108,0.000000,0.025460,0.000000,3.627570,-0.752602,africa
2,31,-0.457545,0.003485,0.061410,0.000000,0.055811,0.000000,2.132181,-0.667055,africa
3,31,-0.949161,-0.089434,-0.022701,0.000000,0.030637,0.000000,0.307389,-0.548380,africa
4,31,0.550685,0.076722,-0.043416,0.000000,-0.020120,0.000000,1.403058,-0.314672,africa
5,31,1.291469,0.007230,-0.221903,0.000000,-0.045085,0.000000,0.108173,-0.517213,africa
6,31,0.110217,-0.024029,-0.139914,0.000000,-0.044567,0.000000,-0.193057,-0.442112,africa
7,31,-1.099865,-0.023344,-0.100415,0.000000,-0.037773,0.000000,-0.027200,-0.626615,africa
8,31,-1.280271,-0.003588,-0.063881,0.000000,0.014044,0.000000,2.553557,-0.500712,africa
9,31,-3.430904,-0.073205,-0.123176,0.000000,-0.026055,0.000000,1.274717,-0.492200,africa
10,31,-0.465533,-0.047676,0.100861,0.000000,0.073091,0.000000,-0.337470,-0.801505,africa
1,32,-1.061331,0.070485,-0.090553,0.000000,0.018288,0.000000,-0.668324,-0.681259,africa
2,32,-3.584065,-0.028811,0.106888,0.000000,0.133411,0.000000,0.320248,-0.482207,africa
3,32,-6.183200,-0.035157,0.139504,0.000000,0.096301,0.000000,1.218289,-0.426927,africa
4,32,-4.417530,-0.012128,0.029330,0.000000,0.047298,0.000000,-0.070963,-0.486166,africa
5,32,-4.229725,0.053794,-0.035029,0.000000,-0.025524,0.000000,0.332059,-0.216909,africa
6,32,-3.102493,-0.007596,-0.295475,0.000000,-0.042641,0.000000,0.158519,-0.102256,africa
7,32,-2.555520,-0.002730,-0.073702,0.000000,0.043486,0.000000,0.015347,-0.209514,africa
8,32,-3.418137,-0.040548,-0.088393,0.000000,0.019617,0.000000,0.001386,-0.362577,africa
9,32,-6.013257,-0.017350,-0.171407,0.000000,-0.006831,0.000000,1.914489,-0.321472,africa
10,32,-1.868931,-0.019989,-0.218918,0.000000,0.003410,0.000000,-0.143951,-0.205325,africa
1,33,-0.042153,-0.080524,-0.135031,0.000000,-0.047627,0.000000,0.019516,-0.227372,africa
2,33,-0.456548,0.049180,0.066629,0.000000,0.009027,0.000000,-0.225869,-0.394841,africa
3,33,1.055887,-0.011437,-0.068654,0.000000,-0.000363,0.000000,1.671469,-0.429525,africa
4,33,-0.964786,0.009792,0.122521,0.000000,0.044450,0.000000,0.827260,-0.594431,africa
5,33,1.195975,-0.114996,0.003527,0.000000,0.091890,0.000000,0.672444,-0.178747,africa
6,33,0.020622,-0.129415,-0.056082,0.000000,0.035096,0.000000,1.422577,-0.508316,africa
7,33,1.365474,0.039444,-0.058090,0.000000,-0.016572,0.000000,1.383307,-0.128419,africa
8,33,2.536957,0.049360,-0.100979,0.000000,0.034167,0.000000,2.498418,0.074297,africa
9,33,0.807694,-0.011349,-0.022723,0.000000,0.025649,0.000000,0.147228,-0.096795,africa
10,33,-1.139217,0.041629,0.138599,0.000000,0.011202,0.000000,1.035034,-0.410476,africa
1,34,-9.757217,0.006293,-0.216532,0.000000,0.074600,0.000000,-0.213937,-1.020219,africa
2,34,-10.799858,0.049835,-0.120946,0.000000,0.053375,0.000000,0.048038,-1.193899,africa
3,34,-7.183006,0.065208,-0.319045,0.000000,0.051606,0.000000,0.551659,-0.644294,africa
4,34,-6.746846,0.025706,-0.390462,0.000000,0.072413,0.000000,1.189931,-0.542430,africa
5,34,-7.666743,0.064663,-0.178971,0.000000,0.093561,0.000000,3.131421,-0.686496,africa
6,34,-4.998711,0.081202,-0.287804,0.000000,0.106133,0.000000,1.508941,-0.649597,africa
7,34,-3.191673,0.035172,-0.237088,0.000000,0.155569,0.000000,1.910197,-0.678750,africa
8,34,-2.464103,-0.077215,-0.266918,0.000000,0.192816,0.000000,1.289807,-0.644010,africa
9,34,-5.288436,-0.034175,-0.187983,0.000000,0.154506,0.000000,0.896729,-0.684184,africa
10,34,-4.767704,-0.025098,-0.245529,0.000000,0.129258,0.000000,4.232746,-0.616713,africa
