initT_abscissa,initT_cdf,aS_abscissa,aS_cdf,dS_abscissa,dS_cdf,lBt0_abscissa,lBt0_cdf,dI_abscissa,dI_cdf,n_abscissa,n_cdf,split
-40.8529,0.00204082,0.242062,0,1.34007e-05,0.00204082,-6.32913,0.00204082,0.355501,0,0.0173222,0,All
-39.7242,0.00408163,0.300958,0.00204082,1.408e-05,0.00408163,-6.30511,0.00408163,0.362767,0.00204082,0.0177338,0.00204082,All
-39.1782,0.00612245,0.302439,0.00408163,1.43642e-05,0.00612245,-6.26272,0.00612245,0.376213,0.00408163,0.0180256,0.00408163,All
-37.9672,0.00816327,0.315671,0.00612245,1.52993e-05,0.00816327,-6.25306,0.00816327,0.409388,0.00612245,0.0180345,0.00612245,All
-36.2665,0.0102041,0.31781,0.00816327,1.53405e-05,0.0102041,-6.23777,0.0102041,0.420151,0.00816327,0.0231143,0.00816327,All
-36.0768,0.0122449,0.340128,0.0102041,4.19937e-05,0.0122449,-5.72221,0.0122449,0.42241,0.0102041,0.0237744,0.0102041,All
-36.021,0.0142857,0.362097,0.0122449,4.8187e-05,0.0142857,-5.71814,0.0142857,0.424443,0.0122449,0.0240279,0.0122449,All
-35.8245,0.0163265,0.363912,0.0142857,5.00521e-05,0.0163265,-5.71682,0.0163265,0.452264,0.0142857,0.0240441,0.0142857,All
-34.0151,0.0183673,0.367398,0.0163265,5.29188e-05,0.0183673,-5.67267,0.0183673,0.476532,0.0163265,0.0244686,0.0163265,All
-33.6344,0.0204082,0.376836,0.0183673,5.57645e-05,0.0204082,-5.66003,0.0204082,0.480521,0.0183673,0.0246109,0.0183673,All
-33.5807,0.022449,0.37967,0.0204082,5.78658e-05,0.022449,-5.64757,0.022449,0.482707,0.0204082,0.0252983,0.0204082,All
-33.5158,0.0244898,0.395102,0.022449,5.80502e-05,0.0244898,-5.61723,0.0244898,0.512748,0.022449,0.0255844,0.022449,All
-33.3314,0.0265306,0.399969,0.0244898,5.92259e-05,0.0265306,-5.61594,0.0265306,0.521044,0.0244898,0.0257826,0.0244898,All
-32.966,0.0285714,0.406531,0.0265306,6.02907e-05,0.0285714,-5.60993,0.0285714,0.521224,0.0265306,0.0266284,0.0265306,All
-32.8671,0.0306122,0.409329,0.0285714,6.06027e-05,0.0306122,-5.60166,0.0306122,0.529939,0.0285714,0.0268497,0.0285714,All
-32.7061,0.0326531,0.419916,0.0306122,6.0967e-05,0.0326531,-5.59337,0.0326531,0.533042,0.0306122,0.0273444,0.0306122,All
-32.6571,0.0346939,0.420755,0.0326531,6.13719e-05,0.0346939,-5.58731,0.0346939,0.536556,0.0326531,0.0281294,0.0326531,All
-32.4973,0.0367347,0.425178,0.0346939,6.15424e-05,0.0367347,-5.58632,0.0367347,0.536923,0.0346939,0.0294031,0.0346939,All
-32.1774,0.0387755,0.425923,0.0367347,6.27743e-05,0.0387755,-5.57454,0.0387755,0.538035,0.0367347,0.029528,0.0367347,All
-32.1744,0.0408163,0.429487,0.0387755,6.27959e-05,0.0408163,-5.57235,0.0408163,0.542105,0.0387755,0.0295516,0.0387755,All
-32.0784,0.0428571,0.436004,0.0408163,6.36711e-05,0.0428571,-5.5679,0.0428571,0.549083,0.0408163,0.029685,0.0408163,All
-31.8421,0.044898,0.440259,0.0428571,6.53303e-05,0.044898,-5.5669,0.044898,0.551255,0.0428571,0.0299016,0.0428571,All
-31.4453,0.0469388,0.442435,0.044898,6.62129e-05,0.0469388,-5.5649,0.0469388,0.55552,0.044898,0.0303189,0.044898,All
-31.3252,0.0489796,0.44492,0.0469388,6.63651e-05,0.0489796,-5.56193,0.0489796,0.559301,0.0469388,0.0307735,0.0469388,All
-31.001,0.0510204,0.447859,0.0489796,6.69999e-05,0.0510204,-5.55656,0.0510204,0.574398,0.0489796,0.0307815,0.0489796,All
-30.8488,0.0530612,0.450539,0.0510204,6.74191e-05,0.0530612,-5.53832,0.0530612,0.602319,0.0510204,0.0312608,0.0510204,All
-30.6797,0.055102,0.451186,0.0530612,6.84438e-05,0.055102,-5.53691,0.055102,0.64458,0.0530612,0.0334179,0.0530612,All
-30.5111,0.0571429,0.458441,0.055102,6.94975e-05,0.0571429,-5.5351,0.0571429,0.644709,0.055102,0.0335957,0.055102,All
-30.4429,0.0591837,0.460593,0.0571429,6.9679e-05,0.0591837,-5.53282,0.0591837,0.646788,0.0571429,0.0337752,0.0571429,All
-30.4173,0.0612245,0.462331,0.0591837,6.97453e-05,0.0612245,-5.53045,0.0612245,0.647202,0.0591837,0.0340212,0.0591837,All
-30.3861,0.0632653,0.4625,0.0612245,7.02687e-05,0.0632653,-5.51812,0.0632653,0.648545,0.0612245,0.0345296,0.0612245,All
-30.3406,0.0653061,0.464721,0.0632653,7.09109e-05,0.0653061,-5.51428,0.0653061,0.659299,0.0632653,0.0347761,0.0632653,All
-30.2612,0.0673469,0.472598,0.0653061,7.25825e-05,0.0673469,-5.51272,0.0673469,0.67413,0.0653061,0.0347876,0.0653061,All
-30.2436,0.0693878,0.473497,0.0673469,7.54942e-05,0.0693878,-5.5127,0.0693878,0.68423,0.0673469,0.0352476,0.0673469,All
-29.7325,0.0714286,0.47482,0.0693878,7.69207e-05,0.0714286,-5.5041,0.0714286,0.686992,0.0693878,0.0355712,0.0693878,All
-29.5923,0.0734694,0.477039,0.0714286,7.70984e-05,0.0734694,-5.50392,0.0734694,0.69661,0.0714286,0.0356537,0.0714286,All
-29.4188,0.0755102,0.478654,0.0734694,7.80265e-05,0.0755102,-5.50232,0.0755102,0.700434,0.0734694,0.0358649,0.0734694,All
-29.3879,0.077551,0.479669,0.0755102,7.81084e-05,0.077551,-5.50135,0.077551,0.706427,0.0755102,0.0363641,0.0755102,All
-29.3392,0.0795918,0.481113,0.077551,7.96561e-05,0.0795918,-5.50091,0.0795918,0.708829,0.077551,0.036416,0.077551,All
-29.2208,0.0816327,0.483735,0.0795918,8.08687e-05,0.0816327,-5.48798,0.0816327,0.709912,0.0795918,0.036858,0.0795918,All
-29.004,0.0836735,0.485872,0.0816327,8.21799e-05,0.0836735,-5.48087,0.0836735,0.711101,0.0816327,0.0369892,0.0816327,All
-28.946,0.0857143,0.493144,0.0836735,8.32542e-05,0.0857143,-5.4744,0.0857143,0.714426,0.0836735,0.0372143,0.0836735,All
-28.8791,0.0877551,0.495768,0.0857143,8.55639e-05,0.0877551,-5.46649,0.0877551,0.723504,0.0857143,0.0372193,0.0857143,All
-28.5667,0.0897959,0.496267,0.0877551,8.75978e-05,0.0897959,-5.46033,0.0897959,0.724573,0.0877551,0.0374215,0.0877551,All
-28.4448,0.0918367,0.496441,0.0897959,8.76567e-05,0.0918367,-5.45446,0.0918367,0.727307,0.0897959,0.0374732,0.0897959,All
-28.2665,0.0938776,0.496808,0.0918367,8.7788e-05,0.0938776,-5.4515,0.0938776,0.732689,0.0918367,0.0375914,0.0918367,All
-28.0255,0.0959184,0.496926,0.0938776,8.78022e-05,0.0959184,-5.43813,0.0959184,0.734488,0.0938776,0.0377675,0.0938776,All
-27.8794,0.0979592,0.497015,0.0959184,8.78457e-05,0.0979592,-5.43712,0.0979592,0.746138,0.0959184,0.0377878,0.0959184,All
-27.7364,0.1,0.497381,0.0979592,8.78499e-05,0.1,-5.43536,0.1,0.766879,0.0979592,0.037945,0.0979592,All
-27.5088,0.102041,0.501469,0.1,8.97852e-05,0.102041,-5.43151,0.102041,0.776632,0.1,0.0380002,0.1,All
-27.4613,0.104082,0.504494,0.102041,9.11884e-05,0.104082,-5.4301,0.104082,0.778446,0.102041,0.0380588,0.102041,All
-27.3935,0.106122,0.50496,0.104082,9.19611e-05,0.106122,-5.42946,0.106122,0.784698,0.104082,0.0381104,0.104082,All
-27.3901,0.108163,0.505696,0.106122,9.53693e-05,0.108163,-5.41082,0.108163,0.786118,0.106122,0.038177,0.106122,All
-27.3825,0.110204,0.507357,0.108163,9.58256e-05,0.110204,-5.41028,0.110204,0.790537,0.108163,0.0382468,0.108163,All
-27.2809,0.112245,0.507945,0.110204,9.64999e-05,0.112245,-5.40762,0.112245,0.790969,0.110204,0.0383601,0.110204,All
-27.0556,0.114286,0.508431,0.112245,9.76596e-05,0.114286,-5.40613,0.114286,0.798051,0.112245,0.0387452,0.112245,All
-26.9458,0.116327,0.509713,0.114286,9.90403e-05,0.116327,-5.397,0.116327,0.80308,0.114286,0.0388148,0.114286,All
-26.943,0.118367,0.512822,0.116327,9.94163e-05,0.118367,-5.39252,0.118367,0.806823,0.116327,0.0389113,0.116327,All
-26.9186,0.120408,0.514308,0.118367,9.95302e-05,0.120408,-5.39181,0.120408,0.806923,0.118367,0.0391295,0.118367,All
-26.9097,0.122449,0.514926,0.120408,0.00010001,0.122449,-5.38495,0.122449,0.809083,0.120408,0.0392258,0.120408,All
-26.9036,0.12449,0.51739,0.122449,0.000100741,0.12449,-5.37618,0.12449,0.811003,0.122449,0.0393041,0.122449,All
-26.8383,0.126531,0.519463,0.12449,0.0001013,0.126531,-5.36314,0.126531,0.811632,0.12449,0.0395747,0.12449,All
-26.8018,0.128571,0.521938,0.126531,0.000102497,0.128571,-5.32715,0.128571,0.81385,0.126531,0.0404166,0.126531,All
-26.7817,0.130612,0.523158,0.128571,0.000105774,0.130612,-5.32187,0.130612,0.81473,0.128571,0.0408975,0.128571,All
-26.5909,0.132653,0.524848,0.130612,0.000108148,0.132653,-5.32065,0.132653,0.820485,0.130612,0.0409033,0.130612,All
-26.5682,0.134694,0.527033,0.132653,0.0001087,0.134694,-5.31611,0.134694,0.821283,0.132653,0.0409408,0.132653,All
-26.5429,0.136735,0.528016,0.134694,0.000112575,0.136735,-5.31498,0.136735,0.824159,0.134694,0.0410717,0.134694,All
-26.4572,0.138776,0.528433,0.136735,0.000113496,0.138776,-5.30234,0.138776,0.82563,0.136735,0.0411986,0.136735,All
-26.3809,0.140816,0.529669,0.138776,0.00011702,0.140816,-5.30085,0.140816,0.829625,0.138776,0.0412013,0.138776,All
-26.3448,0.142857,0.530236,0.140816,0.000123296,0.142857,-5.29587,0.142857,0.830417,0.140816,0.0412798,0.140816,All
-26.2409,0.144898,0.532762,0.142857,0.000124294,0.144898,-5.29201,0.144898,0.837833,0.142857,0.0413939,0.142857,All
-26.1423,0.146939,0.535182,0.144898,0.000124917,0.146939,-5.28802,0.146939,0.84338,0.144898,0.0413961,0.144898,All
-25.9721,0.14898,0.535625,0.146939,0.000126708,0.14898,-5.28682,0.14898,0.852788,0.146939,0.0416298,0.146939,All
-25.9221,0.15102,0.539164,0.14898,0.000127311,0.15102,-5.28414,0.15102,0.859816,0.14898,0.0416502,0.14898,All
-25.7829,0.153061,0.539591,0.15102,0.000127362,0.153061,-5.28321,0.153061,0.861994,0.15102,0.0417563,0.15102,All
-25.0914,0.155102,0.540109,0.153061,0.000128741,0.155102,-5.27757,0.155102,0.868212,0.153061,0.0423556,0.153061,All
-24.9378,0.157143,0.541614,0.155102,0.000132472,0.157143,-5.26685,0.157143,0.873142,0.155102,0.042696,0.155102,All
-24.9127,0.159184,0.548037,0.157143,0.000134409,0.159184,-5.26568,0.159184,0.875934,0.157143,0.0429235,0.157143,All
-24.8943,0.161224,0.555024,0.159184,0.000135379,0.161224,-5.26538,0.161224,0.880768,0.159184,0.0429887,0.159184,All
-24.8827,0.163265,0.555547,0.161224,0.000135493,0.163265,-5.26154,0.163265,0.884255,0.161224,0.0431112,0.161224,All
-24.7787,0.165306,0.557339,0.163265,0.000136703,0.165306,-5.25854,0.165306,0.89646,0.163265,0.0431115,0.163265,All
-24.7299,0.167347,0.558194,0.165306,0.000136719,0.167347,-5.25047,0.167347,0.897249,0.165306,0.0438137,0.165306,All
-24.6405,0.169388,0.55863,0.167347,0.000137611,0.169388,-5.24591,0.169388,0.900292,0.167347,0.0439692,0.167347,All
-24.295,0.171429,0.560387,0.169388,0.000143043,0.171429,-5.24574,0.171429,0.902829,0.169388,0.044014,0.169388,All
-24.1596,0.173469,0.562555,0.171429,0.000149422,0.173469,-5.23653,0.173469,0.903742,0.171429,0.0440532,0.171429,All
-24.1455,0.17551,0.563652,0.173469,0.000151748,0.17551,-5.23508,0.17551,0.909958,0.173469,0.0442669,0.173469,All
-24.0105,0.177551,0.564195,0.17551,0.00015203,0.177551,-5.23482,0.177551,0.912402,0.17551,0.0442763,0.17551,All
-23.8629,0.179592,0.564559,0.177551,0.000152221,0.179592,-5.22762,0.179592,0.914302,0.177551,0.0443876,0.177551,All
-23.685,0.181633,0.565066,0.179592,0.000152975,0.181633,-5.22291,0.181633,0.918663,0.179592,0.0446631,0.179592,All
-23.6611,0.183673,0.565227,0.181633,0.000153272,0.183673,-5.2198,0.183673,0.918683,0.181633,0.0448417,0.181633,All
-23.6604,0.185714,0.56632,0.183673,0.000155326,0.185714,-5.21551,0.185714,0.921761,0.183673,0.0454543,0.183673,All
-23.3488,0.187755,0.566379,0.185714,0.00015697,0.187755,-5.20414,0.187755,0.922624,0.185714,0.0456705,0.185714,All
-23.3094,0.189796,0.567644,0.187755,0.000160147,0.189796,-5.20329,0.189796,0.923801,0.187755,0.0458275,0.187755,All
-23.2106,0.191837,0.570096,0.189796,0.000162161,0.191837,-5.17899,0.191837,0.927858,0.189796,0.0459325,0.189796,All
-23.1109,0.193878,0.572291,0.191837,0.000167473,0.193878,-5.1748,0.193878,0.93433,0.191837,0.0460701,0.191837,All
-23.0526,0.195918,0.572538,0.193878,0.000169974,0.195918,-5.17075,0.195918,0.939228,0.193878,0.0461072,0.193878,All
-22.9516,0.197959,0.572792,0.195918,0.000177203,0.197959,-5.17055,0.197959,0.946237,0.195918,0.0462839,0.195918,All
-22.9044,0.2,0.572988,0.197959,0.000180096,0.2,-5.16144,0.2,0.94739,0.197959,0.0470504,0.197959,All
-22.7837,0.202041,0.574911,0.2,0.000180732,0.202041,-5.15986,0.202041,0.948639,0.2,0.0471577,0.2,All
-22.6638,0.204082,0.575126,0.202041,0.000181304,0.204082,-5.15817,0.204082,0.957269,0.202041,0.0474109,0.202041,All
-22.3803,0.206122,0.576475,0.204082,0.000181447,0.206122,-5.15576,0.206122,0.957674,0.204082,0.0476517,0.204082,All
-22.3057,0.208163,0.577652,0.206122,0.000187125,0.208163,-5.15293,0.208163,0.959777,0.206122,0.0478326,0.206122,All
-22.2636,0.210204,0.578804,0.208163,0.000188277,0.210204,-5.14823,0.210204,0.97318,0.208163,0.0478689,0.208163,All
-22.0917,0.212245,0.579313,0.210204,0.000195563,0.212245,-5.1477,0.212245,0.980622,0.210204,0.0480295,0.210204,All
-22.0545,0.214286,0.584127,0.212245,0.000197462,0.214286,-5.12794,0.214286,0.987933,0.212245,0.0481693,0.212245,All
-21.9137,0.216327,0.584406,0.214286,0.000197569,0.216327,-5.11818,0.216327,0.993563,0.214286,0.0481895,0.214286,All
-21.7715,0.218367,0.584648,0.216327,0.000198384,0.218367,-5.11186,0.218367,0.994477,0.216327,0.0482748,0.216327,All
-21.6602,0.220408,0.58528,0.218367,0.000201272,0.220408,-5.11022,0.220408,0.997616,0.218367,0.0486144,0.218367,All
-21.5816,0.222449,0.587501,0.220408,0.000203882,0.222449,-5.09613,0.222449,1.00603,0.220408,0.0491646,0.220408,All
-21.3299,0.22449,0.588334,0.222449,0.000203903,0.22449,-5.09419,0.22449,1.02519,0.222449,0.0495233,0.222449,All
-21.286,0.226531,0.588924,0.22449,0.000204021,0.226531,-5.0838,0.226531,1.02774,0.22449,0.049671,0.22449,All
-21.2557,0.228571,0.589615,0.226531,0.000207815,0.228571,-5.07722,0.228571,1.03055,0.226531,0.0497046,0.226531,All
-21.0989,0.230612,0.589685,0.228571,0.000208929,0.230612,-5.07718,0.230612,1.03782,0.228571,0.049768,0.228571,All
-21.0883,0.232653,0.589761,0.230612,0.000212252,0.232653,-5.06422,0.232653,1.0419,0.230612,0.050133,0.230612,All
-21.0807,0.234694,0.589878,0.232653,0.000216775,0.234694,-5.06291,0.234694,1.04466,0.232653,0.0502395,0.232653,All
-21.0749,0.236735,0.590617,0.234694,0.000218606,0.236735,-5.05086,0.236735,1.04736,0.234694,0.0504423,0.234694,All
-21.0324,0.238776,0.590663,0.236735,0.000221177,0.238776,-5.05016,0.238776,1.05071,0.236735,0.0504579,0.236735,All
-21,0.240816,0.593741,0.238776,0.000226209,0.240816,-5.04781,0.240816,1.0531,0.238776,0.0504955,0.238776,All
-20.9211,0.242857,0.595212,0.240816,0.000231557,0.242857,-5.04345,0.242857,1.05366,0.240816,0.0507382,0.240816,All
-20.7945,0.244898,0.595453,0.242857,0.000233192,0.244898,-5.03993,0.244898,1.06236,0.242857,0.0508068,0.242857,All
-20.7196,0.246939,0.596217,0.244898,0.000235325,0.246939,-5.03764,0.246939,1.0721,0.244898,0.0510903,0.244898,All
-20.3344,0.24898,0.599819,0.246939,0.000238226,0.24898,-5.03218,0.24898,1.07265,0.246939,0.0511433,0.246939,All
-20.324,0.25102,0.600602,0.24898,0.000239318,0.25102,-5.03018,0.25102,1.07697,0.24898,0.0512553,0.24898,All
-20.2175,0.253061,0.60324,0.25102,0.000240282,0.253061,-5.02926,0.253061,1.07994,0.25102,0.0512871,0.25102,All
-20.2002,0.255102,0.603929,0.253061,0.00024234,0.255102,-5.02894,0.255102,1.08583,0.253061,0.0515653,0.253061,All
-20.1514,0.257143,0.608933,0.255102,0.000242544,0.257143,-5.02126,0.257143,1.0929,0.255102,0.0518856,0.255102,All
-20.1159,0.259184,0.609879,0.257143,0.000243097,0.259184,-5.02114,0.259184,1.09706,0.257143,0.052819,0.257143,All
-20.1029,0.261224,0.611661,0.259184,0.000246981,0.261224,-5.0186,0.261224,1.0975,0.259184,0.0537161,0.259184,All
-19.989,0.263265,0.618501,0.261224,0.000249563,0.263265,-5.01524,0.263265,1.09856,0.261224,0.0537239,0.261224,All
-19.9714,0.265306,0.619487,0.263265,0.000252046,0.265306,-5.01455,0.265306,1.09894,0.263265,0.0538186,0.263265,All
-19.8925,0.267347,0.619519,0.265306,0.000252975,0.267347,-5.00599,0.267347,1.1023,0.265306,0.0543001,0.265306,All
-19.6627,0.269388,0.62082,0.267347,0.000252976,0.269388,-5.00482,0.269388,1.10263,0.267347,0.0546184,0.267347,All
-19.659,0.271429,0.623062,0.269388,0.0002564,0.271429,-5.00216,0.271429,1.1028,0.269388,0.0549816,0.269388,All
-19.6112,0.273469,0.623096,0.271429,0.000257096,0.273469,-4.99297,0.273469,1.10343,0.271429,0.0552866,0.271429,All
-19.5467,0.27551,0.624751,0.273469,0.000260572,0.27551,-4.97445,0.27551,1.10572,0.273469,0.0557007,0.273469,All
-19.4503,0.277551,0.624944,0.27551,0.000261488,0.277551,-4.97413,0.277551,1.10646,0.27551,0.0566214,0.27551,All
-19.3934,0.279592,0.62642,0.277551,0.000262882,0.279592,-4.96497,0.279592,1.10762,0.277551,0.0568107,0.277551,All
-19.3554,0.281633,0.627473,0.279592,0.000267815,0.281633,-4.96473,0.281633,1.11513,0.279592,0.0568163,0.279592,All
-19.3474,0.283673,0.628021,0.281633,0.000268643,0.283673,-4.95826,0.283673,1.11828,0.281633,0.0568988,0.281633,All
-19.3295,0.285714,0.628033,0.283673,0.000270503,0.285714,-4.95599,0.285714,1.12644,0.283673,0.0571968,0.283673,All
-19.2452,0.287755,0.628143,0.285714,0.000270604,0.287755,-4.95556,0.287755,1.12752,0.285714,0.0572008,0.285714,All
-19.1913,0.289796,0.631831,0.287755,0.000272774,0.289796,-4.95466,0.289796,1.13191,0.287755,0.0572929,0.287755,All
-19.1508,0.291837,0.632661,0.289796,0.000278757,0.291837,-4.95439,0.291837,1.13192,0.289796,0.0576466,0.289796,All
-19.1475,0.293878,0.633227,0.291837,0.000280968,0.293878,-4.95173,0.293878,1.13243,0.291837,0.0576887,0.291837,All
-19.1434,0.295918,0.633632,0.293878,0.000281103,0.295918,-4.94498,0.295918,1.13297,0.293878,0.0577663,0.293878,All
-19.0763,0.297959,0.639555,0.295918,0.00029071,0.297959,-4.94275,0.297959,1.13389,0.295918,0.0578158,0.295918,All
-18.992,0.3,0.641537,0.297959,0.000291472,0.3,-4.94107,0.3,1.1398,0.297959,0.0579615,0.297959,All
-18.7548,0.302041,0.643719,0.3,0.000291558,0.302041,-4.93354,0.302041,1.14223,0.3,0.0580371,0.3,All
-18.7317,0.304082,0.643945,0.302041,0.000299442,0.304082,-4.92056,0.304082,1.14338,0.302041,0.0581254,0.302041,All
-18.7185,0.306122,0.644422,0.304082,0.000301401,0.306122,-4.91713,0.306122,1.14364,0.304082,0.0581928,0.304082,All
-18.7036,0.308163,0.645688,0.306122,0.000301739,0.308163,-4.91379,0.308163,1.14708,0.306122,0.0584954,0.306122,All
-18.6234,0.310204,0.646064,0.308163,0.000303362,0.310204,-4.91057,0.310204,1.156,0.308163,0.0592479,0.308163,All
-18.2003,0.312245,0.646284,0.310204,0.000303615,0.312245,-4.90948,0.312245,1.16274,0.310204,0.0594822,0.310204,All
-18.1384,0.314286,0.647312,0.312245,0.000305245,0.314286,-4.89987,0.314286,1.1645,0.312245,0.0605351,0.312245,All
-18.1321,0.316327,0.647724,0.314286,0.000305505,0.316327,-4.89618,0.316327,1.17251,0.314286,0.0606083,0.314286,All
-18.0972,0.318367,0.648652,0.316327,0.000305747,0.318367,-4.88984,0.318367,1.17414,0.316327,0.0607591,0.316327,All
-18,0.320408,0.648724,0.318367,0.000313258,0.320408,-4.88713,0.320408,1.17666,0.318367,0.0608489,0.318367,All
-17.8894,0.322449,0.650002,0.320408,0.000314222,0.322449,-4.88514,0.322449,1.18133,0.320408,0.0608576,0.320408,All
-17.8781,0.32449,0.650669,0.322449,0.000315205,0.32449,-4.88491,0.32449,1.18215,0.322449,0.061014,0.322449,All
-17.862,0.326531,0.650852,0.32449,0.000316801,0.326531,-4.88428,0.326531,1.18542,0.32449,0.0610496,0.32449,All
-17.682,0.328571,0.65503,0.326531,0.000320828,0.328571,-4.88366,0.328571,1.18567,0.326531,0.0611524,0.326531,All
-17.4907,0.330612,0.655255,0.328571,0.000322004,0.330612,-4.88284,0.330612,1.18573,0.328571,0.0614027,0.328571,All
-17.4864,0.332653,0.655729,0.330612,0.000328009,0.332653,-4.8815,0.332653,1.19093,0.330612,0.0614146,0.330612,All
-17.4773,0.334694,0.657979,0.332653,0.00033151,0.334694,-4.87998,0.334694,1.19692,0.332653,0.06164,0.332653,All
-17.4651,0.336735,0.665968,0.334694,0.000331733,0.336735,-4.87772,0.336735,1.19787,0.334694,0.0617717,0.334694,All
-17.2963,0.338776,0.668632,0.336735,0.000333017,0.338776,-4.87152,0.338776,1.1991,0.336735,0.0622028,0.336735,All
-17.2775,0.340816,0.668664,0.338776,0.000334175,0.340816,-4.87108,0.340816,1.20357,0.338776,0.0624377,0.338776,All
-17.2685,0.342857,0.668986,0.340816,0.000337639,0.342857,-4.87003,0.342857,1.20889,0.340816,0.0626428,0.340816,All
-17.2304,0.344898,0.669736,0.342857,0.000338827,0.344898,-4.8694,0.344898,1.21768,0.342857,0.0628408,0.342857,All
-17.2013,0.346939,0.670017,0.344898,0.000339173,0.346939,-4.86817,0.346939,1.219,0.344898,0.0628769,0.344898,All
-17.1799,0.34898,0.671318,0.346939,0.000342876,0.34898,-4.86186,0.34898,1.21973,0.346939,0.0630883,0.346939,All
-17.1058,0.35102,0.672288,0.34898,0.000348354,0.35102,-4.86156,0.35102,1.2202,0.34898,0.0632581,0.34898,All
-17.061,0.353061,0.674771,0.35102,0.000349305,0.353061,-4.85523,0.353061,1.22138,0.35102,0.0633074,0.35102,All
-16.9392,0.355102,0.675692,0.353061,0.000350593,0.355102,-4.84898,0.355102,1.22162,0.353061,0.0633541,0.353061,All
-16.849,0.357143,0.675999,0.355102,0.000352461,0.357143,-4.84615,0.357143,1.22445,0.355102,0.0638745,0.355102,All
-16.7138,0.359184,0.676397,0.357143,0.000353018,0.359184,-4.84552,0.359184,1.22761,0.357143,0.0642944,0.357143,All
-16.7019,0.361224,0.676541,0.359184,0.00036439,0.361224,-4.84546,0.361224,1.22809,0.359184,0.0645469,0.359184,All
-16.565,0.363265,0.676722,0.361224,0.000367342,0.363265,-4.83724,0.363265,1.23666,0.361224,0.0646694,0.361224,All
-16.4273,0.365306,0.677978,0.363265,0.000368161,0.365306,-4.83528,0.365306,1.23708,0.363265,0.0646855,0.363265,All
-16.4126,0.367347,0.678572,0.365306,0.000374027,0.367347,-4.8349,0.367347,1.24965,0.365306,0.0653431,0.365306,All
-16.3794,0.369388,0.679341,0.367347,0.000374597,0.369388,-4.8346,0.369388,1.25308,0.367347,0.065428,0.367347,All
-16.3562,0.371429,0.682437,0.369388,0.000379007,0.371429,-4.8342,0.371429,1.25419,0.369388,0.0654727,0.369388,All
-16.2702,0.373469,0.683091,0.371429,0.000391021,0.373469,-4.83364,0.373469,1.25771,0.371429,0.0659587,0.371429,All
-16.2091,0.37551,0.683258,0.373469,0.000391483,0.37551,-4.83084,0.37551,1.25845,0.373469,0.0659769,0.373469,All
-16.201,0.377551,0.685387,0.37551,0.000394796,0.377551,-4.82897,0.377551,1.26706,0.37551,0.0660537,0.37551,All
-16.174,0.379592,0.685647,0.377551,0.000395117,0.379592,-4.82738,0.379592,1.28152,0.377551,0.0664305,0.377551,All
-16.1422,0.381633,0.686106,0.379592,0.00039569,0.381633,-4.82651,0.381633,1.28351,0.379592,0.0664856,0.379592,All
-16.1287,0.383673,0.688148,0.381633,0.000397054,0.383673,-4.82523,0.383673,1.28697,0.381633,0.0666101,0.381633,All
-16.0609,0.385714,0.690327,0.383673,0.000398696,0.385714,-4.82377,0.385714,1.29083,0.383673,0.0667307,0.383673,All
-16.0476,0.387755,0.692443,0.385714,0.000398737,0.387755,-4.82188,0.387755,1.29677,0.385714,0.066758,0.385714,All
-16.0066,0.389796,0.692513,0.387755,0.000400576,0.389796,-4.81843,0.389796,1.30075,0.387755,0.0668181,0.387755,All
-15.9935,0.391837,0.692521,0.389796,0.00040608,0.391837,-4.81735,0.391837,1.30644,0.389796,0.0670775,0.389796,All
-15.9551,0.393878,0.695581,0.391837,0.000406143,0.393878,-4.81236,0.393878,1.31125,0.391837,0.0677825,0.391837,All
-15.8814,0.395918,0.697245,0.393878,0.000406645,0.395918,-4.81039,0.395918,1.31362,0.393878,0.0678469,0.393878,All
-15.8634,0.397959,0.697831,0.395918,0.000409107,0.397959,-4.80988,0.397959,1.31533,0.395918,0.0682043,0.395918,All
-15.7705,0.4,0.69954,0.397959,0.000414817,0.4,-4.80987,0.4,1.31789,0.397959,0.0683002,0.397959,All
-15.7341,0.402041,0.699704,0.4,0.000419528,0.402041,-4.80948,0.402041,1.31982,0.4,0.0683226,0.4,All
-15.6953,0.404082,0.700014,0.402041,0.000423252,0.404082,-4.80927,0.404082,1.3292,0.402041,0.0686266,0.402041,All
-15.5848,0.406122,0.703423,0.404082,0.000425912,0.406122,-4.80632,0.406122,1.32932,0.404082,0.0689826,0.404082,All
-15.5772,0.408163,0.707742,0.406122,0.000427237,0.408163,-4.80129,0.408163,1.33389,0.406122,0.0694027,0.406122,All
-15.5041,0.410204,0.707809,0.408163,0.000430526,0.410204,-4.79808,0.410204,1.33656,0.408163,0.0700808,0.408163,All
-15.4685,0.412245,0.709415,0.410204,0.000431526,0.412245,-4.78961,0.412245,1.33723,0.410204,0.0700857,0.410204,All
-15.4257,0.414286,0.709944,0.412245,0.000433633,0.414286,-4.7891,0.414286,1.33889,0.412245,0.0703513,0.412245,All
-15.385,0.416327,0.711609,0.414286,0.000438601,0.416327,-4.78853,0.416327,1.34071,0.414286,0.0703766,0.414286,All
-15.3587,0.418367,0.712761,0.416327,0.000451283,0.418367,-4.78279,0.418367,1.34127,0.416327,0.0707835,0.416327,All
-15.2374,0.420408,0.713726,0.418367,0.00045367,0.420408,-4.78068,0.420408,1.34135,0.418367,0.0713449,0.418367,All
-15.1946,0.422449,0.715175,0.420408,0.000461855,0.422449,-4.77943,0.422449,1.34443,0.420408,0.0713758,0.420408,All
-15.1113,0.42449,0.717884,0.422449,0.00047221,0.42449,-4.77228,0.42449,1.34463,0.422449,0.0714357,0.422449,All
-15.0828,0.426531,0.718443,0.42449,0.000474206,0.426531,-4.77162,0.426531,1.36031,0.42449,0.0719988,0.42449,All
-15.0708,0.428571,0.719499,0.426531,0.000475947,0.428571,-4.7686,0.428571,1.36279,0.426531,0.0723402,0.426531,All
-15.0529,0.430612,0.722037,0.428571,0.000476194,0.430612,-4.76488,0.430612,1.36641,0.428571,0.0723507,0.428571,All
-14.9715,0.432653,0.722637,0.430612,0.000477316,0.432653,-4.76466,0.432653,1.36726,0.430612,0.0728129,0.430612,All
-14.9308,0.434694,0.722657,0.432653,0.000478205,0.434694,-4.76432,0.434694,1.36773,0.432653,0.0730903,0.432653,All
-14.9192,0.436735,0.723014,0.434694,0.000490823,0.436735,-4.75929,0.436735,1.36774,0.434694,0.0732779,0.434694,All
-14.8926,0.438776,0.724598,0.436735,0.000498076,0.438776,-4.7587,0.438776,1.37005,0.436735,0.073325,0.436735,All
-14.8419,0.440816,0.72632,0.438776,0.000501597,0.440816,-4.75505,0.440816,1.3742,0.438776,0.074228,0.438776,All
-14.8252,0.442857,0.726744,0.440816,0.000502261,0.442857,-4.75308,0.442857,1.38614,0.440816,0.0747415,0.440816,All
-14.7195,0.444898,0.72739,0.442857,0.000506244,0.444898,-4.753,0.444898,1.38621,0.442857,0.074861,0.442857,All
-14.6932,0.446939,0.728588,0.444898,0.000506264,0.446939,-4.74883,0.446939,1.38991,0.444898,0.0749494,0.444898,All
-14.658,0.44898,0.72903,0.446939,0.000509045,0.44898,-4.74738,0.44898,1.39231,0.446939,0.0750656,0.446939,All
-14.6351,0.45102,0.729209,0.44898,0.000509824,0.45102,-4.74475,0.45102,1.39299,0.44898,0.075129,0.44898,All
-14.6334,0.453061,0.731866,0.45102,0.000511029,0.453061,-4.74312,0.453061,1.39905,0.45102,0.0751356,0.45102,All
-14.6104,0.455102,0.732024,0.453061,0.00051181,0.455102,-4.73872,0.455102,1.40285,0.453061,0.0753232,0.453061,All
-14.5817,0.457143,0.739518,0.455102,0.000514807,0.457143,-4.73838,0.457143,1.40663,0.455102,0.07539,0.455102,All
-14.5358,0.459184,0.739673,0.457143,0.000520029,0.459184,-4.73798,0.459184,1.41036,0.457143,0.0755226,0.457143,All
-14.5229,0.461224,0.741187,0.459184,0.000520151,0.461224,-4.7341,0.461224,1.42154,0.459184,0.0757957,0.459184,All
-14.4953,0.463265,0.748976,0.461224,0.000520945,0.463265,-4.72899,0.463265,1.43533,0.461224,0.076123,0.461224,All
-14.4711,0.465306,0.748984,0.463265,0.000522986,0.465306,-4.72757,0.465306,1.43561,0.463265,0.076211,0.463265,All
-14.4611,0.467347,0.750622,0.465306,0.000526007,0.467347,-4.72658,0.467347,1.44616,0.465306,0.0775461,0.465306,All
-14.4478,0.469388,0.750757,0.467347,0.000530065,0.469388,-4.72522,0.469388,1.4489,0.467347,0.0775617,0.467347,All
-14.4444,0.471429,0.752217,0.469388,0.000531089,0.471429,-4.71843,0.471429,1.44996,0.469388,0.0776705,0.469388,All
-14.4372,0.473469,0.755546,0.471429,0.000536525,0.473469,-4.71355,0.473469,1.45103,0.471429,0.0777742,0.471429,All
-14.425,0.47551,0.756099,0.473469,0.000538843,0.47551,-4.71022,0.47551,1.45155,0.473469,0.0778534,0.473469,All
-14.4026,0.477551,0.759888,0.47551,0.000540535,0.477551,-4.70997,0.477551,1.45187,0.47551,0.0779817,0.47551,All
-14.3435,0.479592,0.760089,0.477551,0.000545379,0.479592,-4.70993,0.479592,1.45201,0.477551,0.0786982,0.477551,All
-14.3091,0.481633,0.760542,0.479592,0.000551845,0.481633,-4.70658,0.481633,1.45225,0.479592,0.0791107,0.479592,All
-14.2888,0.483673,0.761184,0.481633,0.000554646,0.483673,-4.7063,0.483673,1.45896,0.481633,0.0793516,0.481633,All
-14.1445,0.485714,0.762159,0.483673,0.00055597,0.485714,-4.6972,0.485714,1.46407,0.483673,0.0795558,0.483673,All
-14.1298,0.487755,0.762325,0.485714,0.000556566,0.487755,-4.69153,0.487755,1.46963,0.485714,0.0797262,0.485714,All
-14.1069,0.489796,0.763028,0.487755,0.000557241,0.489796,-4.68869,0.489796,1.48037,0.487755,0.0801207,0.487755,All
-14.0786,0.491837,0.766747,0.489796,0.000563667,0.491837,-4.68854,0.491837,1.48137,0.489796,0.0807401,0.489796,All
-13.9786,0.493878,0.767575,0.491837,0.000577209,0.493878,-4.68568,0.493878,1.48406,0.491837,0.0808098,0.491837,All
-13.9752,0.495918,0.768037,0.493878,0.000578852,0.495918,-4.68341,0.495918,1.48413,0.493878,0.081528,0.493878,All
-13.8603,0.497959,0.770153,0.495918,0.000592261,0.497959,-4.68169,0.497959,1.4848,0.495918,0.0815693,0.495918,All
-13.8546,0.5,0.771611,0.497959,0.000599448,0.5,-4.67947,0.5,1.49246,0.497959,0.0815898,0.497959,All
-13.8148,0.502041,0.773954,0.5,0.000601343,0.502041,-4.67024,0.502041,1.4928,0.5,0.0827654,0.5,All
-13.71,0.504082,0.777512,0.502041,0.000611199,0.504082,-4.65824,0.504082,1.49725,0.502041,0.0833317,0.502041,All
-13.6948,0.506122,0.777905,0.504082,0.000612909,0.506122,-4.65663,0.506122,1.50593,0.504082,0.0843813,0.504082,All
-13.6115,0.508163,0.778533,0.506122,0.000614823,0.508163,-4.64997,0.508163,1.5072,0.506122,0.0845365,0.506122,All
-13.5558,0.510204,0.778899,0.508163,0.000624521,0.510204,-4.64908,0.510204,1.50793,0.508163,0.0849622,0.508163,All
-13.4582,0.512245,0.77915,0.510204,0.000645883,0.512245,-4.63786,0.512245,1.52033,0.510204,0.0853823,0.510204,All
-13.3651,0.514286,0.77974,0.512245,0.000645901,0.514286,-4.63383,0.514286,1.52382,0.512245,0.0854757,0.512245,All
-13.2941,0.516327,0.780139,0.514286,0.00065042,0.516327,-4.61992,0.516327,1.52382,0.514286,0.0860052,0.514286,All
-13.2772,0.518367,0.780364,0.516327,0.000650643,0.518367,-4.60876,0.518367,1.52389,0.516327,0.0860269,0.516327,All
-13.2757,0.520408,0.78123,0.518367,0.000652723,0.520408,-4.59195,0.520408,1.53592,0.518367,0.0862352,0.518367,All
-13.2541,0.522449,0.781381,0.520408,0.000665452,0.522449,-4.58873,0.522449,1.54233,0.520408,0.086279,0.520408,All
-13.2473,0.52449,0.781616,0.522449,0.000686326,0.52449,-4.58838,0.52449,1.54438,0.522449,0.0864769,0.522449,All
-13.2367,0.526531,0.782685,0.52449,0.000689949,0.526531,-4.58777,0.526531,1.55746,0.52449,0.086606,0.52449,All
-13.1695,0.528571,0.783578,0.526531,0.000704915,0.528571,-4.58297,0.528571,1.56247,0.526531,0.0868957,0.526531,All
-13.1468,0.530612,0.783838,0.528571,0.000707232,0.530612,-4.58276,0.530612,1.56366,0.528571,0.086908,0.528571,All
-13.1397,0.532653,0.785862,0.530612,0.000710263,0.532653,-4.58137,0.532653,1.56748,0.530612,0.0870311,0.530612,All
-13.0843,0.534694,0.793904,0.532653,0.000721659,0.534694,-4.57854,0.534694,1.56995,0.532653,0.0871575,0.532653,All
-13.0798,0.536735,0.794209,0.534694,0.000744894,0.536735,-4.57406,0.536735,1.57171,0.534694,0.0871863,0.534694,All
-13.0158,0.538776,0.796177,0.536735,0.000750302,0.538776,-4.57386,0.538776,1.57922,0.536735,0.087415,0.536735,All
-13.0041,0.540816,0.797329,0.538776,0.000755299,0.540816,-4.57008,0.540816,1.57993,0.538776,0.0875701,0.538776,All
-12.9595,0.542857,0.797745,0.540816,0.000789405,0.542857,-4.56559,0.542857,1.58552,0.540816,0.0890626,0.540816,All
-12.8816,0.544898,0.797952,0.542857,0.000826105,0.544898,-4.55763,0.544898,1.59008,0.542857,0.0893847,0.542857,All
-12.8585,0.546939,0.797966,0.544898,0.000834693,0.546939,-4.5535,0.546939,1.60212,0.544898,0.0896805,0.544898,All
-12.8363,0.54898,0.798992,0.546939,0.00084417,0.54898,-4.54484,0.54898,1.61375,0.546939,0.0899969,0.546939,All
-12.8081,0.55102,0.803749,0.54898,0.000867452,0.55102,-4.52808,0.55102,1.62559,0.54898,0.0901122,0.54898,All
-12.7937,0.553061,0.808068,0.55102,0.000869134,0.553061,-4.52557,0.553061,1.62665,0.55102,0.0914376,0.55102,All
-12.793,0.555102,0.81073,0.553061,0.000873462,0.555102,-4.52226,0.555102,1.64867,0.553061,0.0915811,0.553061,All
-12.7565,0.557143,0.815542,0.555102,0.000876454,0.557143,-4.52186,0.557143,1.65377,0.555102,0.0915823,0.555102,All
-12.7438,0.559184,0.815963,0.557143,0.000877842,0.559184,-4.5198,0.559184,1.65616,0.557143,0.0917293,0.557143,All
-12.7009,0.561224,0.816462,0.559184,0.000878613,0.561224,-4.51963,0.561224,1.65617,0.559184,0.0922154,0.559184,All
-12.6315,0.563265,0.816785,0.561224,0.000897247,0.563265,-4.50168,0.563265,1.66918,0.561224,0.0922193,0.561224,All
-12.553,0.565306,0.822029,0.563265,0.000902191,0.565306,-4.49952,0.565306,1.66988,0.563265,0.0922898,0.563265,All
-12.5281,0.567347,0.828077,0.565306,0.000915343,0.567347,-4.49852,0.567347,1.67148,0.565306,0.0923174,0.565306,All
-12.5095,0.569388,0.828456,0.567347,0.000936503,0.569388,-4.4921,0.569388,1.67708,0.567347,0.0924511,0.567347,All
-12.3436,0.571429,0.830896,0.569388,0.000941561,0.571429,-4.48103,0.571429,1.67946,0.569388,0.092588,0.569388,All
-12.2789,0.573469,0.831793,0.571429,0.000946787,0.573469,-4.4805,0.573469,1.68514,0.571429,0.0927159,0.571429,All
-12.2734,0.57551,0.835718,0.573469,0.000947034,0.57551,-4.48,0.57551,1.69523,0.573469,0.093444,0.573469,All
-12.2715,0.577551,0.83795,0.57551,0.000953743,0.577551,-4.47913,0.577551,1.69938,0.57551,0.0936972,0.57551,All
-12.2674,0.579592,0.839022,0.577551,0.000958734,0.579592,-4.47827,0.579592,1.69992,0.577551,0.0939906,0.577551,All
-12.1995,0.581633,0.839429,0.579592,0.000963047,0.581633,-4.47709,0.581633,1.70289,0.579592,0.0941061,0.579592,All
-12.1451,0.583673,0.841151,0.581633,0.000966132,0.583673,-4.47563,0.583673,1.70438,0.581633,0.0943828,0.581633,All
-12.0915,0.585714,0.844528,0.583673,0.000975342,0.585714,-4.4755,0.585714,1.70857,0.583673,0.0946238,0.583673,All
-12.0361,0.587755,0.846924,0.585714,0.000975935,0.587755,-4.47018,0.587755,1.71143,0.585714,0.0949095,0.585714,All
-11.9207,0.589796,0.850557,0.587755,0.00100097,0.589796,-4.46592,0.589796,1.71395,0.587755,0.0960871,0.587755,All
-11.8527,0.591837,0.850812,0.589796,0.00101086,0.591837,-4.46406,0.591837,1.71634,0.589796,0.0969022,0.589796,All
-11.81,0.593878,0.852445,0.591837,0.00101871,0.593878,-4.45785,0.593878,1.73675,0.591837,0.0970947,0.591837,All
-11.7708,0.595918,0.854647,0.593878,0.0010198,0.595918,-4.45715,0.595918,1.73772,0.593878,0.0976382,0.593878,All
-11.645,0.597959,0.857838,0.595918,0.00102063,0.597959,-4.45548,0.597959,1.74663,0.595918,0.0977141,0.595918,All
-11.6418,0.6,0.858982,0.597959,0.00103915,0.6,-4.45499,0.6,1.74764,0.597959,0.0979184,0.597959,All
-11.5994,0.602041,0.859714,0.6,0.00104783,0.602041,-4.44876,0.602041,1.74895,0.6,0.0979582,0.6,All
-11.568,0.604082,0.864487,0.602041,0.00105509,0.604082,-4.44871,0.604082,1.75543,0.602041,0.0979661,0.602041,All
-11.5319,0.606122,0.867431,0.604082,0.00106283,0.606122,-4.44865,0.606122,1.76745,0.604082,0.0983095,0.604082,All
-11.4987,0.608163,0.86924,0.606122,0.00106576,0.608163,-4.44453,0.608163,1.77102,0.606122,0.0987629,0.606122,All
-11.2815,0.610204,0.870401,0.608163,0.00106957,0.610204,-4.43626,0.610204,1.79084,0.608163,0.0991148,0.608163,All
-11.1832,0.612245,0.87107,0.610204,0.00107737,0.612245,-4.43394,0.612245,1.7934,0.610204,0.0995331,0.610204,All
-11.1278,0.614286,0.871426,0.612245,0.00108012,0.614286,-4.42904,0.614286,1.79508,0.612245,0.099614,0.612245,All
-11.0988,0.616327,0.873545,0.614286,0.00108647,0.616327,-4.42726,0.616327,1.81212,0.614286,0.100565,0.614286,All
-11.0397,0.618367,0.878473,0.616327,0.00111618,0.618367,-4.4173,0.618367,1.83023,0.616327,0.100831,0.616327,All
-10.9865,0.620408,0.879203,0.618367,0.00111761,0.620408,-4.40999,0.620408,1.83601,0.618367,0.101399,0.618367,All
-10.9522,0.622449,0.881767,0.620408,0.00112214,0.622449,-4.39808,0.622449,1.83687,0.620408,0.101547,0.620408,All
-10.9238,0.62449,0.888225,0.622449,0.00112806,0.62449,-4.39634,0.62449,1.84039,0.622449,0.101789,0.622449,All
-10.8412,0.626531,0.890827,0.62449,0.00113443,0.626531,-4.39107,0.626531,1.84414,0.62449,0.101973,0.62449,All
-10.8231,0.628571,0.890865,0.626531,0.00113966,0.628571,-4.38209,0.628571,1.84659,0.626531,0.102329,0.626531,All
-10.7861,0.630612,0.892663,0.628571,0.0011442,0.630612,-4.37855,0.630612,1.85079,0.628571,0.103139,0.628571,All
-10.772,0.632653,0.894085,0.630612,0.00114607,0.632653,-4.37729,0.632653,1.86794,0.630612,0.103364,0.630612,All
-10.7095,0.634694,0.894439,0.632653,0.0011761,0.634694,-4.37632,0.634694,1.87904,0.632653,0.103653,0.632653,All
-10.7067,0.636735,0.895989,0.634694,0.0011791,0.636735,-4.36969,0.636735,1.88342,0.634694,0.104611,0.634694,All
-10.6629,0.638776,0.897615,0.636735,0.00118247,0.638776,-4.36588,0.638776,1.8844,0.636735,0.104726,0.636735,All
-10.6608,0.640816,0.898035,0.638776,0.00118296,0.640816,-4.36573,0.640816,1.88562,0.638776,0.104873,0.638776,All
-10.6496,0.642857,0.89981,0.640816,0.00118513,0.642857,-4.36472,0.642857,1.89867,0.640816,0.104956,0.640816,All
-10.6244,0.644898,0.90088,0.642857,0.00118837,0.644898,-4.3647,0.644898,1.91179,0.642857,0.105978,0.642857,All
-10.5042,0.646939,0.90088,0.644898,0.00119855,0.646939,-4.36469,0.646939,1.91853,0.644898,0.106155,0.644898,All
-10.4906,0.64898,0.905984,0.646939,0.00119984,0.64898,-4.36174,0.64898,1.92389,0.646939,0.106381,0.646939,All
-10.471,0.65102,0.911421,0.64898,0.00120385,0.65102,-4.36017,0.65102,1.93532,0.64898,0.10664,0.64898,All
-10.4258,0.653061,0.911936,0.65102,0.00121576,0.653061,-4.35214,0.653061,1.93685,0.65102,0.106903,0.65102,All
-10.4162,0.655102,0.912696,0.653061,0.00124931,0.655102,-4.3517,0.655102,1.94253,0.653061,0.107199,0.653061,All
-10.3036,0.657143,0.913129,0.655102,0.00126445,0.657143,-4.34824,0.657143,1.9506,0.655102,0.107735,0.655102,All
-10.2736,0.659184,0.917754,0.657143,0.00126557,0.659184,-4.34494,0.659184,1.95265,0.657143,0.10872,0.657143,All
-10.2224,0.661224,0.917843,0.659184,0.00126749,0.661224,-4.34351,0.661224,1.96067,0.659184,0.109267,0.659184,All
-10.1499,0.663265,0.918073,0.661224,0.00126916,0.663265,-4.34281,0.663265,1.96571,0.661224,0.110125,0.661224,All
-10.1412,0.665306,0.92029,0.663265,0.00128311,0.665306,-4.34092,0.665306,1.96683,0.663265,0.110579,0.663265,All
-10.1165,0.667347,0.920883,0.665306,0.00131702,0.667347,-4.3382,0.667347,1.97648,0.665306,0.110983,0.665306,All
-10.0995,0.669388,0.920931,0.667347,0.00132577,0.669388,-4.3373,0.669388,1.97656,0.667347,0.111101,0.667347,All
-10.0806,0.671429,0.921343,0.669388,0.00133668,0.671429,-4.33609,0.671429,1.98147,0.669388,0.111353,0.669388,All
-10.0102,0.673469,0.925138,0.671429,0.00134127,0.673469,-4.33593,0.673469,1.99172,0.671429,0.112242,0.671429,All
-10.0077,0.67551,0.927918,0.673469,0.00135923,0.67551,-4.31715,0.67551,1.99468,0.673469,0.112325,0.673469,All
-9.98944,0.677551,0.929605,0.67551,0.00136017,0.677551,-4.31605,0.677551,2.00018,0.67551,0.113126,0.67551,All
-9.97495,0.679592,0.931192,0.677551,0.00136318,0.679592,-4.31221,0.679592,2.00631,0.677551,0.113597,0.677551,All
-9.85831,0.681633,0.933,0.679592,0.00137211,0.681633,-4.29331,0.681633,2.00747,0.679592,0.113654,0.679592,All
-9.8446,0.683673,0.934946,0.681633,0.00138197,0.683673,-4.29323,0.683673,2.00937,0.681633,0.113702,0.681633,All
-9.7291,0.685714,0.93574,0.683673,0.00139399,0.685714,-4.29012,0.685714,2.0102,0.683673,0.113783,0.683673,All
-9.72708,0.687755,0.939118,0.685714,0.00140079,0.687755,-4.28992,0.687755,2.01538,0.685714,0.113856,0.685714,All
-9.72461,0.689796,0.939833,0.687755,0.00141473,0.689796,-4.28848,0.689796,2.05673,0.687755,0.114537,0.687755,All
-9.71511,0.691837,0.941121,0.689796,0.00144693,0.691837,-4.28775,0.691837,2.05981,0.689796,0.115192,0.689796,All
-9.71219,0.693878,0.942552,0.691837,0.00145258,0.693878,-4.27747,0.693878,2.07884,0.691837,0.115914,0.691837,All
-9.71141,0.695918,0.94346,0.693878,0.00145986,0.695918,-4.27458,0.695918,2.08062,0.693878,0.116264,0.693878,All
-9.7094,0.697959,0.945067,0.695918,0.0014983,0.697959,-4.27323,0.697959,2.08932,0.695918,0.116393,0.695918,All
-9.70901,0.7,0.950059,0.697959,0.00152063,0.7,-4.26722,0.7,2.09886,0.697959,0.11646,0.697959,All
-9.63774,0.702041,0.951002,0.7,0.00152692,0.702041,-4.25812,0.702041,2.10436,0.7,0.116593,0.7,All
-9.61553,0.704082,0.951396,0.702041,0.00153547,0.704082,-4.25539,0.704082,2.10817,0.702041,0.117288,0.702041,All
-9.54356,0.706122,0.954087,0.704082,0.00155182,0.706122,-4.24597,0.706122,2.12301,0.704082,0.117467,0.704082,All
-9.51373,0.708163,0.956486,0.706122,0.00157218,0.708163,-4.23453,0.708163,2.13055,0.706122,0.118241,0.706122,All
-9.47673,0.710204,0.956603,0.708163,0.00160095,0.710204,-4.23448,0.710204,2.13847,0.708163,0.119425,0.708163,All
-9.46909,0.712245,0.958169,0.710204,0.00160734,0.712245,-4.23283,0.712245,2.14256,0.710204,0.119977,0.710204,All
-9.43646,0.714286,0.961169,0.712245,0.00161893,0.714286,-4.22917,0.714286,2.14438,0.712245,0.120461,0.712245,All
-9.42157,0.716327,0.961904,0.714286,0.00163329,0.716327,-4.22632,0.716327,2.16775,0.714286,0.120482,0.714286,All
-9.38615,0.718367,0.963384,0.716327,0.00163883,0.718367,-4.22347,0.718367,2.19919,0.716327,0.121199,0.716327,All
-9.14981,0.720408,0.964325,0.718367,0.00164269,0.720408,-4.22039,0.720408,2.21077,0.718367,0.122211,0.718367,All
-9.14841,0.722449,0.964462,0.720408,0.00166789,0.722449,-4.21884,0.722449,2.22497,0.720408,0.122498,0.720408,All
-9.1013,0.72449,0.964907,0.722449,0.00167013,0.72449,-4.21268,0.72449,2.22616,0.722449,0.12298,0.722449,All
-9.05655,0.726531,0.965129,0.72449,0.00169655,0.726531,-4.2112,0.726531,2.23542,0.72449,0.123277,0.72449,All
-9.04215,0.728571,0.969779,0.726531,0.00172049,0.728571,-4.1989,0.728571,2.24543,0.726531,0.123407,0.726531,All
-9.00176,0.730612,0.972305,0.728571,0.00173133,0.730612,-4.19479,0.730612,2.26292,0.728571,0.124056,0.728571,All
-8.95929,0.732653,0.974099,0.730612,0.00173766,0.732653,-4.19147,0.732653,2.26846,0.730612,0.124105,0.730612,All
-8.85829,0.734694,0.975083,0.732653,0.00174016,0.734694,-4.18925,0.734694,2.28399,0.732653,0.124932,0.732653,All
-8.77296,0.736735,0.976855,0.734694,0.00176858,0.736735,-4.18182,0.736735,2.31268,0.734694,0.125578,0.734694,All
-8.75032,0.738776,0.97718,0.736735,0.00180766,0.738776,-4.18025,0.738776,2.31773,0.736735,0.125943,0.736735,All
-8.71103,0.740816,0.986956,0.738776,0.00185547,0.740816,-4.17561,0.740816,2.3208,0.738776,0.126301,0.738776,All
-8.66882,0.742857,0.98759,0.740816,0.00186969,0.742857,-4.17519,0.742857,2.32155,0.740816,0.126408,0.740816,All
-8.6517,0.744898,0.988155,0.742857,0.00187429,0.744898,-4.17355,0.744898,2.33826,0.742857,0.126445,0.742857,All
-8.6395,0.746939,0.990271,0.744898,0.001876,0.746939,-4.16844,0.746939,2.34493,0.744898,0.126512,0.744898,All
-8.58943,0.74898,0.99434,0.746939,0.00189226,0.74898,-4.16456,0.74898,2.3655,0.746939,0.127186,0.746939,All
-8.53598,0.75102,1.00259,0.74898,0.00189327,0.75102,-4.15081,0.75102,2.37494,0.74898,0.127258,0.74898,All
-8.53574,0.753061,1.00746,0.75102,0.00189668,0.753061,-4.15071,0.753061,2.37767,0.75102,0.127291,0.75102,All
-8.50855,0.755102,1.01433,0.753061,0.00194013,0.755102,-4.14905,0.755102,2.39058,0.753061,0.127639,0.753061,All
-8.48801,0.757143,1.02073,0.755102,0.00195079,0.757143,-4.13925,0.757143,2.40759,0.755102,0.127795,0.755102,All
-8.48752,0.759184,1.02736,0.757143,0.00199864,0.759184,-4.13875,0.759184,2.41961,0.757143,0.12838,0.757143,All
-8.45724,0.761224,1.02792,0.759184,0.00205742,0.761224,-4.13393,0.761224,2.4322,0.759184,0.128501,0.759184,All
-8.42107,0.763265,1.02928,0.761224,0.00209134,0.763265,-4.13148,0.763265,2.44028,0.761224,0.129644,0.761224,All
-8.38148,0.765306,1.03075,0.763265,0.0021034,0.765306,-4.12985,0.765306,2.4486,0.763265,0.129688,0.763265,All
-8.35062,0.767347,1.03231,0.765306,0.00214131,0.767347,-4.12324,0.767347,2.44963,0.765306,0.130067,0.765306,All
-8.34726,0.769388,1.03612,0.767347,0.00215684,0.769388,-4.12141,0.769388,2.46442,0.767347,0.130856,0.767347,All
-8.32901,0.771429,1.0367,0.769388,0.0022509,0.771429,-4.12118,0.771429,2.46443,0.769388,0.131848,0.769388,All
-8.32562,0.773469,1.03672,0.771429,0.00231785,0.773469,-4.1199,0.773469,2.46656,0.771429,0.131963,0.771429,All
-8.30029,0.77551,1.0372,0.773469,0.0023352,0.77551,-4.10549,0.77551,2.46929,0.773469,0.132402,0.773469,All
-8.29763,0.777551,1.04191,0.77551,0.0023489,0.777551,-4.10395,0.777551,2.48164,0.77551,0.132417,0.77551,All
-8.29293,0.779592,1.04203,0.777551,0.00237036,0.779592,-4.09827,0.779592,2.49108,0.777551,0.133665,0.777551,All
-8.26175,0.781633,1.04332,0.779592,0.00243533,0.781633,-4.09478,0.781633,2.4933,0.779592,0.134564,0.779592,All
-8.23355,0.783673,1.04792,0.781633,0.00250801,0.783673,-4.08393,0.783673,2.49504,0.781633,0.134599,0.781633,All
-8.23285,0.785714,1.04868,0.783673,0.00253167,0.785714,-4.08353,0.785714,2.50969,0.783673,0.13484,0.783673,All
-8.18633,0.787755,1.05089,0.785714,0.00256101,0.787755,-4.08206,0.787755,2.52186,0.785714,0.135414,0.785714,All
-8.11182,0.789796,1.0521,0.787755,0.0025783,0.789796,-4.08196,0.789796,2.52254,0.787755,0.136052,0.787755,All
-8.09086,0.791837,1.0532,0.789796,0.00262409,0.791837,-4.07926,0.791837,2.52261,0.789796,0.136455,0.789796,All
-8.07528,0.793878,1.06215,0.791837,0.00263718,0.793878,-4.07854,0.793878,2.55362,0.791837,0.137999,0.791837,All
-8.07448,0.795918,1.06839,0.793878,0.00266686,0.795918,-4.0774,0.795918,2.5577,0.793878,0.139085,0.793878,All
-8.03395,0.797959,1.07253,0.795918,0.00266902,0.797959,-4.07681,0.797959,2.56298,0.795918,0.139193,0.795918,All
-7.97964,0.8,1.07413,0.797959,0.00267035,0.8,-4.07102,0.8,2.57109,0.797959,0.140573,0.797959,All
-7.95108,0.802041,1.07646,0.8,0.00267197,0.802041,-4.0604,0.802041,2.58136,0.8,0.142224,0.8,All
-7.92471,0.804082,1.07975,0.802041,0.00271646,0.804082,-4.0569,0.804082,2.59131,0.802041,0.142254,0.802041,All
-7.86052,0.806122,1.08113,0.804082,0.00272745,0.806122,-4.05486,0.806122,2.59395,0.804082,0.142491,0.804082,All
-7.84545,0.808163,1.08526,0.806122,0.00281198,0.808163,-4.04677,0.808163,2.60239,0.806122,0.142788,0.806122,All
-7.78249,0.810204,1.08857,0.808163,0.00281667,0.810204,-4.0256,0.810204,2.61735,0.808163,0.142913,0.808163,All
-7.70803,0.812245,1.09043,0.810204,0.00286144,0.812245,-4.02084,0.812245,2.6292,0.810204,0.143201,0.810204,All
-7.69417,0.814286,1.09363,0.812245,0.00289197,0.814286,-4.01478,0.814286,2.62951,0.812245,0.144373,0.812245,All
-7.66454,0.816327,1.09685,0.814286,0.00294723,0.816327,-4.00595,0.816327,2.63928,0.814286,0.144644,0.814286,All
-7.66315,0.818367,1.10038,0.816327,0.00299293,0.818367,-3.99247,0.818367,2.66273,0.816327,0.145545,0.816327,All
-7.60237,0.820408,1.10244,0.818367,0.00302408,0.820408,-3.99081,0.820408,2.67445,0.818367,0.148166,0.818367,All
-7.57552,0.822449,1.10483,0.820408,0.00304513,0.822449,-3.99043,0.822449,2.67653,0.820408,0.149125,0.820408,All
-7.54064,0.82449,1.10749,0.822449,0.00315259,0.82449,-3.97612,0.82449,2.67821,0.822449,0.149317,0.822449,All
-7.51869,0.826531,1.1232,0.82449,0.0031888,0.826531,-3.97224,0.826531,2.68249,0.82449,0.153562,0.82449,All
-7.5166,0.828571,1.12824,0.826531,0.00328056,0.828571,-3.97098,0.828571,2.68474,0.826531,0.154096,0.826531,All
-7.47181,0.830612,1.13106,0.828571,0.00330954,0.830612,-3.95622,0.830612,2.74347,0.828571,0.155415,0.828571,All
-7.4639,0.832653,1.13471,0.830612,0.00335183,0.832653,-3.94284,0.832653,2.7444,0.830612,0.155515,0.830612,All
-7.45938,0.834694,1.13768,0.832653,0.00339234,0.834694,-3.94097,0.834694,2.75552,0.832653,0.155765,0.832653,All
-7.43399,0.836735,1.1386,0.834694,0.00339717,0.836735,-3.93871,0.836735,2.75864,0.834694,0.155823,0.834694,All
-7.38364,0.838776,1.14306,0.836735,0.00355463,0.838776,-3.93496,0.838776,2.79388,0.836735,0.156727,0.836735,All
-7.38198,0.840816,1.14316,0.838776,0.00357193,0.840816,-3.93262,0.840816,2.79502,0.838776,0.159781,0.838776,All
-7.35283,0.842857,1.14342,0.840816,0.00358542,0.842857,-3.91177,0.842857,2.8044,0.840816,0.160381,0.840816,All
-7.35192,0.844898,1.14411,0.842857,0.00363208,0.844898,-3.90764,0.844898,2.81534,0.842857,0.164632,0.842857,All
-7.34049,0.846939,1.14462,0.844898,0.00366861,0.846939,-3.90537,0.846939,2.81792,0.844898,0.165613,0.844898,All
-7.28871,0.84898,1.14744,0.846939,0.00373647,0.84898,-3.896,0.84898,2.85031,0.846939,0.165913,0.846939,All
-7.28373,0.85102,1.14779,0.84898,0.00383709,0.85102,-3.89118,0.85102,2.85547,0.84898,0.167117,0.84898,All
-7.28252,0.853061,1.14905,0.85102,0.00385765,0.853061,-3.88039,0.853061,2.87205,0.85102,0.16717,0.85102,All
-7.28079,0.855102,1.15383,0.853061,0.00386082,0.855102,-3.87681,0.855102,2.8846,0.853061,0.167244,0.853061,All
-7.18828,0.857143,1.1591,0.855102,0.0038639,0.857143,-3.87593,0.857143,2.88509,0.855102,0.170581,0.855102,All
-7.17824,0.859184,1.16552,0.857143,0.00391503,0.859184,-3.86328,0.859184,2.88648,0.857143,0.170743,0.857143,All
-7.13074,0.861224,1.1658,0.859184,0.00394012,0.861224,-3.85496,0.861224,2.89264,0.859184,0.170778,0.859184,All
-7.12412,0.863265,1.17829,0.861224,0.00400957,0.863265,-3.8239,0.863265,2.89473,0.861224,0.171231,0.861224,All
-7.11247,0.865306,1.1841,0.863265,0.00412961,0.865306,-3.82083,0.865306,2.90502,0.863265,0.171251,0.863265,All
-7.00236,0.867347,1.18751,0.865306,0.00417403,0.867347,-3.81687,0.867347,2.93449,0.865306,0.171563,0.865306,All
-6.9666,0.869388,1.18949,0.867347,0.00426401,0.869388,-3.81486,0.869388,2.94871,0.867347,0.172533,0.867347,All
-6.85125,0.871429,1.19397,0.869388,0.0043173,0.871429,-3.81354,0.871429,2.95415,0.869388,0.173149,0.869388,All
-6.83408,0.873469,1.19612,0.871429,0.00431836,0.873469,-3.81023,0.873469,2.96013,0.871429,0.173572,0.871429,All
-6.77798,0.87551,1.1964,0.873469,0.00436414,0.87551,-3.80665,0.87551,2.98816,0.873469,0.175774,0.873469,All
-6.72432,0.877551,1.2018,0.87551,0.00438419,0.877551,-3.80286,0.877551,2.99766,0.87551,0.176191,0.87551,All
-6.71754,0.879592,1.20225,0.877551,0.00446617,0.879592,-3.79052,0.879592,3.00178,0.877551,0.176298,0.877551,All
-6.68428,0.881633,1.20493,0.879592,0.00447181,0.881633,-3.78622,0.881633,3.00234,0.879592,0.179556,0.879592,All
-6.64932,0.883673,1.21161,0.881633,0.00452518,0.883673,-3.77726,0.883673,3.00341,0.881633,0.181254,0.881633,All
-6.61515,0.885714,1.21163,0.883673,0.00461945,0.885714,-3.77618,0.885714,3.00976,0.883673,0.185282,0.883673,All
-6.5038,0.887755,1.21389,0.885714,0.00466595,0.887755,-3.76566,0.887755,3.0236,0.885714,0.187289,0.885714,All
-6.47253,0.889796,1.21852,0.887755,0.00474936,0.889796,-3.76262,0.889796,3.03533,0.887755,0.188529,0.887755,All
-6.4503,0.891837,1.22012,0.889796,0.00476297,0.891837,-3.76252,0.891837,3.03695,0.889796,0.189259,0.889796,All
-6.37493,0.893878,1.22468,0.891837,0.00481753,0.893878,-3.76119,0.893878,3.05012,0.891837,0.189913,0.891837,All
-6.37212,0.895918,1.22716,0.893878,0.00487286,0.895918,-3.76065,0.895918,3.06913,0.893878,0.190352,0.893878,All
-6.36467,0.897959,1.22759,0.895918,0.00493574,0.897959,-3.76049,0.897959,3.0777,0.895918,0.192828,0.895918,All
-6.35476,0.9,1.23785,0.897959,0.00496424,0.9,-3.75634,0.9,3.10208,0.897959,0.194374,0.897959,All
-6.33744,0.902041,1.2444,0.9,0.00497269,0.902041,-3.75518,0.902041,3.13307,0.9,0.195993,0.9,All
-6.33319,0.904082,1.24578,0.902041,0.00498169,0.904082,-3.75456,0.904082,3.14566,0.902041,0.197331,0.902041,All
-6.25569,0.906122,1.2469,0.904082,0.00500656,0.906122,-3.75033,0.906122,3.22736,0.904082,0.198594,0.904082,All
-6.2188,0.908163,1.25124,0.906122,0.00502135,0.908163,-3.74328,0.908163,3.23197,0.906122,0.199664,0.906122,All
-6.157,0.910204,1.25384,0.908163,0.00504356,0.910204,-3.73939,0.910204,3.2462,0.908163,0.201009,0.908163,All
-6.15682,0.912245,1.25726,0.910204,0.00525935,0.912245,-3.73081,0.912245,3.2527,0.910204,0.201896,0.910204,All
-6.1409,0.914286,1.26468,0.912245,0.00539865,0.914286,-3.73042,0.914286,3.26235,0.912245,0.205646,0.912245,All
-6.12095,0.916327,1.2704,0.914286,0.00540119,0.916327,-3.73034,0.916327,3.26803,0.914286,0.208827,0.914286,All
-6.11003,0.918367,1.277,0.916327,0.00542879,0.918367,-3.72889,0.918367,3.2733,0.916327,0.21067,0.916327,All
-6.1096,0.920408,1.27798,0.918367,0.00545322,0.920408,-3.72698,0.920408,3.33784,0.918367,0.214573,0.918367,All
-6.03695,0.922449,1.28596,0.920408,0.00545988,0.922449,-3.72534,0.922449,3.37565,0.920408,0.21561,0.920408,All
-6.02502,0.92449,1.28946,0.922449,0.00546882,0.92449,-3.71838,0.92449,3.38098,0.922449,0.216761,0.922449,All
-5.96294,0.926531,1.29051,0.92449,0.00549434,0.926531,-3.70994,0.926531,3.38785,0.92449,0.220347,0.92449,All
-5.91928,0.928571,1.29333,0.926531,0.00557821,0.928571,-3.70487,0.928571,3.40656,0.926531,0.221331,0.926531,All
-5.90212,0.930612,1.30105,0.928571,0.00565543,0.930612,-3.7038,0.930612,3.50269,0.928571,0.222759,0.928571,All
-5.84705,0.932653,1.3053,0.930612,0.00567684,0.932653,-3.68895,0.932653,3.51574,0.930612,0.225031,0.930612,All
-5.82199,0.934694,1.30536,0.932653,0.00609594,0.934694,-3.68706,0.934694,3.5298,0.932653,0.226758,0.932653,All
-5.8148,0.936735,1.31543,0.934694,0.00621197,0.936735,-3.68674,0.936735,3.54349,0.934694,0.226909,0.934694,All
-5.74326,0.938776,1.31609,0.936735,0.00627007,0.938776,-3.6849,0.938776,3.60763,0.936735,0.227701,0.936735,All
-5.6088,0.940816,1.32876,0.938776,0.00627754,0.940816,-3.67989,0.940816,3.64752,0.938776,0.227855,0.938776,All
-5.60294,0.942857,1.32958,0.940816,0.00643717,0.942857,-3.67562,0.942857,3.67375,0.940816,0.236216,0.940816,All
-5.57802,0.944898,1.34338,0.942857,0.00647116,0.944898,-3.675,0.944898,3.69174,0.942857,0.239656,0.942857,All
-5.54218,0.946939,1.35897,0.944898,0.00649855,0.946939,-3.6673,0.946939,3.71845,0.944898,0.240162,0.944898,All
-5.53135,0.94898,1.37299,0.946939,0.00663378,0.94898,-3.66275,0.94898,3.74843,0.946939,0.241595,0.946939,All
-5.41255,0.95102,1.3757,0.94898,0.00687463,0.95102,-3.64342,0.95102,3.7677,0.94898,0.242873,0.94898,All
-5.39985,0.953061,1.37829,0.95102,0.00700612,0.953061,-3.63117,0.953061,3.7711,0.95102,0.244825,0.95102,All
-5.37778,0.955102,1.40734,0.953061,0.00704208,0.955102,-3.62454,0.955102,3.82089,0.953061,0.25368,0.953061,All
-5.36742,0.957143,1.41385,0.955102,0.00729299,0.957143,-3.60705,0.957143,4.04178,0.955102,0.256597,0.955102,All
-5.33266,0.959184,1.42602,0.957143,0.00736909,0.959184,-3.60601,0.959184,4.06287,0.957143,0.256609,0.957143,All
-5.25025,0.961224,1.43271,0.959184,0.00740919,0.961224,-3.60151,0.961224,4.11845,0.959184,0.258647,0.959184,All
-5.21521,0.963265,1.44378,0.961224,0.00744378,0.963265,-3.60117,0.963265,4.17312,0.961224,0.267524,0.961224,All
-5.16607,0.965306,1.45833,0.963265,0.00761023,0.965306,-3.59638,0.965306,4.17982,0.963265,0.268094,0.963265,All
-5.15668,0.967347,1.46664,0.965306,0.00798685,0.967347,-3.55628,0.967347,4.18762,0.965306,0.269444,0.965306,All
-5.15211,0.969388,1.46823,0.967347,0.0080928,0.969388,-3.5554,0.969388,4.25801,0.967347,0.270302,0.967347,All
-5.1426,0.971429,1.46905,0.969388,0.00815742,0.971429,-3.5379,0.971429,4.28092,0.969388,0.27781,0.969388,All
-5.07039,0.973469,1.57292,0.971429,0.00838342,0.973469,-3.51932,0.973469,4.39695,0.971429,0.278388,0.971429,All
-4.97323,0.97551,1.58703,0.973469,0.00839191,0.97551,-3.5061,0.97551,4.44679,0.973469,0.282758,0.973469,All
-4.92862,0.977551,1.60795,0.97551,0.0084338,0.977551,-3.50585,0.977551,4.60177,0.97551,0.284466,0.97551,All
-4.86793,0.979592,1.62763,0.977551,0.00858648,0.979592,-3.50488,0.979592,4.71435,0.977551,0.288165,0.977551,All
-4.81606,0.981633,1.68625,0.979592,0.00894822,0.981633,-3.48951,0.981633,4.79642,0.979592,0.296637,0.979592,All
-4.76096,0.983673,1.88827,0.981633,0.00935131,0.983673,-3.47764,0.983673,4.80579,0.981633,0.315943,0.981633,All
-4.73923,0.985714,2.00194,0.983673,0.00946099,0.985714,-3.44372,0.985714,4.86321,0.983673,0.361103,0.983673,All
-4.65246,0.987755,2.15502,0.985714,0.0103688,0.987755,-3.43185,0.987755,4.89177,0.985714,0.362741,0.985714,All
-4.64229,0.989796,2.16701,0.987755,0.0107829,0.989796,-3.43175,0.989796,5.01568,0.987755,0.364376,0.987755,All
-4.45287,0.991837,2.22421,0.989796,0.0118915,0.991837,-3.41629,0.991837,6.06296,0.989796,0.368749,0.989796,All
-4.25346,0.993878,2.23176,0.991837,0.0119641,0.993878,-3.36458,0.993878,6.45508,0.991837,0.40055,0.991837,All
-4.11184,0.995918,2.27317,0.993878,0.0120553,0.995918,-3.35517,0.995918,7.05065,0.993878,0.427851,0.993878,All
-3.99496,0.997959,2.38364,0.995918,0.0150719,0.997959,-3.29918,0.997959,8.61466,0.995918,0.493154,0.995918,All
-3.61961,1,2.51238,0.997959,0.0659486,1,-2.71926,1,8.72242,0.997959,0.49722,0.997959,All
-3.61961,1,2.53624,1,0.0659486,1,-2.71926,1,8.77265,1,0.612894,1,All
