iteration,convergenceIndicator,phase,a,aS_pop,b,dE_pop,dS_pop,initT_pop,lBt0_pop,lae_pop,lk_pop,lw_pop,omega_aS,omega_dE,omega_dS,omega_initT,omega_lBt0,omega_lae,omega_lk,omega_lw
1,1513.1,1,0.517413,14.6149,0.3,0.253976,0.0129983,-9.76068,-4.73459,1.85538,-4.54535,2.23077,0.0223304,1.69978,0.0132264,2.9771,0.00474907,0.352013,0.524321,0.565539
2,1471.86,1,0.491542,14.5393,0.285,0.179875,0.0129863,-9.35863,-4.73395,1.92014,-4.60147,2.17823,0.0222451,1.65674,0.0134251,3.11311,0.00481066,0.343099,0.526159,0.551219
3,1443.44,1,0.466965,14.4915,0.27075,0.189263,0.0129781,-9.05986,-4.73414,1.85361,-4.58602,2.21624,0.0240723,1.6148,0.0160114,3.03429,0.00478528,0.377221,0.512836,0.537262
4,1400.48,1,0.443617,14.4799,0.257212,0.14429,0.012975,-9.85591,-4.73417,1.78752,-4.62422,2.28498,0.0268646,1.57391,0.015606,2.95746,0.00466412,0.36767,0.59363,0.523658
5,1379.67,1,0.421436,14.523,0.244352,0.153332,0.0129648,-9.9029,-4.73447,1.79364,-4.61056,2.28795,0.0274651,1.53406,0.0154797,2.88257,0.00477462,0.414634,0.578598,0.564239
6,1336.12,1,0.400364,14.4332,0.232134,0.166691,0.0129553,-10.2875,-4.73553,1.76877,-4.55854,2.46273,0.0287068,1.49521,0.0160383,2.81589,0.0053236,0.419627,0.563948,0.561272
7,1308.29,1,0.380346,14.4422,0.220528,0.215579,0.0129919,-9.72845,-4.73565,1.71579,-4.56669,2.44298,0.0296762,1.51749,0.0156322,2.74459,0.005436,0.409002,0.562135,0.603434
8,1234.6,1,0.361329,14.4985,0.209501,0.148739,0.0130202,-9.10989,-4.7367,1.59771,-4.54361,2.32486,0.0289248,1.47907,0.0196457,2.67509,0.00580701,0.398646,0.547902,0.626169
9,1173.24,1,0.343262,14.5006,0.199026,0.18133,0.01301,-9.09778,-4.73682,1.60206,-4.46166,2.46013,0.0281924,1.44162,0.0191483,2.60736,0.00565998,0.388552,0.534029,0.631863
10,1148.62,1,0.326099,14.5568,0.189075,0.142072,0.0130197,-8.38724,-4.7355,1.51533,-4.41707,2.47806,0.0274786,1.40512,0.0186634,2.54134,0.00551666,0.378714,0.520507,0.668443
11,1134.06,1,0.309794,14.4941,0.179621,0.147693,0.0130358,-8.73426,-4.73581,1.34834,-4.42407,2.33726,0.0303635,1.36954,0.0194754,2.47699,0.00537698,0.369125,0.509147,0.667208
12,1094.7,1,0.294304,14.4778,0.17064,0.144713,0.0129854,-8.66603,-4.73575,1.30826,-4.36604,2.1882,0.0316965,1.33486,0.0189823,2.41427,0.00552536,0.413425,0.496255,0.792337
13,1060.55,1,0.279589,14.4978,0.162108,0.15506,0.0130479,-8.57132,-4.73538,1.3843,-4.40015,2.36304,0.0357098,1.30106,0.0196446,2.35314,0.00538546,0.402957,0.491527,0.772275
14,1047.71,1,0.26561,14.5763,0.154003,0.161963,0.0130932,-8.7261,-4.73527,1.42833,-4.4176,2.23451,0.0348056,1.26812,0.0197812,2.38871,0.00524909,0.418748,0.521166,0.789409
15,1003.93,1,0.252329,14.552,0.146302,0.167718,0.0130727,-8.71308,-4.73431,1.40227,-4.41178,2.13907,0.0339243,1.23601,0.0220729,2.32823,0.00511618,0.408145,0.511204,0.903372
16,951.988,1,0.239713,14.6176,0.138987,0.190519,0.0130696,-9.18502,-4.73365,1.3722,-4.3909,1.94353,0.0330653,1.20471,0.021514,2.32729,0.00507013,0.400225,0.512883,0.880498
17,916.213,1,0.227727,14.6218,0.132038,0.184206,0.0130849,-9.02586,-4.73345,1.40927,-4.53017,1.97546,0.0326938,1.19769,0.0209693,2.28594,0.00494175,0.390091,0.612097,0.86873
18,940.791,1,0.216341,14.6394,0.125436,0.13415,0.0131073,-8.98787,-4.73314,1.36658,-4.57137,1.9135,0.0358858,1.16737,0.0238559,2.27141,0.00493775,0.410415,0.700405,0.846734
19,850.675,1,0.205524,14.6888,0.119164,0.132934,0.0130138,-8.84714,-4.73418,1.40679,-4.59751,1.92984,0.0413942,1.13781,0.0232519,2.21389,0.00481272,0.400023,0.682671,0.825294
20,859.668,1,0.195248,14.6095,0.113206,0.141376,0.0130612,-9.13216,-4.73413,1.384,-4.58499,1.95101,0.0416203,1.109,0.0253317,2.387,0.00469086,0.472495,0.665385,0.804397
21,868.502,1,0.185485,14.5944,0.107546,0.156431,0.0130355,-9.27775,-4.73366,1.42459,-4.53532,1.95767,0.0417919,1.08092,0.0289125,2.58735,0.00457209,0.494237,0.701627,0.784029
22,868.642,1,0.176211,14.6075,0.102168,0.133631,0.0129846,-9.64402,-4.73303,1.46009,-4.4815,1.78651,0.0442582,1.05355,0.0285482,2.82585,0.00455586,0.481722,0.683862,0.800087
23,841.908,1,0.1674,14.6774,0.0970601,0.148416,0.0130197,-9.63646,-4.73332,1.44919,-4.45227,1.77926,0.0431376,1.02687,0.0296702,2.85168,0.00545664,0.469525,0.683739,0.779828
24,793.295,1,0.15903,14.5904,0.0922071,0.177144,0.0130139,-9.75211,-4.73415,1.36214,-4.55765,1.81791,0.0420453,1.08036,0.0289189,2.83717,0.00531847,0.457636,0.666427,0.802405
25,811.58,1,0.151079,14.6626,0.0875967,0.193306,0.0130148,-9.8005,-4.73525,1.37806,-4.49296,1.84637,0.0409807,1.19374,0.0301722,2.9176,0.00518381,0.446049,0.649997,0.782088
26,770.137,1,0.143525,14.6108,0.0832169,0.199528,0.0129768,-9.84801,-4.73532,1.3288,-4.42159,1.74146,0.039943,1.24533,0.0310404,3.08552,0.00526358,0.460802,0.633538,0.799037
27,775.726,1,0.306314,14.5423,0.0487588,0.201594,0.0130406,-9.83665,-4.7355,1.33008,-4.38819,1.87907,0.0419959,1.3727,0.0319492,3.0074,0.0051303,0.510454,0.617497,0.778805
28,780.458,1,0.328013,14.5456,0.0439319,0.20089,0.013078,-9.75226,-4.73599,1.34762,-4.40486,1.86814,0.0409326,1.33794,0.0311402,2.93125,0.0052829,0.585632,0.654796,0.762413
29,746.573,1,0.327569,14.4911,0.0417292,0.18912,0.0131203,-10.081,-4.73557,1.36192,-4.34079,1.80904,0.0398962,1.30406,0.0303517,3.03931,0.00586748,0.606952,0.638216,0.759539
30,700.051,1,0.358152,14.4914,0.0325329,0.197081,0.0131174,-10.1531,-4.73529,1.43596,-4.29267,1.79001,0.038886,1.29309,0.0295832,2.96235,0.00597632,0.591584,0.622056,0.740307
31,678.648,1,0.330779,14.555,0.0365471,0.20909,0.0131291,-9.81431,-4.73448,1.43265,-4.2879,1.83877,0.0379013,1.33827,0.0288341,3.00697,0.005825,0.576605,0.606306,0.721562
32,697.56,1,0.385974,14.6134,0.027402,0.166436,0.0130984,-9.67284,-4.73341,1.45977,-4.20856,1.76973,0.0373616,1.30439,0.0281041,2.93083,0.00603301,0.562005,0.590954,0.703292
33,701.267,1,0.405862,14.5851,0.0247078,0.158197,0.0131109,-9.3801,-4.73368,1.36098,-4.20708,1.77091,0.0364156,1.27136,0.0273924,2.85662,0.00637312,0.570437,0.57599,0.715007
34,711.496,1,0.391615,14.5152,0.0276472,0.161736,0.0131309,-9.51761,-4.73416,1.33113,-4.24634,1.74588,0.035723,1.23917,0.0286659,2.78429,0.00621174,0.555994,0.561406,0.799339
35,714.011,1,0.428295,14.55,0.0205912,0.182975,0.013079,-9.31069,-4.73342,1.38742,-4.27743,1.83689,0.0348185,1.41589,0.0298808,2.71379,0.00605446,0.541916,0.551834,0.779099
36,734.426,1,0.428087,14.4659,0.0193514,0.196257,0.0130984,-9.41273,-4.73321,1.39775,-4.27493,1.8832,0.0348413,1.44756,0.0337311,2.75515,0.00590116,0.599549,0.537861,0.759372
37,686.773,1,0.364013,14.4994,0.0291192,0.193865,0.0131519,-9.66799,-4.73205,1.47468,-4.27506,1.86521,0.0425008,1.41091,0.032877,2.89458,0.00575174,0.584368,0.524242,0.740144
38,711.866,1,0.364302,14.4741,0.0305263,0.187494,0.0131624,-9.61878,-4.73177,1.42453,-4.26656,1.82662,0.0443547,1.37518,0.035305,2.82129,0.00588032,0.569572,0.510968,0.721404
39,705.656,1,0.451893,14.4139,0.0137655,0.192401,0.0131131,-9.87748,-4.73209,1.43563,-4.18765,1.80136,0.0442226,1.42781,0.0376282,2.74985,0.00573142,0.55515,0.49803,0.703137
40,737.557,1,0.404325,14.3989,0.0227234,0.202823,0.0131138,-9.74275,-4.73202,1.38592,-4.17466,1.85189,0.0472986,1.4595,0.0366754,2.97728,0.0055863,0.541093,0.505469,0.685333
41,732.783,1,0.467231,14.4018,0.0105388,0.1869,0.0131365,-10.1652,-4.73162,1.29217,-4.20943,1.82767,0.046101,1.42254,0.0357468,3.09325,0.00544485,0.527392,0.532585,0.712253
42,707.979,1,0.40354,14.4658,0.0198903,0.192781,0.0131326,-9.89467,-4.73103,1.32295,-4.19932,1.85296,0.0486984,1.43518,0.0348416,3.10864,0.00530699,0.514039,0.605856,0.694218
43,739.123,1,0.36525,14.4575,0.0295471,0.202377,0.013091,-9.60103,-4.73144,1.31379,-4.2091,1.90508,0.0516278,1.39884,0.0339594,3.3833,0.00517261,0.50573,0.590515,0.756768
44,770.464,1,0.384703,14.4984,0.0260478,0.225546,0.0131331,-9.52235,-4.73041,1.29869,-4.25045,1.90885,0.0503206,1.42403,0.0361058,3.29763,0.00504164,0.533928,0.575563,0.791646
45,793.303,1,0.426204,14.5556,0.0206031,0.243382,0.0131443,-9.26968,-4.73028,1.24333,-4.25458,1.92727,0.0490464,1.53265,0.0351915,3.21414,0.00605374,0.526348,0.560989,0.771601
46,777.175,1,0.459594,14.6608,0.0127248,0.202194,0.0131591,-9.18887,-4.73092,1.30766,-4.25968,1.95653,0.0478046,1.49384,0.0343005,3.13275,0.00681698,0.51302,0.603957,0.771627
47,805.229,1,0.469926,14.7696,0.0103949,0.196364,0.0131526,-9.49036,-4.73262,1.31588,-4.2439,1.92551,0.0465941,1.45602,0.033432,3.26712,0.00700435,0.512062,0.625516,0.789137
48,788.116,1,0.469815,14.7036,0.00992197,0.223645,0.0131486,-9.45375,-4.7348,1.26305,-4.21645,1.84969,0.0459591,1.47316,0.0340625,3.18439,0.006827,0.519629,0.609678,0.769155
49,848.547,1,0.420313,14.7202,0.0233337,0.17147,0.013133,-9.55175,-4.73378,1.36714,-4.19706,1.81996,0.0447954,1.43586,0.0387347,3.10376,0.00785358,0.585387,0.59424,0.74968
50,808.133,1,0.39965,14.671,0.0227333,0.199977,0.0131609,-10.1309,-4.73512,1.39444,-4.1737,1.80052,0.0500897,1.3995,0.037754,3.33793,0.00765472,0.570564,0.579194,0.803471
51,838.389,1,0.423727,14.6427,0.0173229,0.197587,0.013224,-10.1668,-4.73477,1.37151,-4.23227,1.95061,0.0504271,1.43651,0.0371577,3.58442,0.00828209,0.588602,0.575246,0.783127
52,827.578,1,0.424019,14.6906,0.01871,0.186896,0.0132521,-10.3399,-4.73491,1.4441,-4.22957,1.96061,0.0503993,1.48995,0.0362169,3.49366,0.00807238,0.573698,0.560681,0.763298
53,828.919,1,0.363468,14.7162,0.0306806,0.213794,0.0133424,-10.6676,-4.73531,1.41234,-4.21057,1.94109,0.0491231,1.55823,0.0360012,3.82476,0.0085377,0.571167,0.546484,0.74397
54,784.644,1,0.397237,14.6684,0.0230442,0.213652,0.0134583,-10.9478,-4.7344,1.33044,-4.15956,1.84578,0.0478793,1.51878,0.0350896,3.7978,0.00840725,0.556705,0.532647,0.725133
55,837.429,1,0.3977,14.6058,0.0255808,0.249605,0.0134837,-11.0142,-4.7328,1.41042,-4.09705,1.88097,0.046667,1.74722,0.0342011,3.81051,0.00894365,0.553684,0.535531,0.706772
56,807.327,1,0.397566,14.6475,0.024774,0.21244,0.0134439,-10.5167,-4.7326,1.41466,-4.14426,1.86868,0.0484103,1.70298,0.0333351,3.71403,0.00933305,0.539664,0.521971,0.688876
57,790.395,1,0.346516,14.5801,0.0318753,0.205064,0.0133692,-10.4799,-4.73124,1.33693,-4.1588,1.90448,0.049398,1.65986,0.032491,4.12652,0.00909673,0.533181,0.508755,0.671433
58,763.025,1,0.413077,14.6037,0.0184437,0.214111,0.0134095,-10.3939,-4.73105,1.3117,-4.1482,1.86771,0.0481472,1.61783,0.0319078,4.02203,0.0095342,0.519681,0.495873,0.654432
59,776.235,1,0.364592,14.6426,0.029072,0.21547,0.0133818,-10.4209,-4.73178,1.26766,-4.091,1.79273,0.0469281,1.57686,0.0367036,3.92019,0.00929279,0.506522,0.483317,0.667278
60,804.248,1,0.389891,14.6597,0.0235311,0.223026,0.0134148,-10.5858,-4.7311,1.28612,-4.17585,1.83901,0.0463838,1.57197,0.0378423,3.96323,0.00934855,0.493697,0.483881,0.704004
61,782.78,1,0.345014,14.6745,0.0328299,0.216546,0.0134549,-10.774,-4.73177,1.30084,-4.18216,1.87455,0.0467071,1.62088,0.0368841,3.86287,0.00911184,0.481196,0.471629,0.686178
62,770.21,1,0.345544,14.5674,0.0356307,0.206122,0.0134626,-10.7382,-4.73039,1.36236,-4.21546,1.82998,0.0455244,1.57984,0.0359502,3.76506,0.00888113,0.469012,0.466813,0.728108
63,784.575,1,0.345275,14.5753,0.0342544,0.201524,0.013465,-10.8025,-4.73212,1.40562,-4.21783,1.82009,0.0443717,1.53984,0.0366383,3.8177,0.00865625,0.457136,0.515561,0.709672
64,742.001,1,0.345056,14.6272,0.0331049,0.178636,0.0134323,-10.6986,-4.73139,1.42365,-4.27745,1.87838,0.0432482,1.50742,0.0357106,4.02576,0.00843707,0.445561,0.502506,0.700654
65,755.961,1,0.34489,14.6212,0.0323851,0.185281,0.0134972,-11.004,-4.73152,1.4223,-4.25894,1.82623,0.0421531,1.46925,0.0348064,4.04634,0.00841198,0.45282,0.501103,0.731721
66,756.913,1,0.312909,14.5614,0.0409582,0.185944,0.0135138,-10.7963,-4.73078,1.38002,-4.23474,1.79177,0.0410858,1.45268,0.0339251,3.94389,0.00829181,0.457465,0.488414,0.769183
67,721.67,1,0.297378,14.4659,0.0438646,0.191382,0.0135103,-10.9205,-4.73156,1.41878,-4.24697,1.83522,0.0400455,1.4159,0.0330661,3.9821,0.00808185,0.445882,0.476048,0.749707
68,714.581,1,0.278441,14.4032,0.0451097,0.169913,0.01354,-10.8994,-4.73125,1.42097,-4.24815,1.84138,0.0390315,1.38004,0.0345077,4.11124,0.0081027,0.473413,0.463994,0.730724
69,739.179,1,0.306472,14.4206,0.0428193,0.153075,0.0135102,-11.2444,-4.73115,1.37732,-4.38352,1.89297,0.0380432,1.3451,0.0336339,4.05116,0.008367,0.472547,0.452245,0.712222
70,695.736,1,0.330885,14.4141,0.0356287,0.126934,0.0134409,-10.7874,-4.73206,1.41505,-4.46033,1.90411,0.0370799,1.31104,0.0327823,4.02099,0.00815515,0.460582,0.46899,0.725263
71,714.782,1,0.300377,14.3805,0.0433324,0.136652,0.013436,-11.0715,-4.73103,1.51495,-4.41234,1.95089,0.036141,1.27785,0.0319522,4.08633,0.00794865,0.46105,0.507509,0.706899
72,738.303,1,0.338023,14.3567,0.0367961,0.153173,0.013506,-11.2154,-4.7309,1.515,-4.29797,1.93213,0.035716,1.2919,0.0311432,4.0513,0.00774739,0.455181,0.494658,0.689
73,737.534,1,0.301741,14.3717,0.043778,0.180146,0.0135055,-11.0823,-4.73158,1.46957,-4.23717,1.915,0.0358289,1.36084,0.0303546,3.94872,0.0077108,0.447004,0.497121,0.671554
74,714.947,1,0.34595,14.2159,0.035106,0.148447,0.0134537,-11.4216,-4.7315,1.47468,-4.33456,1.93347,0.0349217,1.32638,0.029586,3.89231,0.00751555,0.435686,0.575867,0.66708
75,725.448,1,0.37028,14.1559,0.0312118,0.194959,0.0133899,-11.1787,-4.73203,1.37746,-4.31109,1.90282,0.0340374,1.35917,0.0288369,3.89265,0.00762016,0.431589,0.561286,0.679073
76,714.818,1,0.44231,14.1619,0.0163112,0.206698,0.0133849,-11.3088,-4.73159,1.38376,-4.31216,1.92735,0.0331756,1.54375,0.0281566,3.91544,0.00742722,0.420661,0.547073,0.712328
77,743.231,1,0.442504,14.3151,0.0172645,0.236855,0.0133918,-11.257,-4.73304,1.36703,-4.37773,1.97029,0.0323356,1.60918,0.0274437,3.83114,0.00802934,0.41001,0.533221,0.725922
78,686.083,1,0.42972,14.3798,0.0156629,0.196177,0.0134265,-11.0145,-4.73339,1.28941,-4.38198,1.97822,0.0315168,1.56844,0.0267488,3.73413,0.00782604,0.434305,0.51972,0.721368
79,738.177,1,0.389471,14.3882,0.0257698,0.170916,0.0134391,-11.1238,-4.73343,1.33336,-4.41993,2.01215,0.0307188,1.53869,0.0260715,3.64895,0.00847837,0.533075,0.54395,0.703103
80,721.025,1,0.403983,14.4681,0.0256055,0.168149,0.0134462,-11.0894,-4.73279,1.35035,-4.34201,1.98434,0.029941,1.49973,0.0254249,3.56329,0.00826369,0.538713,0.530177,0.704349
81,698.715,1,0.392069,14.4197,0.0275544,0.147,0.0134579,-11.0096,-4.7345,1.33735,-4.3259,1.94283,0.0291828,1.46176,0.0247811,3.54117,0.00805445,0.525072,0.516753,0.690407
82,686.487,1,0.379794,14.4339,0.0250893,0.160451,0.0134778,-11.6012,-4.73509,1.41589,-4.30133,1.96572,0.0311197,1.58334,0.0241536,3.75445,0.0078505,0.551999,0.503668,0.718136
83,740.498,1,0.397735,14.4921,0.0238852,0.159768,0.0134788,-11.7926,-4.73663,1.58428,-4.29761,1.93611,0.0344185,1.55374,0.0235421,4.07349,0.00800019,0.55604,0.490915,0.778051
84,760.286,1,0.417287,14.523,0.0195442,0.158342,0.0134556,-11.4598,-4.737,1.48201,-4.33897,2.00071,0.0407814,1.5144,0.0247204,3.97035,0.00853045,0.54196,0.478485,0.847614
85,750.01,1,0.370678,14.463,0.0272566,0.17216,0.0134945,-11.3773,-4.73728,1.49378,-4.33479,2.02699,0.0401449,1.47605,0.029494,3.86982,0.00853316,0.528238,0.466369,0.963042
86,773.904,1,0.354438,14.5203,0.0328886,0.131154,0.013533,-11.2286,-4.73794,1.46671,-4.33357,1.9914,0.0411906,1.43868,0.0288812,3.77183,0.00956438,0.514862,0.45456,0.938657
87,782.246,1,0.387394,14.5977,0.0251673,0.136407,0.0135092,-11.1442,-4.73757,1.47594,-4.39251,2.00479,0.0428552,1.40225,0.029662,3.67633,0.00999812,0.501826,0.454757,0.91489
88,800.901,1,0.374372,14.6213,0.0283326,0.156577,0.0135475,-11.217,-4.73766,1.33901,-4.45327,2.03478,0.0443583,1.36675,0.0296192,4.11835,0.00974496,0.559933,0.443242,0.894866
89,766.992,1,0.338036,14.6114,0.0331893,0.153068,0.0136317,-11.153,-4.73716,1.37001,-4.46384,2.02601,0.0432351,1.33214,0.0313487,4.05898,0.00949822,0.546383,0.432019,0.903871
90,747.713,1,0.383116,14.6055,0.0238613,0.143346,0.0135869,-11.3157,-4.73699,1.40291,-4.44136,2.0489,0.0434281,1.36687,0.030555,3.96497,0.00925772,0.532548,0.466362,0.880984
91,724.136,1,0.383281,14.6075,0.0246008,0.143873,0.0136441,-11.2121,-4.73819,1.35436,-4.47284,2.05485,0.0423285,1.36705,0.0297813,3.86457,0.00904923,0.519064,0.454554,0.860271
92,723.52,1,0.374721,14.5886,0.0274362,0.138812,0.0136414,-11.2841,-4.73841,1.22835,-4.50769,2.04117,0.0412567,1.33244,0.0290272,3.88345,0.00893687,0.520211,0.443044,0.838489
93,724.364,1,0.344933,14.5894,0.0312075,0.145675,0.0136529,-11.2311,-4.73963,1.22559,-4.48936,2.1236,0.041685,1.30588,0.0282922,3.98882,0.0095396,0.508631,0.431826,0.817258
94,712.678,1,0.319513,14.6378,0.0352651,0.152554,0.0136629,-11.2638,-4.73819,1.25526,-4.46126,2.1511,0.0406295,1.38522,0.0278752,3.88782,0.0101186,0.515982,0.420892,0.796564
95,723.579,1,0.328305,14.7355,0.0339563,0.148916,0.0136695,-11.2761,-4.74006,1.33201,-4.54406,2.10788,0.0422365,1.44467,0.0271694,3.7944,0.010507,0.502917,0.410235,0.776395
96,765.699,1,0.356945,14.7186,0.0315604,0.159215,0.0136551,-11.0914,-4.73781,1.37393,-4.54247,2.10706,0.0411671,1.40809,0.0287623,3.83412,0.011145,0.492287,0.399847,0.769677
97,751.836,1,0.307913,14.7589,0.0385797,0.138835,0.0136169,-10.8286,-4.73708,1.32385,-4.52945,2.0181,0.0401247,1.37243,0.0295575,3.73703,0.0108628,0.550583,0.418184,0.864998
98,730.827,1,0.28736,14.6582,0.0440639,0.143295,0.0135109,-10.7178,-4.73857,1.35933,-4.54563,2.12754,0.0391087,1.33768,0.0301642,3.84678,0.0105878,0.536642,0.407595,0.843096
99,771.718,1,0.384768,14.6021,0.0252697,0.1434,0.0134603,-11.1911,-4.73958,1.30421,-4.50469,2.084,0.0381185,1.30381,0.0322234,3.86536,0.0105839,0.523054,0.397274,0.876929
100,769.534,1,0.344886,14.5703,0.0331878,0.165895,0.013521,-11.4487,-4.73792,1.39175,-4.4019,1.90398,0.0377329,1.37922,0.0314074,4.17812,0.0103159,0.50981,0.387215,0.952013
101,801.39,1,0.406301,14.5714,0.022785,0.16742,0.0134881,-11.2806,-4.7382,1.29187,-4.36716,1.9232,0.0400023,1.39785,0.0314445,4.07442,0.0100547,0.496901,0.377898,0.927908
102,800.529,1,0.329055,14.5412,0.041635,0.168496,0.0134957,-11.1511,-4.73753,1.44708,-4.3188,1.90616,0.0398568,1.41943,0.0306483,3.97125,0.0101315,0.484319,0.368329,0.926415
103,771.983,1,0.340286,14.5835,0.0380186,0.172164,0.0135191,-11.0823,-4.73795,1.40502,-4.35851,1.99144,0.0388476,1.38349,0.029978,3.8707,0.010289,0.472056,0.359003,0.902957
104,743.148,1,0.369126,14.5294,0.0283291,0.188021,0.013485,-11.3332,-4.73976,1.48927,-4.41741,2.06634,0.040827,1.47421,0.0316104,3.77269,0.0100285,0.460103,0.349913,0.880094
105,734.055,1,0.41406,14.506,0.0208552,0.175458,0.0134753,-11.3404,-4.73846,1.54552,-4.43511,2.11321,0.0397933,1.45336,0.0329375,3.67716,0.00977459,0.448453,0.341053,0.85781
106,740.456,1,0.413896,14.5162,0.0200694,0.205325,0.0134109,-11.066,-4.73673,1.56127,-4.45474,2.07472,0.0419054,1.61796,0.0321035,3.58406,0.00952709,0.437098,0.332417,0.836089
107,708.309,1,0.439475,14.4411,0.0148401,0.1679,0.0133944,-10.6883,-4.7358,1.54008,-4.50966,2.18426,0.0439366,1.577,0.0312906,3.49331,0.00928586,0.426031,0.362213,0.814919
108,797.391,1,0.439984,14.3666,0.017419,0.194124,0.0133606,-10.6728,-4.73534,1.50483,-4.45013,2.09895,0.0430644,1.635,0.0315762,3.40485,0.00985205,0.415243,0.399019,0.816472
109,772.224,1,0.386966,14.2418,0.0290549,0.164662,0.0133087,-10.9295,-4.73603,1.44645,-4.46987,2.10078,0.043854,1.5936,0.0307767,3.41205,0.00960259,0.483154,0.388916,0.795799
110,784.697,1,0.43539,14.1593,0.0183945,0.183986,0.013304,-11.0946,-4.73555,1.45978,-4.46859,2.18335,0.0427436,1.55325,0.0299974,3.50514,0.0109207,0.470921,0.379068,0.775649
111,788.952,1,0.379169,14.1124,0.0289197,0.191086,0.013257,-11.1762,-4.73772,1.40885,-4.49505,2.10356,0.0472247,1.51392,0.0292378,3.41639,0.0106442,0.556676,0.36947,0.756009
112,794.906,1,0.362703,14.0391,0.0307,0.166981,0.0132922,-11.3645,-4.73744,1.42733,-4.47463,2.22028,0.0484324,1.47559,0.0322634,3.57473,0.0104339,0.54258,0.390936,0.736866
113,763.424,1,0.422432,14.0519,0.0177812,0.168314,0.0133124,-11.4844,-4.73714,1.39056,-4.53414,2.20785,0.0472061,1.48906,0.0341795,3.63532,0.0101697,0.528842,0.381038,0.725214
114,758.004,1,0.463169,14.0455,0.0109258,0.16492,0.0132945,-11.4474,-4.73717,1.39611,-4.49397,2.13116,0.0460108,1.45135,0.0347817,3.54327,0.00991219,0.515451,0.37139,0.706994
115,759.367,1,0.435539,14.0036,0.0179351,0.144685,0.0131885,-11.4343,-4.73938,1.42289,-4.49048,2.14751,0.0448458,1.41461,0.0347495,3.5259,0.0100342,0.5024,0.361986,0.696981
116,771.004,1,0.465325,13.9432,0.0116337,0.133765,0.0131357,-11.6351,-4.74047,1.3723,-4.45655,2.06105,0.0451486,1.37879,0.0338696,3.43663,0.0106531,0.573971,0.35282,0.68179
117,805.38,1,0.416652,13.8831,0.0231197,0.136716,0.0130959,-11.6279,-4.74061,1.41786,-4.43492,2.09144,0.0440054,1.34388,0.033012,3.7709,0.0117637,0.559438,0.395878,0.726852
118,766.269,1,0.422708,13.7483,0.0181952,0.144636,0.0130604,-11.4467,-4.73712,1.39531,-4.45602,2.10215,0.0428912,1.30985,0.0328767,3.67542,0.0114658,0.545273,0.392318,0.746733
119,766.988,1,0.405242,13.6955,0.0208413,0.150414,0.0129734,-11.2427,-4.73662,1.46159,-4.47886,2.14152,0.0418052,1.37629,0.0320442,3.62442,0.0114364,0.552608,0.388497,0.727825
120,709.247,1,0.423618,13.7031,0.0149964,0.165518,0.0130048,-11.3479,-4.73699,1.51699,-4.50404,2.21618,0.0407466,1.45463,0.0336101,3.54104,0.0111468,0.538615,0.378661,0.709397
121,774.656,1,0.422425,13.6386,0.0205593,0.185193,0.0129883,-11.0884,-4.7357,1.50788,-4.4982,2.28314,0.0397149,1.67331,0.0335257,3.45138,0.0108646,0.524977,0.395187,0.693138
122,734.366,1,0.402266,13.6087,0.0207467,0.182398,0.0129817,-11.3485,-4.73496,1.47221,-4.47781,2.3354,0.0387093,1.63094,0.0326768,3.36399,0.0105895,0.519786,0.38604,0.675587
123,750.731,1,0.448075,13.5355,0.0123912,0.219739,0.0130004,-11.3629,-4.73363,1.39381,-4.47959,2.30528,0.0377292,1.64581,0.0342265,3.27881,0.0112229,0.506674,0.376265,0.699742
124,753.236,1,0.460953,13.556,0.0112795,0.179888,0.0129983,-11.3407,-4.73385,1.38633,-4.48017,2.27181,0.0367738,1.60413,0.0333598,3.22169,0.0113071,0.493845,0.401678,0.692999
125,748.702,1,0.435425,13.5554,0.0160595,0.170388,0.0129813,-11.327,-4.73448,1.37587,-4.52856,2.26292,0.0358427,1.56352,0.0380467,3.32041,0.011541,0.481341,0.391508,0.675452
126,772.086,1,0.435414,13.5952,0.0160286,0.152993,0.0128999,-11.2625,-4.73634,1.39119,-4.55435,2.25573,0.0352216,1.52393,0.0387299,3.23633,0.0125371,0.511226,0.430922,0.658349
127,766.391,1,0.386662,13.5346,0.0275729,0.174472,0.01284,-10.9797,-4.7368,1.34918,-4.47563,2.13655,0.0371608,1.48534,0.0377492,3.15439,0.0122196,0.498281,0.453435,0.641679
128,779.351,1,0.386783,13.5733,0.0280805,0.163653,0.0128266,-11.0102,-4.73527,1.3801,-4.5049,2.0491,0.0362198,1.44773,0.0375424,3.1794,0.0119102,0.485664,0.447227,0.705499
129,723.739,1,0.368216,13.5801,0.0288513,0.165513,0.0128393,-10.8586,-4.73302,1.36175,-4.49777,2.12772,0.0395522,1.41107,0.0365918,3.12034,0.0116087,0.473367,0.448281,0.687635
130,762.179,1,0.38826,13.5989,0.0261254,0.168581,0.012887,-10.9488,-4.73302,1.21455,-4.51194,2.06652,0.0385507,1.37535,0.0356652,3.3865,0.0114146,0.497459,0.43693,0.717362
131,760.401,1,0.388009,13.5588,0.0246834,0.167793,0.0128711,-10.8247,-4.73253,1.16448,-4.50195,2.11515,0.0375746,1.34052,0.0353923,3.30075,0.0113445,0.517244,0.465588,0.75922
132,733.598,1,0.415543,13.5535,0.0185164,0.16432,0.0127792,-10.5754,-4.73302,1.11422,-4.5988,2.22907,0.0366232,1.32633,0.0344962,3.21717,0.011839,0.504147,0.475806,0.739997
133,796.459,1,0.407016,13.5396,0.0231355,0.146737,0.0128263,-10.6339,-4.73366,1.16727,-4.59562,2.1637,0.0408778,1.29275,0.0336227,3.20743,0.0115392,0.559341,0.463758,0.73143
134,784.824,1,0.406648,13.5629,0.0212233,0.17669,0.0128713,-11.0404,-4.73505,1.20476,-4.55464,2.25846,0.0398427,1.43396,0.0327714,3.2423,0.011247,0.566348,0.452016,0.726429
135,782.724,1,0.403843,13.5207,0.0239413,0.166439,0.0128467,-11.0762,-4.7365,1.17875,-4.61076,2.24,0.0388339,1.39765,0.0335296,3.1602,0.0118908,0.552008,0.44057,0.708035
136,765.136,1,0.343198,13.5498,0.0351686,0.166771,0.0127665,-10.8778,-4.73527,1.18452,-4.61178,2.20386,0.0401804,1.36226,0.0337092,3.10761,0.0115898,0.550084,0.466489,0.690108
137,751.536,1,0.407723,13.642,0.0201354,0.19259,0.0128247,-10.7653,-4.73586,1.23767,-4.57408,2.23203,0.039163,1.38696,0.0328556,3.17653,0.0112963,0.536156,0.456676,0.672634
138,745.123,1,0.40764,13.6685,0.0195768,0.202399,0.0128786,-10.8562,-4.7358,1.2611,-4.52902,2.16981,0.0381714,1.4242,0.0324789,3.11389,0.0114459,0.52258,0.473809,0.655602
139,800.636,1,0.399429,13.618,0.0222181,0.181516,0.0129117,-11.2963,-4.73602,1.2344,-4.52922,2.13533,0.0424569,1.39876,0.0351121,3.64058,0.011156,0.509348,0.517125,0.690507
140,819.326,1,0.399621,13.685,0.0231931,0.180826,0.0129088,-11.3831,-4.73659,1.0918,-4.47695,2.16402,0.0428001,1.54416,0.034223,3.95253,0.0115489,0.496451,0.517385,0.70761
141,788.401,1,0.360959,13.7135,0.027603,0.190591,0.0128336,-11.2186,-4.73928,1.13798,-4.44729,2.18311,0.0449461,1.56248,0.0333565,3.85245,0.0112565,0.544867,0.570423,0.689693
142,779.435,1,0.376033,13.6417,0.025261,0.138589,0.0127995,-11.2108,-4.74025,1.13288,-4.44598,2.18906,0.043808,1.52292,0.0325119,3.7549,0.0109714,0.649645,0.55598,0.67223
143,803.091,1,0.343817,13.66,0.0324229,0.140259,0.01275,-11.303,-4.74111,1.2193,-4.47458,2.2038,0.0426988,1.48436,0.0316887,3.84228,0.0112408,0.633195,0.588354,0.67333
144,826.646,1,0.422436,13.6839,0.0183661,0.151289,0.0126974,-11.1268,-4.74057,1.18435,-4.50562,2.22316,0.0416176,1.44677,0.0308863,3.79451,0.0109562,0.641035,0.627558,0.696017
145,854.685,1,0.440032,13.5802,0.0166392,0.15497,0.0126957,-11.1849,-4.73812,1.12232,-4.51871,2.19591,0.0405638,1.41014,0.0316665,3.69843,0.0106787,0.72655,0.643564,0.729389
146,812.474,1,0.374863,13.514,0.025609,0.152159,0.012636,-11.5403,-4.73845,1.26375,-4.53427,2.17901,0.0395367,1.4171,0.0308647,3.70717,0.0109619,0.708153,0.627269,0.774692
147,786.278,1,0.405427,13.4748,0.0181506,0.145472,0.0126451,-11.5754,-4.7386,1.33539,-4.55561,2.17488,0.0385356,1.38122,0.0302389,3.61331,0.0107382,0.690223,0.611386,0.755077
148,827.384,1,0.431354,13.5695,0.0164657,0.155545,0.0126331,-11.1968,-4.73895,1.38446,-4.60176,2.14424,0.0384808,1.42753,0.0294733,3.52182,0.0107653,0.699818,0.595905,0.735958
149,781.867,1,0.431682,13.5196,0.0182546,0.139987,0.0126442,-11.4158,-4.73906,1.32054,-4.51153,2.01825,0.0375065,1.39138,0.028727,3.43264,0.0104927,0.682098,0.580817,0.717323
150,793.042,1,0.345348,13.4988,0.0335258,0.146968,0.012609,-11.1856,-4.73869,1.21245,-4.48643,2.02304,0.0365568,1.35615,0.0279996,3.46894,0.0114868,0.664827,0.594473,0.69916
151,768.564,1,0.345269,13.4536,0.0329828,0.147085,0.0125905,-11.0181,-4.73446,1.2325,-4.46116,2.03627,0.0356319,1.32181,0.0285292,3.59056,0.011196,0.647994,0.630514,0.692975
152,732.266,1,0.34535,13.4073,0.0334723,0.150379,0.0125257,-10.8096,-4.73346,1.18572,-4.45162,2.07342,0.0347297,1.33462,0.0278069,3.49965,0.0109125,0.631586,0.614549,0.675429
153,738.037,1,0.372368,13.3485,0.0255316,0.161982,0.0125389,-11.0715,-4.73324,1.23103,-4.4617,2.05287,0.0345822,1.33762,0.0271028,3.44755,0.0118534,0.615594,0.598988,0.658326
154,757.314,1,0.320272,13.3365,0.0397216,0.162573,0.0125792,-10.8947,-4.73222,1.21686,-4.4519,2.08473,0.0337065,1.30376,0.0264165,3.50665,0.0128755,0.600007,0.583822,0.64918
155,804.562,1,0.314123,13.3174,0.0452299,0.136807,0.0125532,-10.8074,-4.73186,1.10693,-4.45379,2.04608,0.033433,1.27074,0.0283329,3.61135,0.0125495,0.584814,0.569039,0.660607
156,770.096,1,0.347083,13.3647,0.0349166,0.152247,0.0125482,-10.852,-4.7342,1.09807,-4.46021,2.11527,0.0325865,1.23857,0.0287334,3.66525,0.0122317,0.596565,0.554631,0.643881
157,743.412,1,0.347132,13.3494,0.035126,0.141369,0.0125415,-10.9994,-4.73467,1.10917,-4.46961,2.0743,0.0317614,1.20721,0.0280059,3.64764,0.011922,0.58146,0.546113,0.639022
158,692.45,1,0.34686,13.3208,0.0337281,0.160101,0.0124892,-11.0709,-4.73424,1.17934,-4.45554,2.04061,0.0309572,1.22244,0.0272968,3.55528,0.0116201,0.566737,0.532285,0.622841
159,718.151,1,0.317161,13.3219,0.0397933,0.148037,0.0124607,-10.6077,-4.73456,1.21048,-4.49062,2.06598,0.0301733,1.19148,0.0266056,3.46526,0.0120425,0.552387,0.536277,0.624229
160,673.917,1,0.344039,13.2862,0.0337801,0.146629,0.0124393,-10.8935,-4.73376,1.17309,-4.5089,2.15522,0.0294093,1.16132,0.0259319,3.38087,0.0117375,0.5384,0.522698,0.608423
161,702.212,1,0.379737,13.3127,0.0270488,0.135978,0.0124152,-10.7124,-4.73654,1.12051,-4.57706,2.19103,0.0294405,1.13504,0.0265007,3.35112,0.0114403,0.530999,0.578799,0.593018
162,677.242,1,0.403383,13.3467,0.0213151,0.187832,0.0123878,-10.5649,-4.73491,1.2317,-4.43228,2.17454,0.0286951,1.27172,0.0258297,3.26627,0.0111507,0.520511,0.570985,0.578002
163,687.65,1,0.394569,13.2587,0.0252097,0.158391,0.0123545,-10.791,-4.73472,1.30739,-4.43151,2.0988,0.0279685,1.23951,0.0251756,3.18356,0.0108683,0.520819,0.556528,0.563367
164,740.145,1,0.484115,13.325,0.009167,0.149099,0.0123632,-10.7372,-4.7344,1.36636,-4.3689,2.07922,0.0320046,1.20813,0.0270381,3.10295,0.0105931,0.507632,0.561607,0.549386
165,668.081,1,0.42632,13.2963,0.0163513,0.181708,0.0122801,-10.5822,-4.73559,1.33214,-4.31951,2.0266,0.0311942,1.26545,0.0268625,3.02438,0.0103249,0.506537,0.547387,0.535475
166,658.836,1,0.359669,13.2963,0.0306562,0.17937,0.0122654,-10.666,-4.73823,1.31813,-4.34972,2.03711,0.0304043,1.28294,0.0261824,2.97581,0.0100849,0.493712,0.533527,0.521917
167,663.187,1,0.392871,13.2522,0.024443,0.16309,0.0122552,-10.8255,-4.73814,1.31766,-4.3016,1.95981,0.0322699,1.38325,0.0268841,3.05687,0.00982956,0.48121,0.520018,0.514852
168,622.492,1,0.376253,13.2871,0.0271389,0.14953,0.0122621,-10.5845,-4.73783,1.29211,-4.36994,1.94895,0.0314528,1.34822,0.026616,2.97947,0.00958067,0.469026,0.522196,0.501816
169,648.8,1,0.376543,13.2389,0.0285301,0.164375,0.0122704,-10.8662,-4.7356,1.32402,-4.35872,1.9476,0.0306564,1.31409,0.0259421,3.11244,0.00933808,0.463036,0.524444,0.51036
170,621.307,1,0.390385,13.2572,0.0271082,0.162503,0.0123043,-10.7879,-4.73736,1.26264,-4.3156,1.88503,0.0298801,1.28081,0.0252852,3.1324,0.00910163,0.451312,0.511165,0.497438
171,657.63,1,0.375728,13.2684,0.0305122,0.167816,0.0123147,-11.0098,-4.73745,1.19047,-4.33875,1.89558,0.0291236,1.24838,0.0277425,3.22628,0.00949876,0.439885,0.498222,0.484842
172,626.273,1,0.350905,13.2649,0.0352291,0.144279,0.0122664,-10.7172,-4.73621,1.21449,-4.38733,1.87016,0.0283861,1.21677,0.02704,3.41982,0.00925825,0.430695,0.50391,0.472566
173,635.407,1,0.350627,13.2324,0.0337398,0.137827,0.0122762,-10.7555,-4.7362,1.22329,-4.33133,1.91793,0.0295518,1.18596,0.0263554,3.33323,0.00941123,0.424153,0.53901,0.461318
174,630.185,1,0.386908,13.2182,0.0235872,0.140531,0.0123315,-10.7955,-4.73433,1.19404,-4.35051,1.96438,0.0288035,1.29832,0.0267475,3.32546,0.00917294,0.428733,0.575777,0.449637
175,620.477,1,0.400488,13.2895,0.0219207,0.145877,0.0122963,-10.9231,-4.73597,1.2103,-4.325,1.99928,0.0280742,1.26545,0.0269814,3.24125,0.00919676,0.417877,0.57542,0.473399
176,618.905,1,0.346031,13.3227,0.0297746,0.149028,0.0122745,-10.9674,-4.73622,1.26698,-4.35037,1.97587,0.0273634,1.26549,0.0262983,3.71222,0.0089639,0.423577,0.621537,0.492078
177,642.717,1,0.335664,13.3752,0.0344884,0.157547,0.0122559,-10.7841,-4.73743,1.27219,-4.4298,2.02297,0.0266705,1.28092,0.0270273,4.00113,0.00873693,0.412851,0.649824,0.479618
178,645.912,1,0.348197,13.3431,0.0324721,0.159877,0.0122295,-10.9109,-4.73804,1.3495,-4.45067,1.97527,0.0268906,1.24849,0.0263429,3.89981,0.0085157,0.443353,0.633371,0.467474
179,652.182,1,0.333145,13.2326,0.0359523,0.162408,0.0121381,-10.7206,-4.73734,1.36682,-4.41514,1.95472,0.026684,1.21688,0.0256759,3.80107,0.00830008,0.441603,0.666386,0.509304
180,611.761,1,0.359043,13.2117,0.0272456,0.15928,0.012067,-10.8086,-4.73652,1.26358,-4.39593,2.00106,0.0300023,1.21202,0.0250258,3.77476,0.00808992,0.495198,0.649513,0.496408
181,639.539,1,0.318395,13.2383,0.0384024,0.15485,0.0121018,-10.6555,-4.73573,1.35614,-4.39993,2.00539,0.0292426,1.20442,0.0271538,3.92781,0.00788508,0.482659,0.633067,0.483839
182,639.544,1,0.335341,13.1426,0.0348688,0.155914,0.0120722,-10.7565,-4.73545,1.27515,-4.41725,2.05266,0.0285021,1.18629,0.0264663,3.91046,0.00768542,0.480297,0.688751,0.471588
183,634.392,1,0.34786,13.1021,0.0308032,0.17127,0.012079,-10.7086,-4.73492,1.33729,-4.45164,2.09988,0.0277805,1.35796,0.0263778,3.81144,0.00821132,0.468136,0.671312,0.493819
184,702.483,1,0.373924,13.1934,0.0302066,0.183261,0.0121189,-10.7061,-4.73642,1.30968,-4.46551,2.08369,0.0280858,1.32358,0.0257099,3.71494,0.0087189,0.461887,0.654314,0.504092
185,656.933,1,0.352578,13.2319,0.0318403,0.157003,0.0121288,-10.5705,-4.7355,1.21441,-4.47502,2.07476,0.0273746,1.29006,0.0260815,3.62348,0.00875214,0.473727,0.637746,0.491328
186,635.636,1,0.353022,13.2573,0.0342762,0.198174,0.0121075,-10.3744,-4.73335,1.31479,-4.44789,2.00186,0.0266815,1.2574,0.0254211,3.54916,0.00853053,0.461732,0.621598,0.478888
187,669.714,1,0.309719,13.1756,0.0414974,0.239939,0.0120873,-10.3989,-4.73358,1.36516,-4.4127,2.00783,0.0265457,1.40638,0.0286292,3.45929,0.0086521,0.450041,0.605859,0.466762
188,619.874,1,0.298865,13.1835,0.040808,0.264621,0.0121353,-10.4727,-4.73397,1.41024,-4.39383,2.07988,0.0258736,1.62413,0.0282693,3.37346,0.00843302,0.438646,0.590518,0.47078
189,671.574,1,0.287509,13.3294,0.0456134,0.230546,0.0121831,-10.1733,-4.73502,1.29859,-4.3781,2.1162,0.0265678,1.583,0.0275927,3.65818,0.0083397,0.427539,0.607918,0.49598
190,683.404,1,0.30303,13.338,0.0413892,0.250531,0.0121942,-10.6416,-4.73395,1.28231,-4.37922,2.0608,0.028494,1.63239,0.0268941,4.11544,0.0088107,0.416714,0.647099,0.52475
191,668.07,1,0.312579,13.3853,0.0408654,0.239864,0.0122071,-10.3299,-4.73328,1.3883,-4.27628,1.9441,0.02855,1.59106,0.0262131,4.01123,0.00858761,0.406162,0.653055,0.511463
192,676.48,1,0.33751,13.432,0.0355753,0.218229,0.0122285,-10.4244,-4.73472,1.39597,-4.3038,1.97919,0.0278271,1.55077,0.0255494,4.19912,0.00837017,0.395878,0.675616,0.501459
193,655.125,1,0.337354,13.3933,0.0347097,0.202144,0.0121693,-10.3642,-4.73361,1.25863,-4.32311,1.98789,0.0271225,1.5115,0.0249025,4.09279,0.00876363,0.385854,0.678009,0.488762
194,639.274,1,0.320819,13.417,0.0362453,0.184045,0.012138,-10.0944,-4.73362,1.31809,-4.32982,1.96263,0.0264357,1.47323,0.026871,3.98916,0.00912288,0.388459,0.660841,0.496445
195,601.999,1,0.330422,13.4536,0.0352883,0.183404,0.0121018,-10.1696,-4.73419,1.33342,-4.35702,1.97107,0.0257664,1.43593,0.0261906,3.88815,0.00889188,0.378623,0.65746,0.492132
196,653.422,1,0.364394,13.4288,0.0304913,0.217257,0.0121532,-10.2727,-4.73495,1.33225,-4.22673,1.96039,0.025114,1.51416,0.0255274,3.7897,0.0088549,0.369036,0.640813,0.530266
197,655.348,1,0.349065,13.4693,0.0326128,0.212332,0.0121932,-10.5243,-4.73773,1.32708,-4.33063,2.04307,0.0247987,1.59323,0.0266772,3.70347,0.00863068,0.359691,0.628757,0.517659
198,706.57,1,0.340085,13.4647,0.0371004,0.190226,0.0122476,-10.7968,-4.73646,1.31226,-4.26219,1.95423,0.0279019,1.55289,0.0285641,3.6097,0.00912917,0.352187,0.635714,0.53615
199,666.207,1,0.339954,13.5256,0.0327565,0.218039,0.0122777,-10.9465,-4.73732,1.33743,-4.16713,1.94283,0.0284909,1.57168,0.0285161,3.85044,0.00983623,0.34327,0.619617,0.522574
200,673.38,1,0.368989,13.4732,0.0275047,0.1975,0.0122755,-10.7336,-4.73754,1.28879,-4.28635,1.95226,0.0277695,1.61289,0.0277941,3.75295,0.00975835,0.334578,0.624318,0.521687
201,636.86,1,0.369285,13.5957,0.0291146,0.232616,0.0123169,-10.5339,-4.73636,1.29682,-4.24763,1.95521,0.0270664,1.57205,0.0270903,3.65792,0.00951126,0.326106,0.650485,0.508478
202,620.457,1,0.315815,13.6037,0.0390257,0.20462,0.0123475,-10.5563,-4.73749,1.33977,-4.26675,1.95556,0.0288053,1.53224,0.0264044,3.64056,0.00927043,0.318371,0.634015,0.495603
203,651.851,1,0.344971,13.603,0.0343563,0.184892,0.0123932,-10.9896,-4.73757,1.32705,-4.18088,1.8804,0.0305301,1.49345,0.0273064,3.65157,0.0090357,0.31031,0.617961,0.499423
204,632.62,1,0.28728,13.511,0.0445787,0.176225,0.0124134,-11.1778,-4.73793,1.29399,-4.16115,1.88367,0.0317265,1.45563,0.0269035,3.57252,0.00880691,0.320704,0.621249,0.486777
205,625.074,1,0.343837,13.532,0.0329085,0.178293,0.0124319,-11.0223,-4.73664,1.35964,-4.16742,1.89154,0.0319926,1.41877,0.027117,3.48206,0.00858391,0.317571,0.605519,0.474451
206,562.841,1,0.343582,13.5312,0.0315785,0.190437,0.0123785,-10.6683,-4.73617,1.34837,-4.16344,1.86278,0.0311825,1.40498,0.0264304,3.39389,0.00836656,0.30953,0.590187,0.462438
207,605.189,1,0.361332,13.4785,0.0291358,0.200105,0.0123377,-10.5682,-4.73607,1.33495,-4.18618,1.88403,0.0336797,1.52282,0.0263648,3.30796,0.00815472,0.301692,0.605128,0.450729
208,629.686,1,0.398402,13.5234,0.0228921,0.200595,0.0124082,-10.074,-4.73386,1.3178,-4.20481,1.82892,0.0332971,1.48732,0.0256972,3.2242,0.00890426,0.294053,0.610925,0.464356
209,625.073,1,0.386955,13.5853,0.0236277,0.238842,0.0124006,-10.2456,-4.73524,1.24995,-4.16173,1.8915,0.032454,1.45908,0.0250466,3.14256,0.0101378,0.311074,0.61156,0.452599
210,639.606,1,0.410336,13.5832,0.0206987,0.247767,0.0124197,-10.4935,-4.73574,1.21607,-4.15057,1.85279,0.0316322,1.53816,0.0246737,3.06299,0.00988113,0.30601,0.676948,0.441139
211,641.301,1,0.422171,13.6212,0.0205919,0.221946,0.0123934,-10.3481,-4.73578,1.19894,-4.17482,1.82737,0.0308313,1.6523,0.0240489,3.18392,0.00981155,0.298261,0.659807,0.429969
212,619.044,1,0.396726,13.62,0.0241377,0.218366,0.0123655,-10.3096,-4.73576,1.18057,-4.05164,1.83958,0.0300506,1.61046,0.02344,3.1033,0.00956312,0.298285,0.643101,0.421728
213,573.547,1,0.385115,13.6112,0.0225024,0.214848,0.0123767,-10.3033,-4.73496,1.18724,-4.10303,1.83974,0.0292897,1.56968,0.0232059,3.02472,0.00953014,0.310136,0.626817,0.411049
214,572.316,1,0.411492,13.5088,0.0196334,0.199501,0.0123722,-10.3982,-4.7351,1.14767,-4.19247,1.83614,0.0313567,1.52994,0.0226183,3.00555,0.0102023,0.302283,0.611151,0.400641
215,595.133,1,0.411528,13.3575,0.019701,0.19219,0.0123217,-10.4404,-4.73529,1.08286,-4.16039,1.85083,0.0326327,1.4912,0.0220456,3.06265,0.0108117,0.294629,0.648604,0.390497
216,600.475,1,0.337983,13.3457,0.0334308,0.192049,0.0123495,-10.3438,-4.73202,1.02265,-4.17935,1.84243,0.0347448,1.45344,0.0214874,3.10481,0.010538,0.287799,0.632181,0.380609
217,640.094,1,0.34978,13.3433,0.0330525,0.179174,0.0123137,-10.2954,-4.73293,1.08086,-4.17702,1.77838,0.0360598,1.41664,0.0209433,3.18718,0.011135,0.28855,0.654527,0.398304
218,632.321,1,0.349732,13.4708,0.0327486,0.168514,0.0123297,-10.4351,-4.7342,1.11827,-4.27064,1.77846,0.0351467,1.38077,0.021564,3.30003,0.0122457,0.281244,0.637954,0.453322
219,619.746,1,0.349658,13.4742,0.0323016,0.175752,0.0122831,-10.3829,-4.73545,1.11259,-4.31881,1.87663,0.0342568,1.34581,0.0211487,3.21648,0.0119357,0.274122,0.783768,0.441843
220,614.719,1,0.337312,13.4537,0.0362537,0.214771,0.0122895,-10.5281,-4.73557,1.10937,-4.21945,1.86562,0.0333894,1.43687,0.0209411,3.13503,0.0116335,0.267181,0.763922,0.435088
221,624.129,1,0.42058,13.4327,0.0196588,0.209814,0.012294,-11.0886,-4.73622,1.05193,-4.20291,1.78458,0.0325439,1.434,0.0204109,3.05565,0.0113389,0.260416,0.756173,0.424071
222,692.951,1,0.400727,13.4278,0.0252562,0.249624,0.0123294,-10.8992,-4.73822,1.04089,-4.20728,1.94115,0.0375706,1.59497,0.0198941,3.45997,0.0122299,0.284306,0.737027,0.413334
223,645.955,1,0.387962,13.4029,0.0231056,0.230547,0.0123265,-10.7615,-4.73874,1.05207,-4.21621,1.93495,0.0366193,1.56206,0.0193903,3.48494,0.0119202,0.277107,0.73861,0.439407
224,619.524,1,0.38831,13.4221,0.0247849,0.220168,0.0122969,-10.6045,-4.73861,1.01799,-4.21804,1.92873,0.0356921,1.52251,0.0188994,3.3967,0.0119814,0.27009,0.719908,0.428281
225,644.165,1,0.363781,13.4995,0.0307332,0.208892,0.0123042,-10.5275,-4.74021,0.999778,-4.21529,1.95785,0.0347884,1.48396,0.0205446,3.3107,0.011678,0.26798,0.70985,0.444837
226,661.903,1,0.377853,13.5385,0.0285434,0.206503,0.0123333,-10.1715,-4.7411,0.986777,-4.19937,1.98189,0.0339075,1.46948,0.0200244,3.22687,0.0118429,0.270788,0.732427,0.449342
227,655.338,1,0.343129,13.498,0.0353998,0.20825,0.0123241,-10.5944,-4.7417,1.01735,-4.16665,1.97368,0.0348988,1.5309,0.0195944,3.37433,0.011543,0.263932,0.713882,0.437965
228,631.243,1,0.33206,13.4831,0.0371362,0.224799,0.0123434,-11.035,-4.74382,1.05405,-4.22188,1.97767,0.0340151,1.56137,0.0211136,3.42029,0.0112508,0.267045,0.695806,0.426875
229,602.546,1,0.360932,13.3772,0.0298822,0.255812,0.0123207,-11.0583,-4.74268,1.03734,-4.16218,2.00462,0.0331538,1.68531,0.020579,3.33368,0.0109659,0.26723,0.678188,0.416067
230,643.422,1,0.389899,13.3391,0.024776,0.306014,0.0123247,-10.7607,-4.73965,0.940362,-4.17215,2.01892,0.0323144,1.84707,0.0224782,3.56293,0.0112205,0.260463,0.661016,0.436073
231,671.984,1,0.346556,13.4128,0.0335154,0.323912,0.0123078,-10.7278,-4.73998,0.984768,-4.11183,1.96484,0.0314962,1.92725,0.021909,3.57453,0.0117355,0.280376,0.722955,0.460347
232,689.225,1,0.346644,13.4151,0.0340567,0.348073,0.012327,-10.8406,-4.73982,0.984475,-4.12415,2.00257,0.0306987,1.92806,0.0213543,3.48402,0.0123379,0.273277,0.749618,0.51053
233,740.26,1,0.373555,13.4751,0.029425,0.298571,0.0123572,-10.9387,-4.74161,1.00215,-4.18757,1.96859,0.0299213,1.87924,0.0232923,3.65573,0.0133294,0.274955,0.796425,0.497603
234,770.057,1,0.355813,13.4649,0.0349248,0.293512,0.0123027,-10.8368,-4.73937,0.993054,-4.15621,1.94579,0.0295234,1.83166,0.0227025,3.56317,0.0150845,0.285446,0.837851,0.540389
235,760.255,1,0.37707,13.4244,0.0280569,0.286848,0.0122902,-10.9513,-4.73681,0.978665,-4.21491,2.01039,0.0287759,1.78528,0.0233976,3.6005,0.0152797,0.315048,0.884756,0.526706
236,770.537,2,0.342522,13.4584,0.0362913,0.306539,0.0123058,-10.7828,-4.73443,0.991753,-4.25646,2.02147,0.0288806,1.74007,0.0228052,3.65151,0.0169296,0.321776,0.862353,0.513369
237,742.428,2,0.333205,13.4388,0.0361724,0.253886,0.0123276,-10.7868,-4.73563,1.00766,-4.20615,1.98652,0.0281493,1.69601,0.0262133,3.8625,0.016501,0.313628,0.840518,0.538955
238,753.138,2,0.370122,13.4899,0.0292899,0.283102,0.0123118,-10.3986,-4.7371,0.951925,-4.18775,2.01615,0.03068,1.52595,0.0276185,3.56748,0.0141997,0.283542,0.760252,0.556231
239,737.625,2,0.335039,13.6114,0.0370852,0.274079,0.0123122,-10.2901,-4.73688,0.99123,-4.16053,2.02976,0.0297293,1.47579,0.0303034,3.76685,0.0135303,0.249869,0.687919,0.56162
240,698.015,2,0.343631,13.5809,0.0322767,0.239789,0.0123365,-10.0793,-4.73802,0.890337,-4.11769,1.95705,0.0297216,1.53988,0.0310384,3.33361,0.0137929,0.251887,0.672223,0.548862
241,714.399,2,0.37057,13.5791,0.0285156,0.21458,0.0123229,-10.0232,-4.73911,0.880492,-4.07926,1.94094,0.0305775,1.55996,0.0306425,3.38776,0.0127586,0.252397,0.658799,0.56009
242,662.931,2,0.390981,13.5405,0.0221674,0.191794,0.0123387,-10.144,-4.7392,0.884811,-4.15125,1.92219,0.0296941,1.48089,0.0295844,3.34618,0.0114469,0.260372,0.609851,0.587806
243,663.1,2,0.391062,13.5244,0.0227012,0.190599,0.0123012,-10.1515,-4.73837,0.838219,-4.12292,1.8826,0.0263612,1.59595,0.0286055,3.30857,0.0108938,0.235485,0.634982,0.65185
244,694.86,2,0.364721,13.5057,0.0297305,0.215706,0.0123006,-10.3386,-4.73718,0.836528,-4.10828,1.83996,0.0275806,1.58394,0.0299421,3.31035,0.0113066,0.225863,0.637798,0.646259
245,721.117,2,0.38462,13.4944,0.027001,0.221867,0.0122663,-10.4106,-4.73839,0.886204,-4.15181,1.82619,0.0266698,1.51603,0.0302419,3.40019,0.0124053,0.212182,0.67912,0.685555
246,669.889,2,0.422727,13.4987,0.0209329,0.220787,0.0122394,-10.3862,-4.73902,0.963909,-4.16679,1.82924,0.0239924,1.48646,0.0262238,3.12385,0.0115922,0.211626,0.638157,0.678911
247,641.158,2,0.387987,13.5524,0.0270596,0.200624,0.0122488,-9.95594,-4.73862,0.973798,-4.13666,1.8759,0.0235375,1.41429,0.0292485,3.19264,0.010722,0.190535,0.616907,0.664833
248,668.919,2,0.39441,13.5312,0.0260273,0.197809,0.0122517,-10.0926,-4.73823,0.9629,-4.13897,1.87376,0.0232867,1.36865,0.0309937,3.35899,0.0104836,0.198423,0.61763,0.653901
249,631.132,2,0.368687,13.5545,0.0314344,0.195818,0.0123029,-10.1301,-4.73768,0.980758,-4.18465,1.85662,0.0221552,1.38624,0.0321589,3.27347,0.00966326,0.178032,0.642676,0.62917
250,669.054,2,0.379532,13.5102,0.0283404,0.191173,0.0123515,-10.2364,-4.73737,0.983577,-4.18043,1.84267,0.0208767,1.42724,0.0348695,3.36075,0.0105519,0.18748,0.648779,0.645524
251,671.953,2,0.396933,13.4955,0.0266186,0.193618,0.0123258,-9.99864,-4.7371,0.972328,-4.20362,1.85185,0.0193946,1.40448,0.0349692,3.14605,0.0102427,0.202976,0.648945,0.647719
252,645.924,2,0.378822,13.466,0.0298464,0.193003,0.0123493,-10.1685,-4.73733,0.950968,-4.14136,1.82615,0.0189954,1.37086,0.0358306,3.22997,0.0104513,0.207964,0.580483,0.646921
253,640.694,2,0.378882,13.4761,0.0301004,0.191662,0.0123389,-10.1141,-4.73675,0.937276,-4.12115,1.84163,0.0177007,1.31821,0.0374452,3.20904,0.0104461,0.214067,0.542576,0.647361
254,617.741,2,0.36789,13.4938,0.0314001,0.204781,0.0123003,-10.0071,-4.73687,0.943967,-4.05027,1.84443,0.0178154,1.34878,0.0375728,3.35594,0.0098786,0.204951,0.518487,0.65768
255,598.238,2,0.355859,13.4939,0.0329997,0.204701,0.0122803,-10.0465,-4.73735,0.964732,-4.04744,1.86074,0.0169586,1.3481,0.0372527,3.38528,0.00978665,0.198104,0.521627,0.665089
256,581.241,2,0.363377,13.5075,0.0311543,0.203847,0.0122935,-10.0846,-4.73698,0.978257,-4.06193,1.8635,0.0167043,1.38454,0.0360121,3.37865,0.00950379,0.190862,0.509305,0.652096
257,579.537,2,0.357322,13.4966,0.0327432,0.206826,0.0123085,-10.0262,-4.73641,0.989199,-4.04531,1.84417,0.0173294,1.37836,0.0354707,3.43925,0.00884695,0.185504,0.499238,0.633262
258,544.165,2,0.364113,13.4848,0.0312736,0.197767,0.0123289,-10.2816,-4.73617,1.00312,-4.04239,1.79352,0.0178522,1.34049,0.0343051,3.4822,0.00836181,0.181054,0.490953,0.592554
259,535.863,2,0.372301,13.492,0.0287323,0.192477,0.0123572,-10.3788,-4.7366,1.00303,-4.04577,1.76043,0.017219,1.34262,0.03545,3.46021,0.00839987,0.176622,0.495573,0.57154
260,534.671,2,0.381552,13.4924,0.027693,0.187391,0.0123714,-10.3898,-4.73686,1.01131,-4.05693,1.75997,0.0164462,1.31934,0.0344374,3.40788,0.00779826,0.178138,0.515458,0.554821
261,468.217,2,0.381404,13.4861,0.0268958,0.175566,0.0123867,-10.4656,-4.73752,1.00973,-4.0494,1.73644,0.016018,1.25003,0.0330383,3.27241,0.00771192,0.18074,0.503527,0.559239
262,519.469,2,0.372228,13.4887,0.027979,0.174123,0.0123923,-10.4049,-4.73797,1.0136,-4.024,1.7037,0.0165965,1.25577,0.0316091,3.22085,0.00787689,0.19208,0.500793,0.565215
263,542.246,2,0.383353,13.4739,0.025841,0.179684,0.012388,-10.387,-4.73798,1.00325,-4.0494,1.72048,0.016487,1.28672,0.033239,3.14721,0.0077603,0.188172,0.501391,0.586718
264,521.707,2,0.383308,13.4691,0.0256075,0.191746,0.0123902,-10.3943,-4.73789,1.00975,-4.07762,1.76802,0.0159485,1.32443,0.0336718,3.22087,0.00745016,0.188652,0.498789,0.597852
265,547.707,2,0.383392,13.4778,0.0260258,0.19823,0.0123935,-10.3746,-4.73803,1.0055,-4.09553,1.76381,0.0159998,1.33025,0.0328922,3.23832,0.00757312,0.182692,0.513799,0.599298
266,524.556,2,0.380335,13.4822,0.0271436,0.200527,0.0123927,-10.4482,-4.7383,0.997449,-4.07346,1.73816,0.0158269,1.34641,0.0320953,3.20827,0.00766825,0.172228,0.51647,0.602213
267,534.011,2,0.364467,13.4799,0.0306108,0.196199,0.0123835,-10.5059,-4.73853,1.00519,-4.06591,1.734,0.0162261,1.33785,0.0323451,3.23642,0.0074575,0.168882,0.508784,0.605538
268,512.68,2,0.377216,13.4654,0.0282802,0.193731,0.0123739,-10.5503,-4.73874,1.01189,-4.05124,1.71801,0.0163679,1.34726,0.0319479,3.27193,0.00721013,0.167728,0.498404,0.592383
269,494.671,2,0.377159,13.4535,0.0279878,0.1893,0.0123634,-10.561,-4.73881,1.00681,-4.03228,1.71001,0.0165101,1.33047,0.0318585,3.27051,0.00706388,0.169242,0.491062,0.592772
270,491.283,2,0.386136,13.4423,0.0258854,0.187859,0.0123608,-10.589,-4.7389,1.00846,-4.04625,1.71607,0.0162481,1.32886,0.032453,3.27938,0.00693042,0.16745,0.493029,0.586985
271,507.805,2,0.378592,13.4311,0.026657,0.187506,0.0123664,-10.6589,-4.73895,1.01351,-4.04969,1.70441,0.0163316,1.32494,0.0324497,3.2879,0.00704558,0.174107,0.499989,0.581184
272,509.667,2,0.3761,13.4308,0.0266608,0.187638,0.0123775,-10.7408,-4.739,1.01083,-4.02441,1.68213,0.016442,1.32318,0.0331558,3.34701,0.0069842,0.171072,0.510085,0.587186
273,518.452,2,0.370195,13.4225,0.0281637,0.189102,0.0123872,-10.7804,-4.73905,1.01439,-4.01226,1.6675,0.0163726,1.32813,0.0328376,3.35565,0.00692517,0.168721,0.518285,0.582329
274,530.579,2,0.370256,13.4316,0.0284601,0.187678,0.0123895,-10.8003,-4.73939,1.01433,-3.9956,1.65674,0.0167012,1.32505,0.0324817,3.37037,0.00703419,0.166172,0.513246,0.578455
275,500.384,2,0.368707,13.4348,0.0285436,0.18578,0.012383,-10.8383,-4.73964,1.01648,-3.98651,1.64998,0.0168363,1.31806,0.0322371,3.39751,0.0071043,0.164159,0.511453,0.578908
276,503.814,2,0.365204,13.4354,0.0293439,0.182589,0.0123827,-10.8519,-4.73972,1.02187,-3.98274,1.64599,0.0167079,1.31537,0.0321689,3.4087,0.00718507,0.162207,0.509358,0.57484
277,525.868,2,0.362907,13.4335,0.0299346,0.178202,0.0123785,-10.8582,-4.7399,1.02863,-3.97986,1.65364,0.0166356,1.31266,0.0323432,3.40752,0.00725159,0.16193,0.503985,0.579728
278,501.344,2,0.3643,13.4296,0.0297469,0.173758,0.0123753,-10.8743,-4.73988,1.02897,-3.97255,1.64306,0.0165935,1.30184,0.0321185,3.35811,0.00725442,0.162008,0.507566,0.581237
279,471.908,2,0.36968,13.4263,0.0283409,0.173125,0.0123696,-10.8907,-4.74007,1.02462,-3.97605,1.64232,0.0163888,1.29785,0.0323633,3.33267,0.00720031,0.161137,0.514058,0.581779
280,481.019,2,0.374759,13.4233,0.0270131,0.171775,0.012372,-10.9001,-4.74012,1.01951,-3.97677,1.64585,0.0162371,1.29722,0.0325056,3.31479,0.00733984,0.160829,0.511428,0.581479
281,510.781,2,0.374806,13.4218,0.0272567,0.172194,0.0123746,-10.8968,-4.74017,1.01522,-3.97362,1.6463,0.0160528,1.30161,0.0324108,3.25397,0.00737569,0.162131,0.507512,0.58407
282,477.564,2,0.374788,13.4213,0.0271562,0.17273,0.0123769,-10.9117,-4.74027,1.01656,-3.97295,1.64651,0.0158298,1.30492,0.0326171,3.25765,0.00743526,0.162272,0.499912,0.580843
283,513.138,2,0.374109,13.4193,0.0273174,0.174074,0.0123826,-10.9399,-4.74034,1.01826,-3.9715,1.64653,0.0159503,1.31349,0.0323132,3.23683,0.00748953,0.164399,0.495759,0.578408
284,514.17,2,0.372943,13.4195,0.0276249,0.17495,0.0123839,-10.936,-4.7402,1.01959,-3.97419,1.64723,0.0158206,1.31737,0.0321178,3.23854,0.00755613,0.16518,0.498986,0.573266
285,470.597,2,0.374162,13.4202,0.0275119,0.174538,0.0123833,-10.9298,-4.74009,1.02175,-3.97938,1.64776,0.0158134,1.31403,0.0318318,3.22891,0.00757449,0.163196,0.498476,0.565206
286,490.063,2,0.374163,13.4195,0.0275179,0.175293,0.0123763,-10.9225,-4.74018,1.02545,-3.98143,1.6479,0.0159444,1.31591,0.0316923,3.23459,0.00762093,0.161869,0.497565,0.558241
287,528.116,2,0.373756,13.4196,0.0276119,0.175253,0.0123745,-10.9206,-4.74018,1.02612,-3.98203,1.64908,0.015941,1.31588,0.0317338,3.23491,0.00763144,0.161989,0.498128,0.557966
288,527.201,2,0.373973,13.4192,0.0275847,0.175127,0.012375,-10.9181,-4.74018,1.02668,-3.98229,1.64896,0.0159515,1.31445,0.0317471,3.23805,0.00764415,0.162196,0.497386,0.558384
289,523.198,2,0.373665,13.4199,0.0276832,0.175048,0.0123754,-10.9161,-4.7402,1.02631,-3.98095,1.6486,0.0159557,1.31763,0.0317519,3.24029,0.00763922,0.162299,0.496101,0.557931
290,553.084,2,0.373514,13.4204,0.0278111,0.174845,0.0123754,-10.9123,-4.7402,1.02611,-3.98086,1.64872,0.0159618,1.3183,0.0317339,3.24042,0.00763775,0.162273,0.495154,0.55856
291,469.619,2,0.373088,13.4206,0.0279355,0.174911,0.0123743,-10.9075,-4.74022,1.02633,-3.98095,1.64899,0.0159778,1.31766,0.0316912,3.23701,0.00760185,0.161948,0.49429,0.558523
292,502.204,2,0.37229,13.4199,0.0281004,0.174796,0.0123736,-10.9069,-4.74021,1.02659,-3.98071,1.64878,0.0159786,1.3159,0.0316869,3.23758,0.00759772,0.162154,0.494552,0.558165
293,486.104,2,0.372538,13.4209,0.0280549,0.174527,0.0123726,-10.9016,-4.74021,1.02642,-3.98081,1.64816,0.0159616,1.31375,0.0316153,3.24143,0.00758708,0.161885,0.495918,0.558512
294,529.229,2,0.372546,13.4204,0.0280956,0.174489,0.012372,-10.9013,-4.74023,1.02633,-3.9812,1.64828,0.0159596,1.31498,0.0315997,3.24787,0.00757843,0.161774,0.496206,0.557976
295,471.614,2,0.372251,13.4203,0.0281411,0.173951,0.0123713,-10.9007,-4.74025,1.02664,-3.98251,1.64926,0.0159333,1.31228,0.031577,3.25128,0.00758515,0.161638,0.495969,0.557899
296,487.688,2,0.371772,13.4198,0.0282689,0.173847,0.01237,-10.9051,-4.74028,1.02694,-3.98337,1.64987,0.0158578,1.3103,0.0315351,3.25636,0.00759808,0.161137,0.496592,0.558263
297,463.159,2,0.371787,13.4185,0.0282448,0.173862,0.0123698,-10.9077,-4.74032,1.02663,-3.98335,1.65014,0.0158207,1.30984,0.0315348,3.25832,0.0075987,0.160674,0.49668,0.558497
298,488.339,2,0.372238,13.4176,0.0281459,0.17371,0.0123706,-10.9086,-4.74033,1.02624,-3.98345,1.65052,0.015828,1.30899,0.0314929,3.26298,0.00759439,0.160668,0.496224,0.558551
299,483.208,2,0.371722,13.4171,0.0282278,0.173767,0.0123716,-10.9109,-4.74035,1.0257,-3.98253,1.65043,0.0158516,1.30942,0.0314475,3.26905,0.00758545,0.160441,0.496046,0.558485
300,487.758,2,0.372005,13.4164,0.0281614,0.174095,0.0123716,-10.9155,-4.74035,1.02648,-3.98067,1.64965,0.0158847,1.31003,0.0314074,3.27452,0.00758516,0.160234,0.495514,0.55733
301,483.682,2,0.371322,13.417,0.0283114,0.174105,0.0123717,-10.9194,-4.74037,1.02686,-3.98011,1.6492,0.0158902,1.30938,0.0314002,3.28181,0.00757556,0.159673,0.495011,0.557474
302,518.957,2,0.370938,13.4165,0.0283988,0.174136,0.0123713,-10.9178,-4.74038,1.0269,-3.98007,1.64833,0.0158827,1.3079,0.0314813,3.28704,0.00755826,0.159854,0.494825,0.557937
303,497.347,2,0.371213,13.4162,0.028329,0.174307,0.0123714,-10.9211,-4.74036,1.02705,-3.97852,1.64872,0.0158787,1.30923,0.0315058,3.29731,0.00755148,0.159372,0.495067,0.557668
304,500.308,2,0.371212,13.4158,0.0283222,0.174329,0.0123717,-10.9242,-4.74035,1.02685,-3.97793,1.65005,0.0158851,1.31048,0.0314487,3.30383,0.00754385,0.159082,0.495883,0.557918
305,469.603,2,0.371422,13.4157,0.0282756,0.174037,0.0123716,-10.928,-4.74036,1.02721,-3.97825,1.65005,0.0158724,1.30944,0.0314121,3.30729,0.00752759,0.159049,0.496059,0.557737
306,518.851,2,0.371706,13.4152,0.0282641,0.173571,0.0123719,-10.9254,-4.74036,1.02724,-3.97793,1.65027,0.0158597,1.30768,0.0314377,3.30677,0.00754734,0.15863,0.495939,0.557612
307,502.287,2,0.37125,13.415,0.0283927,0.173479,0.0123718,-10.9251,-4.74037,1.02725,-3.97657,1.64864,0.0158257,1.30742,0.0314043,3.30669,0.00754729,0.158734,0.495335,0.557976
308,454.839,2,0.37125,13.4146,0.0283914,0.17333,0.0123718,-10.9264,-4.74037,1.0276,-3.97593,1.64777,0.0157881,1.30666,0.0313878,3.30531,0.00755434,0.158288,0.49493,0.558082
309,453.121,2,0.371407,13.4152,0.0283296,0.173392,0.0123718,-10.9253,-4.74037,1.02768,-3.97484,1.64659,0.0157471,1.30703,0.0313846,3.30455,0.00755202,0.158116,0.494661,0.558643
310,453.835,2,0.371036,13.4155,0.0284008,0.173372,0.0123718,-10.9276,-4.74037,1.02733,-3.97471,1.64643,0.0156979,1.30914,0.0313109,3.30449,0.0075346,0.158017,0.494702,0.559294
311,467.706,2,0.371195,13.4155,0.0283559,0.173181,0.0123715,-10.9272,-4.74037,1.02725,-3.97437,1.6465,0.015664,1.31029,0.0312808,3.3034,0.00752427,0.157992,0.494663,0.560054
312,476.262,2,0.37164,13.4152,0.0282659,0.173054,0.0123712,-10.9294,-4.74036,1.02719,-3.9732,1.64497,0.0156354,1.31064,0.0312516,3.30702,0.00750974,0.158114,0.494429,0.560068
313,494.309,2,0.372248,13.4149,0.0281154,0.172632,0.0123712,-10.9337,-4.74036,1.02802,-3.97254,1.64299,0.0156352,1.30882,0.0312401,3.31099,0.00750533,0.158233,0.495223,0.560457
314,525.763,2,0.371961,13.4153,0.0281616,0.172141,0.0123708,-10.9344,-4.74037,1.02827,-3.97179,1.64149,0.0156585,1.30731,0.0312345,3.31862,0.00750966,0.15829,0.495188,0.561259
315,470.772,2,0.371335,13.415,0.0282631,0.171826,0.0123708,-10.9373,-4.74038,1.02831,-3.9708,1.64061,0.0156436,1.30648,0.0312311,3.32219,0.00751407,0.158018,0.495,0.562028
316,497.198,2,0.371622,13.4149,0.0281694,0.171495,0.0123713,-10.9419,-4.74039,1.02843,-3.97016,1.63986,0.0156541,1.30709,0.0312072,3.32581,0.00751135,0.157919,0.495014,0.563581
317,535.323,2,0.371991,13.4141,0.0281198,0.171322,0.0123717,-10.943,-4.74037,1.02854,-3.96951,1.63938,0.0156519,1.30806,0.0311972,3.32885,0.00750983,0.157694,0.495385,0.564451
318,549.962,2,0.371998,13.4132,0.0281546,0.171302,0.0123718,-10.9433,-4.74036,1.02872,-3.96899,1.63936,0.015669,1.30993,0.0311399,3.33428,0.00750817,0.157537,0.495504,0.565227
319,450.818,2,0.371995,13.4132,0.0281373,0.171429,0.0123714,-10.946,-4.74036,1.02872,-3.96838,1.63975,0.0156603,1.3109,0.0310654,3.33906,0.00748577,0.157386,0.495752,0.565357
320,491.524,2,0.372236,13.4135,0.0280864,0.171227,0.0123712,-10.9449,-4.74037,1.02924,-3.96783,1.63942,0.0156449,1.31031,0.031087,3.34071,0.00748408,0.157199,0.495969,0.565642
321,446.944,2,0.372059,13.4136,0.0281109,0.171065,0.0123715,-10.9449,-4.74037,1.02979,-3.96765,1.63894,0.0156241,1.3086,0.0310402,3.33756,0.00747617,0.157248,0.496554,0.565472
322,487.027,2,0.372354,13.414,0.0280151,0.171156,0.0123716,-10.9463,-4.74036,1.02958,-3.96694,1.6387,0.0156323,1.30833,0.0310099,3.33702,0.00747565,0.157381,0.497402,0.56581
323,518.245,2,0.372545,13.4147,0.0279567,0.17117,0.0123716,-10.9482,-4.74036,1.02947,-3.96635,1.63815,0.0156632,1.30924,0.0310335,3.33761,0.0074695,0.157629,0.497748,0.565308
324,468.351,2,0.372729,13.4147,0.0279066,0.171045,0.0123719,-10.9511,-4.74036,1.02988,-3.9664,1.63811,0.0156779,1.30946,0.0310428,3.33612,0.00745916,0.157387,0.498054,0.564813
325,491.24,2,0.373088,13.415,0.0278244,0.170839,0.0123725,-10.9553,-4.74035,1.03013,-3.96692,1.63813,0.0156852,1.30813,0.0310492,3.33789,0.0074527,0.157446,0.498622,0.564398
326,498.045,2,0.372861,13.4154,0.0278805,0.170667,0.012372,-10.9506,-4.74035,1.03025,-3.96736,1.63854,0.0156804,1.30723,0.0310707,3.33462,0.00744707,0.157359,0.49942,0.564478
327,509.917,2,0.372773,13.416,0.0278966,0.170771,0.0123716,-10.9485,-4.74038,1.03044,-3.96692,1.63835,0.0156745,1.30828,0.0310754,3.33071,0.00745699,0.157148,0.500317,0.564647
328,480.535,2,0.373308,13.4163,0.0277845,0.170667,0.012371,-10.9475,-4.7404,1.0308,-3.96631,1.63853,0.015655,1.30848,0.0310991,3.32369,0.00744901,0.157045,0.500658,0.565717
329,535.202,2,0.37374,13.4165,0.0276917,0.170862,0.0123707,-10.9458,-4.74041,1.03122,-3.96577,1.63803,0.0156729,1.31027,0.0310786,3.31811,0.00745108,0.157149,0.50145,0.566664
330,503.42,2,0.373741,13.4165,0.0277012,0.171081,0.0123702,-10.9452,-4.74042,1.03149,-3.96544,1.638,0.0156629,1.31121,0.0310491,3.31119,0.00744522,0.157253,0.502263,0.567353
331,493.046,2,0.373967,13.4161,0.0276508,0.171264,0.0123698,-10.9433,-4.74042,1.0315,-3.96507,1.63795,0.0156879,1.31262,0.03104,3.3042,0.00744704,0.156856,0.502603,0.568039
332,489.393,2,0.373967,13.4159,0.0276551,0.171215,0.0123698,-10.9422,-4.7404,1.03166,-3.96478,1.63793,0.015703,1.31339,0.0309937,3.2986,0.00745293,0.156666,0.503061,0.568086
333,523.458,2,0.374878,13.4154,0.0274787,0.171246,0.0123688,-10.943,-4.74039,1.03153,-3.96364,1.63696,0.0157055,1.3147,0.030971,3.29385,0.00745666,0.156763,0.50335,0.568503
334,496.769,2,0.375465,13.4154,0.0273916,0.17116,0.012368,-10.9447,-4.7404,1.0316,-3.96313,1.6354,0.0156711,1.31446,0.0309747,3.28989,0.00745432,0.156677,0.503672,0.568524
335,494.542,2,0.375963,13.4153,0.0273096,0.171091,0.0123681,-10.9469,-4.7404,1.03147,-3.96273,1.63455,0.0156314,1.31397,0.0309491,3.2887,0.00746596,0.156476,0.504255,0.56865
336,457.368,2,0.375965,13.4159,0.0273224,0.17079,0.0123683,-10.9432,-4.74039,1.03151,-3.96231,1.63338,0.0156026,1.31302,0.0309052,3.28553,0.00745905,0.156631,0.504287,0.568433
337,490.2,2,0.376091,13.4163,0.0272842,0.170542,0.0123688,-10.9406,-4.74038,1.03147,-3.96245,1.63341,0.0156242,1.31319,0.0308886,3.28172,0.00745345,0.156871,0.504521,0.568138
338,476.583,2,0.376091,13.4168,0.0272852,0.170403,0.0123694,-10.9398,-4.74038,1.03149,-3.96302,1.63355,0.0156513,1.31244,0.0308806,3.27916,0.0074486,0.156585,0.504587,0.56819
339,499.002,2,0.37593,13.4171,0.027347,0.17035,0.01237,-10.9393,-4.74036,1.03151,-3.96333,1.63329,0.0156595,1.31175,0.0308555,3.27535,0.0074465,0.15646,0.504393,0.568497
