rep,id,initT,aS,dS,tau,lBt0,lp,dI,lk,f,dp,lw,dE,lI50,lod,data
1,35,-7.106163,70.000000,0.053275,0.050000,-4.724681,4.600000,0.900000,-1.797567,0.900000,0.001000,0.304778,1.000000,-0.637803,15.000000,thai
2,35,-7.619488,70.000000,0.051076,0.050000,-4.758354,4.600000,0.900000,-1.797567,0.900000,0.001000,0.281780,1.000000,-0.571137,15.000000,thai
3,35,-6.858574,70.000000,0.050897,0.050000,-4.755484,4.600000,0.900000,-1.797567,0.900000,0.001000,0.093428,1.000000,-0.398088,15.000000,thai
4,35,-7.912968,70.000000,0.051606,0.050000,-4.750306,4.600000,0.900000,-1.797567,0.900000,0.001000,0.079411,1.000000,-0.401530,15.000000,thai
5,35,-7.660413,70.000000,0.052754,0.050000,-4.738637,4.600000,0.900000,-1.797567,0.900000,0.001000,0.049904,1.000000,-0.444771,15.000000,thai
6,35,-8.561062,70.000000,0.052030,0.050000,-4.742739,4.600000,0.900000,-1.797567,0.900000,0.001000,-0.057712,1.000000,-0.298414,15.000000,thai
7,35,-7.804767,70.000000,0.051605,0.050000,-4.750263,4.600000,0.900000,-1.797567,0.900000,0.001000,-0.061448,1.000000,-0.226192,15.000000,thai
8,35,-8.056657,70.000000,0.051819,0.050000,-4.747524,4.600000,0.900000,-1.797567,0.900000,0.001000,0.108201,1.000000,-0.428190,15.000000,thai
9,35,-6.565143,70.000000,0.051509,0.050000,-4.749433,4.600000,0.900000,-1.797567,0.900000,0.001000,0.020993,1.000000,-0.355913,15.000000,thai
10,35,-7.965955,70.000000,0.051972,0.050000,-4.740562,4.600000,0.900000,-1.797567,0.900000,0.001000,0.160149,1.000000,-0.483941,15.000000,thai
1,36,-0.677862,70.000000,0.045339,0.050000,-4.835633,4.600000,0.900000,-1.797567,0.900000,0.001000,0.640501,1.000000,-0.325189,15.000000,thai
2,36,0.644626,70.000000,0.045376,0.050000,-4.840808,4.600000,0.900000,-1.797567,0.900000,0.001000,0.470505,1.000000,-0.039690,15.000000,thai
3,36,0.077298,70.000000,0.047443,0.050000,-4.805351,4.600000,0.900000,-1.797567,0.900000,0.001000,0.287433,1.000000,0.246659,15.000000,thai
4,36,-1.891121,70.000000,0.046263,0.050000,-4.826616,4.600000,0.900000,-1.797567,0.900000,0.001000,0.364773,1.000000,-0.080352,15.000000,thai
5,36,0.261842,70.000000,0.044166,0.050000,-4.851660,4.600000,0.900000,-1.797567,0.900000,0.001000,0.581163,1.000000,-0.223779,15.000000,thai
6,36,-0.746855,70.000000,0.043094,0.050000,-4.863875,4.600000,0.900000,-1.797567,0.900000,0.001000,0.687875,1.000000,-0.411649,15.000000,thai
7,36,-0.278753,70.000000,0.043169,0.050000,-4.865719,4.600000,0.900000,-1.797567,0.900000,0.001000,0.501692,1.000000,-0.218143,15.000000,thai
8,36,0.120486,70.000000,0.042487,0.050000,-4.874339,4.600000,0.900000,-1.797567,0.900000,0.001000,0.417658,1.000000,0.020608,15.000000,thai
9,36,-0.581142,70.000000,0.042335,0.050000,-4.876569,4.600000,0.900000,-1.797567,0.900000,0.001000,0.670732,1.000000,-0.371540,15.000000,thai
10,36,0.028719,70.000000,0.044252,0.050000,-4.853355,4.600000,0.900000,-1.797567,0.900000,0.001000,0.735883,1.000000,-0.474915,15.000000,thai
1,37,-5.397019,70.000000,0.048032,0.050000,-4.801274,4.600000,0.900000,-1.797567,0.900000,0.001000,0.381760,1.000000,-1.004199,15.000000,thai
2,37,-4.399879,70.000000,0.049176,0.050000,-4.780313,4.600000,0.900000,-1.797567,0.900000,0.001000,0.025602,1.000000,-0.440521,15.000000,thai
3,37,-5.417207,70.000000,0.044007,0.050000,-4.850364,4.600000,0.900000,-1.797567,0.900000,0.001000,0.288220,1.000000,-1.008669,15.000000,thai
4,37,-5.687115,70.000000,0.042489,0.050000,-4.876417,4.600000,0.900000,-1.797567,0.900000,0.001000,0.113212,1.000000,-0.565325,15.000000,thai
5,37,-7.095130,70.000000,0.043524,0.050000,-4.860426,4.600000,0.900000,-1.797567,0.900000,0.001000,0.188127,1.000000,-1.063689,15.000000,thai
6,37,-6.195121,70.000000,0.041592,0.050000,-4.891307,4.600000,0.900000,-1.797567,0.900000,0.001000,0.106590,1.000000,-0.683842,15.000000,thai
7,37,-5.015248,70.000000,0.043931,0.050000,-4.855911,4.600000,0.900000,-1.797567,0.900000,0.001000,0.032090,1.000000,-0.688815,15.000000,thai
8,37,-5.178712,70.000000,0.050586,0.050000,-4.764495,4.600000,0.900000,-1.797567,0.900000,0.001000,0.849835,1.000000,-1.316425,15.000000,thai
9,37,-4.131837,70.000000,0.048107,0.050000,-4.786572,4.600000,0.900000,-1.797567,0.900000,0.001000,0.546146,1.000000,-1.030023,15.000000,thai
10,37,-5.304916,70.000000,0.049338,0.050000,-4.782811,4.600000,0.900000,-1.797567,0.900000,0.001000,0.646199,1.000000,-1.170674,15.000000,thai
1,38,-7.085285,70.000000,0.042203,0.050000,-4.884314,4.600000,0.900000,-1.797567,0.900000,0.001000,0.176820,1.000000,-0.183262,15.000000,thai
2,38,-7.412227,70.000000,0.041429,0.050000,-4.899265,4.600000,0.900000,-1.797567,0.900000,0.001000,-0.069396,1.000000,0.115702,15.000000,thai
3,38,-5.788290,70.000000,0.040938,0.050000,-4.898681,4.600000,0.900000,-1.797567,0.900000,0.001000,-0.222674,1.000000,0.516418,15.000000,thai
4,38,-6.166283,70.000000,0.041012,0.050000,-4.898648,4.600000,0.900000,-1.797567,0.900000,0.001000,-0.085772,1.000000,0.263038,15.000000,thai
5,38,-6.926157,70.000000,0.041036,0.050000,-4.898039,4.600000,0.900000,-1.797567,0.900000,0.001000,0.111438,1.000000,0.039678,15.000000,thai
6,38,-7.390631,70.000000,0.041011,0.050000,-4.895611,4.600000,0.900000,-1.797567,0.900000,0.001000,0.127085,1.000000,-0.062006,15.000000,thai
7,38,-7.010654,70.000000,0.039987,0.050000,-4.914743,4.600000,0.900000,-1.797567,0.900000,0.001000,0.059167,1.000000,-0.044305,15.000000,thai
8,38,-7.552716,70.000000,0.039599,0.050000,-4.924305,4.600000,0.900000,-1.797567,0.900000,0.001000,0.188578,1.000000,-0.085374,15.000000,thai
9,38,-7.953527,70.000000,0.040254,0.050000,-4.915375,4.600000,0.900000,-1.797567,0.900000,0.001000,0.234013,1.000000,-0.187275,15.000000,thai
10,38,-6.441127,70.000000,0.044127,0.050000,-4.853029,4.600000,0.900000,-1.797567,0.900000,0.001000,0.549860,1.000000,-0.513279,15.000000,thai
1,39,-4.500965,70.000000,0.030592,0.050000,-5.095757,4.600000,0.900000,-1.797567,0.900000,0.001000,-0.099917,1.000000,0.167908,15.000000,thai
2,39,-3.640239,70.000000,0.030652,0.050000,-5.095413,4.600000,0.900000,-1.797567,0.900000,0.001000,-0.213175,1.000000,0.471354,15.000000,thai
3,39,-4.111159,70.000000,0.030736,0.050000,-5.091749,4.600000,0.900000,-1.797567,0.900000,0.001000,-0.221157,1.000000,0.280901,15.000000,thai
4,39,-5.051962,70.000000,0.030500,0.050000,-5.092083,4.600000,0.900000,-1.797567,0.900000,0.001000,0.079507,1.000000,0.074542,15.000000,thai
5,39,-5.913102,70.000000,0.029938,0.050000,-5.104578,4.600000,0.900000,-1.797567,0.900000,0.001000,-0.049132,1.000000,0.115808,15.000000,thai
6,39,-4.953385,70.000000,0.030761,0.050000,-5.084924,4.600000,0.900000,-1.797567,0.900000,0.001000,0.044486,1.000000,0.064350,15.000000,thai
7,39,-4.398876,70.000000,0.031016,0.050000,-5.085560,4.600000,0.900000,-1.797567,0.900000,0.001000,-0.015978,1.000000,0.070722,15.000000,thai
8,39,-3.413000,70.000000,0.031865,0.050000,-5.071089,4.600000,0.900000,-1.797567,0.900000,0.001000,-0.006907,1.000000,0.030845,15.000000,thai
9,39,-4.110201,70.000000,0.032060,0.050000,-5.070847,4.600000,0.900000,-1.797567,0.900000,0.001000,0.066167,1.000000,0.063252,15.000000,thai
10,39,-5.126971,70.000000,0.031962,0.050000,-5.064167,4.600000,0.900000,-1.797567,0.900000,0.001000,-0.033136,1.000000,0.072499,15.000000,thai
1,40,-9.733697,70.000000,0.036108,0.050000,-4.984164,4.600000,0.900000,-1.797567,0.900000,0.001000,-0.329495,1.000000,-0.105262,15.000000,thai
2,40,-10.678508,70.000000,0.035980,0.050000,-4.988462,4.600000,0.900000,-1.797567,0.900000,0.001000,-0.189438,1.000000,-0.308958,15.000000,thai
3,40,-9.388312,70.000000,0.035703,0.050000,-4.986548,4.600000,0.900000,-1.797567,0.900000,0.001000,-0.045698,1.000000,-1.214682,15.000000,thai
4,40,-10.250545,70.000000,0.036107,0.050000,-4.983181,4.600000,0.900000,-1.797567,0.900000,0.001000,0.533722,1.000000,-1.014502,15.000000,thai
5,40,-11.093145,70.000000,0.034827,0.050000,-5.009370,4.600000,0.900000,-1.797567,0.900000,0.001000,0.210542,1.000000,-0.787577,15.000000,thai
6,40,-10.194322,70.000000,0.034796,0.050000,-5.007041,4.600000,0.900000,-1.797567,0.900000,0.001000,0.390809,1.000000,-0.906513,15.000000,thai
7,40,-10.742588,70.000000,0.035364,0.050000,-4.997093,4.600000,0.900000,-1.797567,0.900000,0.001000,0.366237,1.000000,-0.912008,15.000000,thai
8,40,-10.199695,70.000000,0.035217,0.050000,-4.997270,4.600000,0.900000,-1.797567,0.900000,0.001000,0.336302,1.000000,-0.770183,15.000000,thai
9,40,-9.640077,70.000000,0.034709,0.050000,-5.004474,4.600000,0.900000,-1.797567,0.900000,0.001000,0.460582,1.000000,-1.022285,15.000000,thai
10,40,-10.851695,70.000000,0.035209,0.050000,-5.005938,4.600000,0.900000,-1.797567,0.900000,0.001000,0.544974,1.000000,-1.107951,15.000000,thai
1,41,-3.455069,70.000000,0.048848,0.050000,-4.784702,4.600000,0.900000,-1.797567,0.900000,0.001000,0.297387,1.000000,-0.262591,15.000000,thai
2,41,-3.669879,70.000000,0.049262,0.050000,-4.770010,4.600000,0.900000,-1.797567,0.900000,0.001000,0.178140,1.000000,-0.172005,15.000000,thai
3,41,-3.251003,70.000000,0.048892,0.050000,-4.783624,4.600000,0.900000,-1.797567,0.900000,0.001000,0.214081,1.000000,-0.163901,15.000000,thai
4,41,-4.656155,70.000000,0.047699,0.050000,-4.797913,4.600000,0.900000,-1.797567,0.900000,0.001000,0.147422,1.000000,-0.219464,15.000000,thai
5,41,-2.687952,70.000000,0.049253,0.050000,-4.777343,4.600000,0.900000,-1.797567,0.900000,0.001000,0.179736,1.000000,-0.076363,15.000000,thai
6,41,-2.430368,70.000000,0.048407,0.050000,-4.785637,4.600000,0.900000,-1.797567,0.900000,0.001000,0.264531,1.000000,-0.150985,15.000000,thai
7,41,-3.023841,70.000000,0.048738,0.050000,-4.786505,4.600000,0.900000,-1.797567,0.900000,0.001000,0.430859,1.000000,-0.351060,15.000000,thai
8,41,-2.793425,70.000000,0.049005,0.050000,-4.783455,4.600000,0.900000,-1.797567,0.900000,0.001000,0.122979,1.000000,-0.158329,15.000000,thai
9,41,-3.182473,70.000000,0.048291,0.050000,-4.792292,4.600000,0.900000,-1.797567,0.900000,0.001000,0.457730,1.000000,-0.309840,15.000000,thai
10,41,-2.441655,70.000000,0.048068,0.050000,-4.792197,4.600000,0.900000,-1.797567,0.900000,0.001000,0.136800,1.000000,0.021616,15.000000,thai
1,42,-3.112528,70.000000,0.052741,0.050000,-4.736316,4.600000,0.900000,-1.797567,0.900000,0.001000,0.167708,1.000000,-0.267798,15.000000,thai
2,42,-3.321495,70.000000,0.052403,0.050000,-4.737606,4.600000,0.900000,-1.797567,0.900000,0.001000,0.110773,1.000000,-0.131113,15.000000,thai
3,42,-2.608426,70.000000,0.052477,0.050000,-4.739301,4.600000,0.900000,-1.797567,0.900000,0.001000,0.001115,1.000000,0.086011,15.000000,thai
4,42,-4.115292,70.000000,0.051451,0.050000,-4.753756,4.600000,0.900000,-1.797567,0.900000,0.001000,-0.104632,1.000000,0.040360,15.000000,thai
5,42,-3.435624,70.000000,0.051428,0.050000,-4.751148,4.600000,0.900000,-1.797567,0.900000,0.001000,0.039560,1.000000,-0.152393,15.000000,thai
6,42,-2.769474,70.000000,0.050452,0.050000,-4.757188,4.600000,0.900000,-1.797567,0.900000,0.001000,0.032100,1.000000,-0.104075,15.000000,thai
7,42,-2.632717,70.000000,0.051037,0.050000,-4.754131,4.600000,0.900000,-1.797567,0.900000,0.001000,0.034131,1.000000,-0.091413,15.000000,thai
8,42,-2.742675,70.000000,0.052948,0.050000,-4.735135,4.600000,0.900000,-1.797567,0.900000,0.001000,0.088262,1.000000,-0.038296,15.000000,thai
9,42,-2.657263,70.000000,0.052924,0.050000,-4.733630,4.600000,0.900000,-1.797567,0.900000,0.001000,-0.029089,1.000000,-0.087141,15.000000,thai
10,42,-3.598389,70.000000,0.050215,0.050000,-4.766664,4.600000,0.900000,-1.797567,0.900000,0.001000,0.113972,1.000000,-0.140057,15.000000,thai
1,43,-2.866852,70.000000,0.045512,0.050000,-4.835070,4.600000,0.900000,-1.797567,0.900000,0.001000,0.363552,1.000000,-0.773562,15.000000,thai
2,43,-3.995104,70.000000,0.043793,0.050000,-4.861137,4.600000,0.900000,-1.797567,0.900000,0.001000,-0.327416,1.000000,0.058360,15.000000,thai
3,43,-3.653667,70.000000,0.043202,0.050000,-4.862108,4.600000,0.900000,-1.797567,0.900000,0.001000,-0.829000,1.000000,0.389867,15.000000,thai
4,43,-4.233957,70.000000,0.043037,0.050000,-4.873854,4.600000,0.900000,-1.797567,0.900000,0.001000,-0.881502,1.000000,0.667583,15.000000,thai
5,43,-4.395928,70.000000,0.042149,0.050000,-4.884896,4.600000,0.900000,-1.797567,0.900000,0.001000,-0.547476,1.000000,0.001874,15.000000,thai
6,43,-5.010561,70.000000,0.041089,0.050000,-4.899015,4.600000,0.900000,-1.797567,0.900000,0.001000,-0.607425,1.000000,0.219132,15.000000,thai
7,43,-2.904775,70.000000,0.041576,0.050000,-4.890969,4.600000,0.900000,-1.797567,0.900000,0.001000,0.010837,1.000000,-0.409796,15.000000,thai
8,43,-3.890414,70.000000,0.042393,0.050000,-4.874391,4.600000,0.900000,-1.797567,0.900000,0.001000,-0.053258,1.000000,-0.515578,15.000000,thai
9,43,-5.422103,70.000000,0.035965,0.050000,-4.981662,4.600000,0.900000,-1.797567,0.900000,0.001000,0.419227,1.000000,-1.256038,15.000000,thai
10,43,-6.452651,70.000000,0.036911,0.050000,-4.967916,4.600000,0.900000,-1.797567,0.900000,0.001000,0.522200,1.000000,-1.024253,15.000000,thai
1,44,-7.421610,70.000000,0.046461,0.050000,-4.821688,4.600000,0.900000,-1.797567,0.900000,0.001000,-0.004791,1.000000,0.181985,15.000000,thai
2,44,-8.532099,70.000000,0.047265,0.050000,-4.805783,4.600000,0.900000,-1.797567,0.900000,0.001000,0.158571,1.000000,-0.071295,15.000000,thai
3,44,-7.344125,70.000000,0.048153,0.050000,-4.794863,4.600000,0.900000,-1.797567,0.900000,0.001000,-0.011346,1.000000,0.219416,15.000000,thai
4,44,-6.642281,70.000000,0.047522,0.050000,-4.803846,4.600000,0.900000,-1.797567,0.900000,0.001000,-0.135192,1.000000,0.292177,15.000000,thai
5,44,-6.922405,70.000000,0.047661,0.050000,-4.800148,4.600000,0.900000,-1.797567,0.900000,0.001000,0.030665,1.000000,0.229720,15.000000,thai
6,44,-7.180776,70.000000,0.051961,0.050000,-4.746254,4.600000,0.900000,-1.797567,0.900000,0.001000,-0.095365,1.000000,0.256092,15.000000,thai
7,44,-5.472969,70.000000,0.049007,0.050000,-4.780588,4.600000,0.900000,-1.797567,0.900000,0.001000,0.130726,1.000000,0.133970,15.000000,thai
8,44,-5.126771,70.000000,0.049602,0.050000,-4.772496,4.600000,0.900000,-1.797567,0.900000,0.001000,-0.213540,1.000000,0.574922,15.000000,thai
9,44,-8.383581,70.000000,0.044159,0.050000,-4.858532,4.600000,0.900000,-1.797567,0.900000,0.001000,-0.086313,1.000000,0.243752,15.000000,thai
10,44,-9.794671,70.000000,0.044354,0.050000,-4.853082,4.600000,0.900000,-1.797567,0.900000,0.001000,0.264173,1.000000,-0.200294,15.000000,thai
1,45,-2.663694,70.000000,0.043760,0.050000,-4.861281,4.600000,0.900000,-1.797567,0.900000,0.001000,0.545512,1.000000,-0.457085,15.000000,thai
2,45,-1.464058,70.000000,0.044348,0.050000,-4.850762,4.600000,0.900000,-1.797567,0.900000,0.001000,0.376330,1.000000,-0.310030,15.000000,thai
3,45,-1.643635,70.000000,0.044018,0.050000,-4.853776,4.600000,0.900000,-1.797567,0.900000,0.001000,0.280973,1.000000,-0.189181,15.000000,thai
4,45,-2.083623,70.000000,0.043510,0.050000,-4.863295,4.600000,0.900000,-1.797567,0.900000,0.001000,0.097911,1.000000,0.259384,15.000000,thai
5,45,-1.528112,70.000000,0.043137,0.050000,-4.869592,4.600000,0.900000,-1.797567,0.900000,0.001000,0.264431,1.000000,-0.054265,15.000000,thai
6,45,-0.799611,70.000000,0.043328,0.050000,-4.864260,4.600000,0.900000,-1.797567,0.900000,0.001000,0.177877,1.000000,-0.001138,15.000000,thai
7,45,-0.783635,70.000000,0.044773,0.050000,-4.847535,4.600000,0.900000,-1.797567,0.900000,0.001000,0.168764,1.000000,-0.013160,15.000000,thai
8,45,-2.400154,70.000000,0.044625,0.050000,-4.845933,4.600000,0.900000,-1.797567,0.900000,0.001000,0.325900,1.000000,-0.142812,15.000000,thai
9,45,-1.590743,70.000000,0.045620,0.050000,-4.826854,4.600000,0.900000,-1.797567,0.900000,0.001000,0.327406,1.000000,-0.257868,15.000000,thai
10,45,-1.428801,70.000000,0.046424,0.050000,-4.822891,4.600000,0.900000,-1.797567,0.900000,0.001000,0.378771,1.000000,-0.300163,15.000000,thai
1,46,-8.127983,70.000000,0.045981,0.050000,-4.826834,4.600000,0.900000,-1.797567,0.900000,0.001000,0.382440,1.000000,-0.750807,15.000000,thai
2,46,-6.433098,70.000000,0.045600,0.050000,-4.824465,4.600000,0.900000,-1.797567,0.900000,0.001000,0.475367,1.000000,-0.689085,15.000000,thai
3,46,-7.100014,70.000000,0.046164,0.050000,-4.821213,4.600000,0.900000,-1.797567,0.900000,0.001000,0.374935,1.000000,-0.675416,15.000000,thai
4,46,-6.828593,70.000000,0.046277,0.050000,-4.828859,4.600000,0.900000,-1.797567,0.900000,0.001000,0.254868,1.000000,-0.493302,15.000000,thai
5,46,-8.327572,70.000000,0.043926,0.050000,-4.852377,4.600000,0.900000,-1.797567,0.900000,0.001000,0.205050,1.000000,-0.580250,15.000000,thai
6,46,-7.346606,70.000000,0.044294,0.050000,-4.850865,4.600000,0.900000,-1.797567,0.900000,0.001000,0.189920,1.000000,-0.418144,15.000000,thai
7,46,-7.763639,70.000000,0.043792,0.050000,-4.859221,4.600000,0.900000,-1.797567,0.900000,0.001000,0.050559,1.000000,-0.306266,15.000000,thai
8,46,-8.121770,70.000000,0.043274,0.050000,-4.864869,4.600000,0.900000,-1.797567,0.900000,0.001000,-0.118130,1.000000,-0.075597,15.000000,thai
9,46,-6.841687,70.000000,0.045955,0.050000,-4.826067,4.600000,0.900000,-1.797567,0.900000,0.001000,0.282692,1.000000,-0.453728,15.000000,thai
10,46,-6.940678,70.000000,0.046234,0.050000,-4.821253,4.600000,0.900000,-1.797567,0.900000,0.001000,-0.260187,1.000000,0.034131,15.000000,thai
1,47,-1.675307,70.000000,0.054731,0.050000,-4.716996,4.600000,0.900000,-1.797567,0.900000,0.001000,-0.004004,1.000000,0.038943,15.000000,thai
2,47,-1.696919,70.000000,0.055109,0.050000,-4.707016,4.600000,0.900000,-1.797567,0.900000,0.001000,0.195448,1.000000,-0.179778,15.000000,thai
3,47,-1.654367,70.000000,0.056634,0.050000,-4.691304,4.600000,0.900000,-1.797567,0.900000,0.001000,0.277885,1.000000,-0.359674,15.000000,thai
4,47,-0.952006,70.000000,0.054977,0.050000,-4.708954,4.600000,0.900000,-1.797567,0.900000,0.001000,0.150062,1.000000,-0.173876,15.000000,thai
5,47,-2.147520,70.000000,0.054919,0.050000,-4.709552,4.600000,0.900000,-1.797567,0.900000,0.001000,0.227504,1.000000,-0.264857,15.000000,thai
6,47,-1.626417,70.000000,0.053441,0.050000,-4.722085,4.600000,0.900000,-1.797567,0.900000,0.001000,0.113303,1.000000,-0.187766,15.000000,thai
7,47,-1.932026,70.000000,0.052442,0.050000,-4.738070,4.600000,0.900000,-1.797567,0.900000,0.001000,-0.035870,1.000000,0.056333,15.000000,thai
8,47,-2.314333,70.000000,0.051682,0.050000,-4.748615,4.600000,0.900000,-1.797567,0.900000,0.001000,0.146349,1.000000,-0.068638,15.000000,thai
9,47,-1.366400,70.000000,0.050831,0.050000,-4.753240,4.600000,0.900000,-1.797567,0.900000,0.001000,0.159060,1.000000,-0.055017,15.000000,thai
10,47,-1.935952,70.000000,0.051898,0.050000,-4.746685,4.600000,0.900000,-1.797567,0.900000,0.001000,0.098702,1.000000,-0.044812,15.000000,thai
1,48,-2.838989,70.000000,0.040875,0.050000,-4.904157,4.600000,0.900000,-1.797567,0.900000,0.001000,-0.198657,1.000000,0.035208,15.000000,thai
2,48,-2.827398,70.000000,0.039073,0.050000,-4.933678,4.600000,0.900000,-1.797567,0.900000,0.001000,-0.120399,1.000000,0.004595,15.000000,thai
3,48,-2.711650,70.000000,0.039466,0.050000,-4.920907,4.600000,0.900000,-1.797567,0.900000,0.001000,-0.219686,1.000000,0.222887,15.000000,thai
4,48,-4.835111,70.000000,0.039027,0.050000,-4.929493,4.600000,0.900000,-1.797567,0.900000,0.001000,-0.161073,1.000000,-0.068312,15.000000,thai
5,48,-4.822955,70.000000,0.039091,0.050000,-4.928417,4.600000,0.900000,-1.797567,0.900000,0.001000,0.168087,1.000000,-0.260233,15.000000,thai
6,48,-4.878794,70.000000,0.039131,0.050000,-4.927751,4.600000,0.900000,-1.797567,0.900000,0.001000,0.206961,1.000000,-0.523128,15.000000,thai
7,48,-4.671955,70.000000,0.039498,0.050000,-4.926089,4.600000,0.900000,-1.797567,0.900000,0.001000,0.209442,1.000000,-0.355814,15.000000,thai
8,48,-4.381110,70.000000,0.038857,0.050000,-4.934414,4.600000,0.900000,-1.797567,0.900000,0.001000,0.482446,1.000000,-0.687834,15.000000,thai
9,48,-3.190570,70.000000,0.042737,0.050000,-4.874992,4.600000,0.900000,-1.797567,0.900000,0.001000,0.204344,1.000000,-0.396225,15.000000,thai
10,48,-3.211594,70.000000,0.041250,0.050000,-4.897888,4.600000,0.900000,-1.797567,0.900000,0.001000,0.051769,1.000000,-0.271228,15.000000,thai
1,49,2.490396,70.000000,0.049604,0.050000,-4.777033,4.600000,0.900000,-1.797567,0.900000,0.001000,1.101769,1.000000,-0.881876,15.000000,thai
2,49,2.843841,70.000000,0.050019,0.050000,-4.771288,4.600000,0.900000,-1.797567,0.900000,0.001000,1.185406,1.000000,-1.022628,15.000000,thai
3,49,2.078379,70.000000,0.051017,0.050000,-4.764358,4.600000,0.900000,-1.797567,0.900000,0.001000,1.216777,1.000000,-1.044672,15.000000,thai
4,49,1.890907,70.000000,0.050602,0.050000,-4.759727,4.600000,0.900000,-1.797567,0.900000,0.001000,1.216989,1.000000,-1.062058,15.000000,thai
5,49,1.686595,70.000000,0.050556,0.050000,-4.763675,4.600000,0.900000,-1.797567,0.900000,0.001000,1.219272,1.000000,-1.061360,15.000000,thai
6,49,2.459677,70.000000,0.049872,0.050000,-4.770342,4.600000,0.900000,-1.797567,0.900000,0.001000,1.217816,1.000000,-1.034173,15.000000,thai
7,49,2.129468,70.000000,0.050343,0.050000,-4.769185,4.600000,0.900000,-1.797567,0.900000,0.001000,1.209668,1.000000,-1.039432,15.000000,thai
8,49,2.637565,70.000000,0.050112,0.050000,-4.769846,4.600000,0.900000,-1.797567,0.900000,0.001000,1.210875,1.000000,-1.065625,15.000000,thai
9,49,2.269396,70.000000,0.049716,0.050000,-4.772890,4.600000,0.900000,-1.797567,0.900000,0.001000,1.273264,1.000000,-1.084055,15.000000,thai
10,49,1.790480,70.000000,0.048757,0.050000,-4.790388,4.600000,0.900000,-1.797567,0.900000,0.001000,1.163749,1.000000,-1.019707,15.000000,thai
1,50,-2.151188,70.000000,0.046619,0.050000,-4.814921,4.600000,0.900000,-1.797567,0.900000,0.001000,-0.054124,1.000000,-0.211496,15.000000,thai
2,50,-2.220171,70.000000,0.045105,0.050000,-4.835735,4.600000,0.900000,-1.797567,0.900000,0.001000,-0.123564,1.000000,-0.162280,15.000000,thai
3,50,-2.862045,70.000000,0.045300,0.050000,-4.829205,4.600000,0.900000,-1.797567,0.900000,0.001000,-0.103377,1.000000,-0.167485,15.000000,thai
4,50,-2.794991,70.000000,0.044387,0.050000,-4.839326,4.600000,0.900000,-1.797567,0.900000,0.001000,-0.213958,1.000000,-0.023257,15.000000,thai
5,50,-3.532027,70.000000,0.044706,0.050000,-4.843702,4.600000,0.900000,-1.797567,0.900000,0.001000,-0.231069,1.000000,-0.022413,15.000000,thai
6,50,-1.163739,70.000000,0.044868,0.050000,-4.843116,4.600000,0.900000,-1.797567,0.900000,0.001000,-0.250127,1.000000,0.076298,15.000000,thai
7,50,-3.382735,70.000000,0.044149,0.050000,-4.852836,4.600000,0.900000,-1.797567,0.900000,0.001000,-0.070106,1.000000,-0.229201,15.000000,thai
8,50,-2.709585,70.000000,0.044110,0.050000,-4.844272,4.600000,0.900000,-1.797567,0.900000,0.001000,-0.102794,1.000000,-0.131167,15.000000,thai
9,50,-1.938616,70.000000,0.045051,0.050000,-4.846244,4.600000,0.900000,-1.797567,0.900000,0.001000,-0.035189,1.000000,-0.249903,15.000000,thai
10,50,-2.591154,70.000000,0.044265,0.050000,-4.844243,4.600000,0.900000,-1.797567,0.900000,0.001000,0.051163,1.000000,-0.361107,15.000000,thai
1,51,-5.188973,70.000000,0.040449,0.050000,-4.912720,4.600000,0.900000,-1.797567,0.900000,0.001000,0.037720,1.000000,0.000665,15.000000,thai
2,51,-5.603514,70.000000,0.038443,0.050000,-4.947170,4.600000,0.900000,-1.797567,0.900000,0.001000,0.081431,1.000000,-0.049849,15.000000,thai
3,51,-5.763191,70.000000,0.037927,0.050000,-4.940573,4.600000,0.900000,-1.797567,0.900000,0.001000,0.059127,1.000000,-0.013804,15.000000,thai
4,51,-6.467252,70.000000,0.038055,0.050000,-4.953696,4.600000,0.900000,-1.797567,0.900000,0.001000,0.155432,1.000000,-0.172768,15.000000,thai
5,51,-5.677708,70.000000,0.037794,0.050000,-4.949059,4.600000,0.900000,-1.797567,0.900000,0.001000,0.153895,1.000000,-0.117036,15.000000,thai
6,51,-6.027026,70.000000,0.038353,0.050000,-4.942818,4.600000,0.900000,-1.797567,0.900000,0.001000,0.087122,1.000000,-0.089665,15.000000,thai
7,51,-7.002755,70.000000,0.037775,0.050000,-4.949803,4.600000,0.900000,-1.797567,0.900000,0.001000,-0.073563,1.000000,0.106354,15.000000,thai
8,51,-6.758803,70.000000,0.038111,0.050000,-4.947061,4.600000,0.900000,-1.797567,0.900000,0.001000,-0.186112,1.000000,0.238675,15.000000,thai
9,51,-5.941736,70.000000,0.038061,0.050000,-4.951604,4.600000,0.900000,-1.797567,0.900000,0.001000,0.021686,1.000000,0.024558,15.000000,thai
10,51,-5.331311,70.000000,0.039437,0.050000,-4.929176,4.600000,0.900000,-1.797567,0.900000,0.001000,0.038621,1.000000,0.030357,15.000000,thai
1,1,-3.984650,70.000000,0.043275,0.050000,-4.863665,4.600000,0.900000,-1.797567,0.900000,0.001000,-0.228025,1.000000,0.457853,15.000000,africa
2,1,-4.459518,70.000000,0.042356,0.050000,-4.882286,4.600000,0.900000,-1.797567,0.900000,0.001000,-0.278894,1.000000,0.484188,15.000000,africa
3,1,-5.809487,70.000000,0.044527,0.050000,-4.847823,4.600000,0.900000,-1.797567,0.900000,0.001000,0.128054,1.000000,-0.353781,15.000000,africa
4,1,-4.932437,70.000000,0.044052,0.050000,-4.855101,4.600000,0.900000,-1.797567,0.900000,0.001000,0.189876,1.000000,-0.269014,15.000000,africa
5,1,-5.445334,70.000000,0.044698,0.050000,-4.845309,4.600000,0.900000,-1.797567,0.900000,0.001000,0.094192,1.000000,-0.277841,15.000000,africa
6,1,-4.653236,70.000000,0.044710,0.050000,-4.846859,4.600000,0.900000,-1.797567,0.900000,0.001000,0.101085,1.000000,-0.166797,15.000000,africa
7,1,-3.828176,70.000000,0.043070,0.050000,-4.871267,4.600000,0.900000,-1.797567,0.900000,0.001000,-0.037896,1.000000,0.010836,15.000000,africa
8,1,-6.518628,70.000000,0.042279,0.050000,-4.876359,4.600000,0.900000,-1.797567,0.900000,0.001000,-0.193821,1.000000,0.306396,15.000000,africa
9,1,-4.604532,70.000000,0.046301,0.050000,-4.816772,4.600000,0.900000,-1.797567,0.900000,0.001000,0.537884,1.000000,-0.765498,15.000000,africa
10,1,-4.802707,70.000000,0.049285,0.050000,-4.780207,4.600000,0.900000,-1.797567,0.900000,0.001000,0.007671,1.000000,-0.052730,15.000000,africa
1,2,-3.282328,70.000000,0.049260,0.050000,-4.772586,4.600000,0.900000,-1.797567,0.900000,0.001000,0.084674,1.000000,-0.217082,15.000000,africa
2,2,-2.058160,70.000000,0.049105,0.050000,-4.780438,4.600000,0.900000,-1.797567,0.900000,0.001000,0.110701,1.000000,-0.068033,15.000000,africa
3,2,-2.932837,70.000000,0.047783,0.050000,-4.799565,4.600000,0.900000,-1.797567,0.900000,0.001000,0.029653,1.000000,-0.053861,15.000000,africa
4,2,-2.881058,70.000000,0.047052,0.050000,-4.808300,4.600000,0.900000,-1.797567,0.900000,0.001000,0.349236,1.000000,-0.472089,15.000000,africa
5,2,-4.190531,70.000000,0.047382,0.050000,-4.801003,4.600000,0.900000,-1.797567,0.900000,0.001000,0.329859,1.000000,-0.386677,15.000000,africa
6,2,-2.811961,70.000000,0.049861,0.050000,-4.765612,4.600000,0.900000,-1.797567,0.900000,0.001000,0.253039,1.000000,-0.427404,15.000000,africa
7,2,-3.457589,70.000000,0.041168,0.050000,-4.897455,4.600000,0.900000,-1.797567,0.900000,0.001000,-0.001854,1.000000,0.082294,15.000000,africa
8,2,-3.304490,70.000000,0.041406,0.050000,-4.893077,4.600000,0.900000,-1.797567,0.900000,0.001000,-0.215101,1.000000,0.311193,15.000000,africa
9,2,-4.637680,70.000000,0.041856,0.050000,-4.886486,4.600000,0.900000,-1.797567,0.900000,0.001000,-0.066684,1.000000,0.272274,15.000000,africa
10,2,-3.482406,70.000000,0.043049,0.050000,-4.866557,4.600000,0.900000,-1.797567,0.900000,0.001000,0.022312,1.000000,-0.224297,15.000000,africa
1,3,-6.027115,70.000000,0.042596,0.050000,-4.878375,4.600000,0.900000,-1.797567,0.900000,0.001000,0.199420,1.000000,-0.523718,15.000000,africa
2,3,-4.897400,70.000000,0.042293,0.050000,-4.874048,4.600000,0.900000,-1.797567,0.900000,0.001000,0.186673,1.000000,-0.480074,15.000000,africa
3,3,-4.582680,70.000000,0.040420,0.050000,-4.912913,4.600000,0.900000,-1.797567,0.900000,0.001000,0.024322,1.000000,-0.186769,15.000000,africa
4,3,-5.505766,70.000000,0.040371,0.050000,-4.906925,4.600000,0.900000,-1.797567,0.900000,0.001000,0.069293,1.000000,-0.315995,15.000000,africa
5,3,-6.335113,70.000000,0.040678,0.050000,-4.907144,4.600000,0.900000,-1.797567,0.900000,0.001000,0.024901,1.000000,-0.381575,15.000000,africa
6,3,-5.385099,70.000000,0.040970,0.050000,-4.899845,4.600000,0.900000,-1.797567,0.900000,0.001000,-0.115574,1.000000,-0.101077,15.000000,africa
7,3,-5.393364,70.000000,0.040914,0.050000,-4.899884,4.600000,0.900000,-1.797567,0.900000,0.001000,-0.122156,1.000000,-0.128493,15.000000,africa
8,3,-6.197587,70.000000,0.040135,0.050000,-4.912905,4.600000,0.900000,-1.797567,0.900000,0.001000,-0.218002,1.000000,0.051189,15.000000,africa
9,3,-5.403387,70.000000,0.042572,0.050000,-4.876066,4.600000,0.900000,-1.797567,0.900000,0.001000,-0.086981,1.000000,-0.167394,15.000000,africa
10,3,-6.146749,70.000000,0.041931,0.050000,-4.884139,4.600000,0.900000,-1.797567,0.900000,0.001000,-0.022636,1.000000,-0.194401,15.000000,africa
1,4,-4.360578,70.000000,0.042667,0.050000,-4.876901,4.600000,0.900000,-1.797567,0.900000,0.001000,0.640530,1.000000,-0.446051,15.000000,africa
2,4,-5.896103,70.000000,0.043013,0.050000,-4.869817,4.600000,0.900000,-1.797567,0.900000,0.001000,0.683258,1.000000,-0.552589,15.000000,africa
3,4,-6.432831,70.000000,0.042793,0.050000,-4.873055,4.600000,0.900000,-1.797567,0.900000,0.001000,0.532959,1.000000,-0.379055,15.000000,africa
4,4,-5.824379,70.000000,0.042779,0.050000,-4.876685,4.600000,0.900000,-1.797567,0.900000,0.001000,0.655154,1.000000,-0.502050,15.000000,africa
5,4,-6.303711,70.000000,0.042507,0.050000,-4.876522,4.600000,0.900000,-1.797567,0.900000,0.001000,0.675983,1.000000,-0.545435,15.000000,africa
6,4,-6.445725,70.000000,0.042974,0.050000,-4.870289,4.600000,0.900000,-1.797567,0.900000,0.001000,0.682324,1.000000,-0.537872,15.000000,africa
7,4,-4.578480,70.000000,0.046785,0.050000,-4.808156,4.600000,0.900000,-1.797567,0.900000,0.001000,0.602977,1.000000,-0.405819,15.000000,africa
8,4,-4.000870,70.000000,0.047776,0.050000,-4.803831,4.600000,0.900000,-1.797567,0.900000,0.001000,0.533784,1.000000,-0.341918,15.000000,africa
9,4,-4.177511,70.000000,0.047260,0.050000,-4.807188,4.600000,0.900000,-1.797567,0.900000,0.001000,0.584040,1.000000,-0.367208,15.000000,africa
10,4,-2.654559,70.000000,0.046306,0.050000,-4.818642,4.600000,0.900000,-1.797567,0.900000,0.001000,0.481351,1.000000,-0.158921,15.000000,africa
1,5,-4.647674,70.000000,0.053582,0.050000,-4.718916,4.600000,0.900000,-1.797567,0.900000,0.001000,0.104351,1.000000,-0.179601,15.000000,africa
2,5,-4.850313,70.000000,0.050390,0.050000,-4.760838,4.600000,0.900000,-1.797567,0.900000,0.001000,-0.099567,1.000000,-0.027004,15.000000,africa
3,5,-6.159843,70.000000,0.050635,0.050000,-4.767758,4.600000,0.900000,-1.797567,0.900000,0.001000,-0.196827,1.000000,0.100068,15.000000,africa
4,5,-8.479838,70.000000,0.038806,0.050000,-4.945016,4.600000,0.900000,-1.797567,0.900000,0.001000,-0.211085,1.000000,0.285275,15.000000,africa
5,5,-6.425700,70.000000,0.039242,0.050000,-4.932683,4.600000,0.900000,-1.797567,0.900000,0.001000,-0.029122,1.000000,0.167952,15.000000,africa
6,5,-5.240482,70.000000,0.053073,0.050000,-4.729193,4.600000,0.900000,-1.797567,0.900000,0.001000,0.408217,1.000000,-0.511393,15.000000,africa
7,5,-4.778170,70.000000,0.054681,0.050000,-4.713623,4.600000,0.900000,-1.797567,0.900000,0.001000,0.076910,1.000000,-0.258070,15.000000,africa
8,5,-4.550656,70.000000,0.055842,0.050000,-4.696079,4.600000,0.900000,-1.797567,0.900000,0.001000,-0.182281,1.000000,0.062510,15.000000,africa
9,5,-4.566670,70.000000,0.055893,0.050000,-4.694851,4.600000,0.900000,-1.797567,0.900000,0.001000,-0.075970,1.000000,-0.057652,15.000000,africa
10,5,-4.131441,70.000000,0.057122,0.050000,-4.684346,4.600000,0.900000,-1.797567,0.900000,0.001000,-0.194015,1.000000,0.101597,15.000000,africa
1,6,-6.316069,70.000000,0.046565,0.050000,-4.823578,4.600000,0.900000,-1.797567,0.900000,0.001000,0.023812,1.000000,0.616238,15.000000,africa
2,6,-6.939688,70.000000,0.048296,0.050000,-4.796926,4.600000,0.900000,-1.797567,0.900000,0.001000,-0.143129,1.000000,0.819375,15.000000,africa
3,6,-5.380195,70.000000,0.046524,0.050000,-4.816748,4.600000,0.900000,-1.797567,0.900000,0.001000,-0.056214,1.000000,0.495692,15.000000,africa
4,6,-8.035079,70.000000,0.045622,0.050000,-4.833671,4.600000,0.900000,-1.797567,0.900000,0.001000,-0.159080,1.000000,0.584634,15.000000,africa
5,6,-7.942449,70.000000,0.044120,0.050000,-4.844011,4.600000,0.900000,-1.797567,0.900000,0.001000,-0.347998,1.000000,1.381970,15.000000,africa
6,6,-5.145864,70.000000,0.044335,0.050000,-4.849621,4.600000,0.900000,-1.797567,0.900000,0.001000,-0.189033,1.000000,0.923165,15.000000,africa
7,6,-7.781492,70.000000,0.044463,0.050000,-4.851411,4.600000,0.900000,-1.797567,0.900000,0.001000,-0.340856,1.000000,1.047335,15.000000,africa
8,6,-8.455376,70.000000,0.044494,0.050000,-4.846003,4.600000,0.900000,-1.797567,0.900000,0.001000,-0.159899,1.000000,0.530374,15.000000,africa
9,6,-7.863722,70.000000,0.044306,0.050000,-4.845852,4.600000,0.900000,-1.797567,0.900000,0.001000,-0.065828,1.000000,0.587473,15.000000,africa
10,6,-7.148575,70.000000,0.045177,0.050000,-4.831259,4.600000,0.900000,-1.797567,0.900000,0.001000,-0.088640,1.000000,0.544022,15.000000,africa
1,7,-2.762686,70.000000,0.043647,0.050000,-4.864227,4.600000,0.900000,-1.797567,0.900000,0.001000,1.410555,1.000000,-0.973325,15.000000,africa
2,7,-2.708328,70.000000,0.043734,0.050000,-4.859880,4.600000,0.900000,-1.797567,0.900000,0.001000,1.182740,1.000000,-0.845776,15.000000,africa
3,7,-1.517476,70.000000,0.045668,0.050000,-4.826839,4.600000,0.900000,-1.797567,0.900000,0.001000,1.506281,1.000000,-0.778292,15.000000,africa
4,7,-2.028027,70.000000,0.044098,0.050000,-4.858101,4.600000,0.900000,-1.797567,0.900000,0.001000,1.357048,1.000000,-0.908470,15.000000,africa
5,7,-1.621056,70.000000,0.043477,0.050000,-4.866514,4.600000,0.900000,-1.797567,0.900000,0.001000,1.158766,1.000000,-0.601200,15.000000,africa
6,7,-1.348205,70.000000,0.043283,0.050000,-4.862975,4.600000,0.900000,-1.797567,0.900000,0.001000,1.433728,1.000000,-1.132762,15.000000,africa
7,7,-3.051477,70.000000,0.042659,0.050000,-4.872043,4.600000,0.900000,-1.797567,0.900000,0.001000,1.456425,1.000000,-0.953892,15.000000,africa
8,7,-0.407975,70.000000,0.042757,0.050000,-4.873300,4.600000,0.900000,-1.797567,0.900000,0.001000,1.538764,1.000000,-0.988053,15.000000,africa
9,7,-1.873869,70.000000,0.045299,0.050000,-4.835741,4.600000,0.900000,-1.797567,0.900000,0.001000,1.519224,1.000000,-1.114602,15.000000,africa
10,7,-1.143108,70.000000,0.044561,0.050000,-4.845760,4.600000,0.900000,-1.797567,0.900000,0.001000,1.363914,1.000000,-0.838417,15.000000,africa
1,8,-8.062848,70.000000,0.039739,0.050000,-4.915637,4.600000,0.900000,-1.797567,0.900000,0.001000,0.293056,1.000000,-0.442113,15.000000,africa
2,8,-8.646497,70.000000,0.038585,0.050000,-4.943904,4.600000,0.900000,-1.797567,0.900000,0.001000,0.585023,1.000000,-0.823052,15.000000,africa
3,8,-8.403250,70.000000,0.038738,0.050000,-4.934088,4.600000,0.900000,-1.797567,0.900000,0.001000,0.347191,1.000000,-0.558346,15.000000,africa
4,8,-6.743021,70.000000,0.047919,0.050000,-4.803139,4.600000,0.900000,-1.797567,0.900000,0.001000,0.412003,1.000000,-0.454258,15.000000,africa
5,8,-6.421120,70.000000,0.048311,0.050000,-4.798654,4.600000,0.900000,-1.797567,0.900000,0.001000,0.271723,1.000000,-0.378885,15.000000,africa
6,8,-5.555759,70.000000,0.046846,0.050000,-4.817009,4.600000,0.900000,-1.797567,0.900000,0.001000,0.215426,1.000000,-0.339445,15.000000,africa
7,8,-4.727795,70.000000,0.047607,0.050000,-4.802544,4.600000,0.900000,-1.797567,0.900000,0.001000,0.322365,1.000000,-0.301957,15.000000,africa
8,8,-4.915156,70.000000,0.049483,0.050000,-4.772298,4.600000,0.900000,-1.797567,0.900000,0.001000,0.254910,1.000000,-0.339095,15.000000,africa
9,8,-5.459558,70.000000,0.050585,0.050000,-4.764833,4.600000,0.900000,-1.797567,0.900000,0.001000,0.352648,1.000000,-0.433582,15.000000,africa
10,8,-5.563451,70.000000,0.049915,0.050000,-4.774673,4.600000,0.900000,-1.797567,0.900000,0.001000,0.381387,1.000000,-0.515996,15.000000,africa
1,9,-7.199589,70.000000,0.042813,0.050000,-4.873307,4.600000,0.900000,-1.797567,0.900000,0.001000,1.142773,1.000000,-1.052729,15.000000,africa
2,9,-7.026839,70.000000,0.043824,0.050000,-4.855020,4.600000,0.900000,-1.797567,0.900000,0.001000,1.059627,1.000000,-0.959815,15.000000,africa
3,9,-5.391775,70.000000,0.043554,0.050000,-4.863819,4.600000,0.900000,-1.797567,0.900000,0.001000,1.011968,1.000000,-0.916798,15.000000,africa
4,9,-5.901392,70.000000,0.043763,0.050000,-4.856508,4.600000,0.900000,-1.797567,0.900000,0.001000,1.069787,1.000000,-0.943135,15.000000,africa
5,9,-5.996867,70.000000,0.045248,0.050000,-4.837621,4.600000,0.900000,-1.797567,0.900000,0.001000,0.990068,1.000000,-0.846083,15.000000,africa
6,9,-5.802484,70.000000,0.045380,0.050000,-4.830454,4.600000,0.900000,-1.797567,0.900000,0.001000,0.976219,1.000000,-0.840381,15.000000,africa
7,9,-5.388593,70.000000,0.045472,0.050000,-4.827031,4.600000,0.900000,-1.797567,0.900000,0.001000,0.867032,1.000000,-0.741923,15.000000,africa
8,9,-6.987319,70.000000,0.045867,0.050000,-4.826214,4.600000,0.900000,-1.797567,0.900000,0.001000,0.919797,1.000000,-0.801549,15.000000,africa
9,9,-5.263900,70.000000,0.046430,0.050000,-4.818391,4.600000,0.900000,-1.797567,0.900000,0.001000,0.957378,1.000000,-0.783535,15.000000,africa
10,9,-4.699431,70.000000,0.046931,0.050000,-4.813445,4.600000,0.900000,-1.797567,0.900000,0.001000,1.033296,1.000000,-0.843093,15.000000,africa
1,10,-7.781151,70.000000,0.043132,0.050000,-4.865024,4.600000,0.900000,-1.797567,0.900000,0.001000,1.047319,1.000000,-1.228630,15.000000,africa
2,10,-8.607756,70.000000,0.043160,0.050000,-4.866759,4.600000,0.900000,-1.797567,0.900000,0.001000,1.056855,1.000000,-1.170949,15.000000,africa
3,10,-8.008679,70.000000,0.043760,0.050000,-4.853130,4.600000,0.900000,-1.797567,0.900000,0.001000,1.120955,1.000000,-1.326176,15.000000,africa
4,10,-6.860338,70.000000,0.043614,0.050000,-4.855880,4.600000,0.900000,-1.797567,0.900000,0.001000,1.095514,1.000000,-1.210204,15.000000,africa
5,10,-7.260892,70.000000,0.044188,0.050000,-4.849128,4.600000,0.900000,-1.797567,0.900000,0.001000,0.995335,1.000000,-1.235745,15.000000,africa
6,10,-9.062934,70.000000,0.043022,0.050000,-4.870145,4.600000,0.900000,-1.797567,0.900000,0.001000,0.538978,1.000000,-0.541722,15.000000,africa
7,10,-7.530569,70.000000,0.042760,0.050000,-4.881118,4.600000,0.900000,-1.797567,0.900000,0.001000,0.614017,1.000000,-0.664910,15.000000,africa
8,10,-7.096686,70.000000,0.042325,0.050000,-4.879301,4.600000,0.900000,-1.797567,0.900000,0.001000,0.757687,1.000000,-0.823616,15.000000,africa
9,10,-5.901816,70.000000,0.044106,0.050000,-4.859531,4.600000,0.900000,-1.797567,0.900000,0.001000,0.605297,1.000000,-0.675073,15.000000,africa
10,10,-7.333729,70.000000,0.048613,0.050000,-4.782601,4.600000,0.900000,-1.797567,0.900000,0.001000,0.805244,1.000000,-0.949915,15.000000,africa
1,11,-2.374255,70.000000,0.044950,0.050000,-4.839950,4.600000,0.900000,-1.797567,0.900000,0.001000,0.170131,1.000000,-0.138267,15.000000,africa
2,11,-3.004728,70.000000,0.046339,0.050000,-4.825774,4.600000,0.900000,-1.797567,0.900000,0.001000,0.039528,1.000000,-0.122616,15.000000,africa
3,11,-2.482276,70.000000,0.044819,0.050000,-4.839653,4.600000,0.900000,-1.797567,0.900000,0.001000,0.050539,1.000000,-0.112740,15.000000,africa
4,11,-2.540606,70.000000,0.044303,0.050000,-4.847622,4.600000,0.900000,-1.797567,0.900000,0.001000,0.033598,1.000000,-0.124488,15.000000,africa
5,11,-3.427887,70.000000,0.043913,0.050000,-4.853012,4.600000,0.900000,-1.797567,0.900000,0.001000,0.324902,1.000000,-0.373215,15.000000,africa
6,11,-3.937541,70.000000,0.042621,0.050000,-4.880657,4.600000,0.900000,-1.797567,0.900000,0.001000,0.320236,1.000000,-0.365423,15.000000,africa
7,11,-3.306195,70.000000,0.041763,0.050000,-4.884572,4.600000,0.900000,-1.797567,0.900000,0.001000,0.281080,1.000000,-0.322716,15.000000,africa
8,11,-3.472487,70.000000,0.041960,0.050000,-4.880827,4.600000,0.900000,-1.797567,0.900000,0.001000,0.351708,1.000000,-0.390273,15.000000,africa
9,11,-3.887385,70.000000,0.041464,0.050000,-4.896029,4.600000,0.900000,-1.797567,0.900000,0.001000,0.392165,1.000000,-0.451075,15.000000,africa
10,11,-3.530782,70.000000,0.041825,0.050000,-4.884224,4.600000,0.900000,-1.797567,0.900000,0.001000,0.377746,1.000000,-0.458622,15.000000,africa
1,12,-5.395736,70.000000,0.047830,0.050000,-4.801938,4.600000,0.900000,-1.797567,0.900000,0.001000,0.661678,1.000000,-0.576600,15.000000,africa
2,12,-2.476020,70.000000,0.047559,0.050000,-4.799437,4.600000,0.900000,-1.797567,0.900000,0.001000,0.592865,1.000000,-0.366361,15.000000,africa
3,12,-3.786662,70.000000,0.045346,0.050000,-4.835263,4.600000,0.900000,-1.797567,0.900000,0.001000,0.389987,1.000000,-0.135292,15.000000,africa
4,12,-4.334323,70.000000,0.050839,0.050000,-4.760781,4.600000,0.900000,-1.797567,0.900000,0.001000,0.636738,1.000000,-0.469500,15.000000,africa
5,12,-3.733036,70.000000,0.050022,0.050000,-4.768594,4.600000,0.900000,-1.797567,0.900000,0.001000,0.573037,1.000000,-0.381939,15.000000,africa
6,12,-5.803865,70.000000,0.050161,0.050000,-4.774298,4.600000,0.900000,-1.797567,0.900000,0.001000,0.557046,1.000000,-0.426745,15.000000,africa
7,12,-4.608430,70.000000,0.047931,0.050000,-4.801500,4.600000,0.900000,-1.797567,0.900000,0.001000,0.503489,1.000000,-0.351040,15.000000,africa
8,12,-3.626621,70.000000,0.049930,0.050000,-4.772611,4.600000,0.900000,-1.797567,0.900000,0.001000,0.466721,1.000000,-0.258653,15.000000,africa
9,12,-5.489631,70.000000,0.043224,0.050000,-4.865779,4.600000,0.900000,-1.797567,0.900000,0.001000,0.792620,1.000000,-0.711126,15.000000,africa
10,12,-5.000670,70.000000,0.045096,0.050000,-4.841164,4.600000,0.900000,-1.797567,0.900000,0.001000,0.840315,1.000000,-0.737660,15.000000,africa
1,13,-2.781452,70.000000,0.044169,0.050000,-4.857124,4.600000,0.900000,-1.797567,0.900000,0.001000,0.459854,1.000000,-0.110761,15.000000,africa
2,13,-3.102612,70.000000,0.043075,0.050000,-4.861389,4.600000,0.900000,-1.797567,0.900000,0.001000,0.524906,1.000000,0.173443,15.000000,africa
3,13,-4.987094,70.000000,0.045729,0.050000,-4.832107,4.600000,0.900000,-1.797567,0.900000,0.001000,0.241585,1.000000,0.844335,15.000000,africa
4,13,-2.247089,70.000000,0.044223,0.050000,-4.851254,4.600000,0.900000,-1.797567,0.900000,0.001000,0.314792,1.000000,0.919266,15.000000,africa
5,13,-4.498117,70.000000,0.042967,0.050000,-4.871085,4.600000,0.900000,-1.797567,0.900000,0.001000,0.313071,1.000000,1.465435,15.000000,africa
6,13,-2.724879,70.000000,0.043022,0.050000,-4.868832,4.600000,0.900000,-1.797567,0.900000,0.001000,0.310834,1.000000,0.894741,15.000000,africa
7,13,-4.758382,70.000000,0.043446,0.050000,-4.867955,4.600000,0.900000,-1.797567,0.900000,0.001000,0.280134,1.000000,0.540478,15.000000,africa
8,13,-5.159089,70.000000,0.042585,0.050000,-4.880550,4.600000,0.900000,-1.797567,0.900000,0.001000,0.511198,1.000000,0.072399,15.000000,africa
9,13,-2.323342,70.000000,0.041695,0.050000,-4.887574,4.600000,0.900000,-1.797567,0.900000,0.001000,0.412548,1.000000,-0.099112,15.000000,africa
10,13,-6.670455,70.000000,0.035917,0.050000,-4.987452,4.600000,0.900000,-1.797567,0.900000,0.001000,0.576194,1.000000,-0.351544,15.000000,africa
1,14,-2.832178,70.000000,0.044913,0.050000,-4.841396,4.600000,0.900000,-1.797567,0.900000,0.001000,0.560359,1.000000,-0.261435,15.000000,africa
2,14,-1.432770,70.000000,0.043982,0.050000,-4.856194,4.600000,0.900000,-1.797567,0.900000,0.001000,0.503911,1.000000,-0.163061,15.000000,africa
3,14,-2.103521,70.000000,0.044514,0.050000,-4.850457,4.600000,0.900000,-1.797567,0.900000,0.001000,0.429804,1.000000,-0.151358,15.000000,africa
4,14,-2.202785,70.000000,0.045363,0.050000,-4.831982,4.600000,0.900000,-1.797567,0.900000,0.001000,0.697949,1.000000,-0.396315,15.000000,africa
5,14,-1.475912,70.000000,0.045197,0.050000,-4.833055,4.600000,0.900000,-1.797567,0.900000,0.001000,0.600910,1.000000,-0.256249,15.000000,africa
6,14,-1.342048,70.000000,0.044323,0.050000,-4.854308,4.600000,0.900000,-1.797567,0.900000,0.001000,0.681694,1.000000,-0.394816,15.000000,africa
7,14,-2.007784,70.000000,0.044488,0.050000,-4.847181,4.600000,0.900000,-1.797567,0.900000,0.001000,0.682143,1.000000,-0.360066,15.000000,africa
8,14,-2.946919,70.000000,0.044346,0.050000,-4.844928,4.600000,0.900000,-1.797567,0.900000,0.001000,0.616120,1.000000,-0.354478,15.000000,africa
9,14,-3.576333,70.000000,0.045836,0.050000,-4.825860,4.600000,0.900000,-1.797567,0.900000,0.001000,0.669901,1.000000,-0.415254,15.000000,africa
10,14,-2.082018,70.000000,0.046767,0.050000,-4.814966,4.600000,0.900000,-1.797567,0.900000,0.001000,0.663791,1.000000,-0.402316,15.000000,africa
1,15,-6.682629,70.000000,0.040693,0.050000,-4.903744,4.600000,0.900000,-1.797567,0.900000,0.001000,0.190962,1.000000,-0.574451,15.000000,africa
2,15,-5.805455,70.000000,0.042040,0.050000,-4.887130,4.600000,0.900000,-1.797567,0.900000,0.001000,-0.052129,1.000000,-0.304809,15.000000,africa
3,15,-5.148781,70.000000,0.041570,0.050000,-4.887154,4.600000,0.900000,-1.797567,0.900000,0.001000,0.059169,1.000000,-0.283007,15.000000,africa
4,15,-5.128339,70.000000,0.042337,0.050000,-4.883797,4.600000,0.900000,-1.797567,0.900000,0.001000,0.112249,1.000000,-0.454959,15.000000,africa
5,15,-5.752002,70.000000,0.042714,0.050000,-4.875058,4.600000,0.900000,-1.797567,0.900000,0.001000,0.313111,1.000000,-0.698330,15.000000,africa
6,15,-5.823243,70.000000,0.042405,0.050000,-4.878164,4.600000,0.900000,-1.797567,0.900000,0.001000,0.429750,1.000000,-0.809021,15.000000,africa
7,15,-6.409136,70.000000,0.041307,0.050000,-4.897302,4.600000,0.900000,-1.797567,0.900000,0.001000,0.339332,1.000000,-0.635368,15.000000,africa
8,15,-4.450329,70.000000,0.051104,0.050000,-4.760052,4.600000,0.900000,-1.797567,0.900000,0.001000,0.041704,1.000000,-0.250021,15.000000,africa
9,15,-3.557720,70.000000,0.050001,0.050000,-4.768960,4.600000,0.900000,-1.797567,0.900000,0.001000,-0.004534,1.000000,-0.220019,15.000000,africa
10,15,-4.021692,70.000000,0.050194,0.050000,-4.763943,4.600000,0.900000,-1.797567,0.900000,0.001000,-0.040041,1.000000,-0.200827,15.000000,africa
1,16,-1.655498,70.000000,0.053731,0.050000,-4.723941,4.600000,0.900000,-1.797567,0.900000,0.001000,-0.235497,1.000000,0.257817,15.000000,africa
2,16,-1.476406,70.000000,0.054203,0.050000,-4.717831,4.600000,0.900000,-1.797567,0.900000,0.001000,-0.139378,1.000000,-0.073488,15.000000,africa
3,16,-1.201680,70.000000,0.053028,0.050000,-4.729211,4.600000,0.900000,-1.797567,0.900000,0.001000,0.034366,1.000000,-0.200168,15.000000,africa
4,16,-4.324480,70.000000,0.039894,0.050000,-4.925942,4.600000,0.900000,-1.797567,0.900000,0.001000,0.178725,1.000000,-0.442579,15.000000,africa
5,16,-6.021265,70.000000,0.039355,0.050000,-4.925574,4.600000,0.900000,-1.797567,0.900000,0.001000,0.339132,1.000000,-0.743452,15.000000,africa
6,16,-3.819016,70.000000,0.039384,0.050000,-4.924065,4.600000,0.900000,-1.797567,0.900000,0.001000,0.950865,1.000000,-1.426111,15.000000,africa
7,16,-2.716563,70.000000,0.044189,0.050000,-4.853030,4.600000,0.900000,-1.797567,0.900000,0.001000,-0.030556,1.000000,-0.135201,15.000000,africa
8,16,-3.462414,70.000000,0.045859,0.050000,-4.829520,4.600000,0.900000,-1.797567,0.900000,0.001000,-0.101054,1.000000,-0.258397,15.000000,africa
9,16,-3.238341,70.000000,0.046048,0.050000,-4.825827,4.600000,0.900000,-1.797567,0.900000,0.001000,0.048754,1.000000,-0.170390,15.000000,africa
10,16,-3.292449,70.000000,0.045453,0.050000,-4.830767,4.600000,0.900000,-1.797567,0.900000,0.001000,0.082774,1.000000,-0.348035,15.000000,africa
1,17,-2.569330,70.000000,0.048965,0.050000,-4.780676,4.600000,0.900000,-1.797567,0.900000,0.001000,0.116985,1.000000,-0.471328,15.000000,africa
2,17,-4.701868,70.000000,0.044733,0.050000,-4.844472,4.600000,0.900000,-1.797567,0.900000,0.001000,0.355363,1.000000,-0.967790,15.000000,africa
3,17,-3.321583,70.000000,0.053866,0.050000,-4.719886,4.600000,0.900000,-1.797567,0.900000,0.001000,0.833832,1.000000,-1.008721,15.000000,africa
4,17,-9.729818,70.000000,0.039504,0.050000,-4.927019,4.600000,0.900000,-1.797567,0.900000,0.001000,0.380432,1.000000,-0.663092,15.000000,africa
5,17,-6.918081,70.000000,0.046040,0.050000,-4.827500,4.600000,0.900000,-1.797567,0.900000,0.001000,0.435960,1.000000,-1.009745,15.000000,africa
6,17,-3.323954,70.000000,0.048374,0.050000,-4.789756,4.600000,0.900000,-1.797567,0.900000,0.001000,0.465904,1.000000,-1.045496,15.000000,africa
7,17,-2.658477,70.000000,0.050451,0.050000,-4.759234,4.600000,0.900000,-1.797567,0.900000,0.001000,0.668841,1.000000,-0.566095,15.000000,africa
8,17,-8.650111,70.000000,0.041337,0.050000,-4.893233,4.600000,0.900000,-1.797567,0.900000,0.001000,0.183310,1.000000,-0.396861,15.000000,africa
9,17,-4.819014,70.000000,0.053221,0.050000,-4.733437,4.600000,0.900000,-1.797567,0.900000,0.001000,0.312658,1.000000,-0.194065,15.000000,africa
10,17,-6.304585,70.000000,0.043200,0.050000,-4.867330,4.600000,0.900000,-1.797567,0.900000,0.001000,0.655364,1.000000,-0.632708,15.000000,africa
1,18,2.055673,70.000000,0.035911,0.050000,-4.981489,4.600000,0.900000,-1.797567,0.900000,0.001000,0.926375,1.000000,-0.705073,15.000000,africa
2,18,1.194168,70.000000,0.034204,0.050000,-5.022511,4.600000,0.900000,-1.797567,0.900000,0.001000,0.765542,1.000000,-0.583522,15.000000,africa
3,18,1.415257,70.000000,0.034004,0.050000,-5.021775,4.600000,0.900000,-1.797567,0.900000,0.001000,0.775497,1.000000,-0.618008,15.000000,africa
4,18,-0.126418,70.000000,0.032978,0.050000,-5.045727,4.600000,0.900000,-1.797567,0.900000,0.001000,0.736023,1.000000,-0.666738,15.000000,africa
5,18,2.298700,70.000000,0.033489,0.050000,-5.037604,4.600000,0.900000,-1.797567,0.900000,0.001000,0.973800,1.000000,-0.769056,15.000000,africa
6,18,1.251486,70.000000,0.033867,0.050000,-5.024584,4.600000,0.900000,-1.797567,0.900000,0.001000,0.927400,1.000000,-0.750455,15.000000,africa
7,18,1.663105,70.000000,0.034142,0.050000,-5.020359,4.600000,0.900000,-1.797567,0.900000,0.001000,0.902862,1.000000,-0.763685,15.000000,africa
8,18,2.116145,70.000000,0.034226,0.050000,-5.019472,4.600000,0.900000,-1.797567,0.900000,0.001000,0.788114,1.000000,-0.586855,15.000000,africa
9,18,0.425394,70.000000,0.035153,0.050000,-4.998844,4.600000,0.900000,-1.797567,0.900000,0.001000,0.969807,1.000000,-0.838666,15.000000,africa
10,18,2.139876,70.000000,0.034717,0.050000,-5.004464,4.600000,0.900000,-1.797567,0.900000,0.001000,0.993614,1.000000,-0.862402,15.000000,africa
1,19,-9.108212,70.000000,0.053181,0.050000,-4.728110,4.600000,0.900000,-1.797567,0.900000,0.001000,-0.131532,1.000000,-0.104273,15.000000,africa
2,19,-8.498613,70.000000,0.050913,0.050000,-4.756061,4.600000,0.900000,-1.797567,0.900000,0.001000,-0.195208,1.000000,-0.092593,15.000000,africa
3,19,-6.548134,70.000000,0.052320,0.050000,-4.746025,4.600000,0.900000,-1.797567,0.900000,0.001000,-0.167880,1.000000,-0.044507,15.000000,africa
4,19,-9.695110,70.000000,0.051094,0.050000,-4.753511,4.600000,0.900000,-1.797567,0.900000,0.001000,-0.265281,1.000000,0.037957,15.000000,africa
5,19,-8.565747,70.000000,0.050555,0.050000,-4.762623,4.600000,0.900000,-1.797567,0.900000,0.001000,-0.144616,1.000000,-0.103060,15.000000,africa
6,19,-9.957872,70.000000,0.048774,0.050000,-4.787326,4.600000,0.900000,-1.797567,0.900000,0.001000,-0.170552,1.000000,-0.121020,15.000000,africa
7,19,-10.123586,70.000000,0.047501,0.050000,-4.809579,4.600000,0.900000,-1.797567,0.900000,0.001000,-0.046110,1.000000,-0.195230,15.000000,africa
8,19,-8.963188,70.000000,0.046650,0.050000,-4.812266,4.600000,0.900000,-1.797567,0.900000,0.001000,-0.053327,1.000000,-0.251918,15.000000,africa
9,19,-9.152894,70.000000,0.045977,0.050000,-4.821070,4.600000,0.900000,-1.797567,0.900000,0.001000,0.003787,1.000000,-0.320476,15.000000,africa
10,19,-9.893843,70.000000,0.045753,0.050000,-4.825151,4.600000,0.900000,-1.797567,0.900000,0.001000,0.006138,1.000000,-0.347176,15.000000,africa
1,20,-4.057323,70.000000,0.047295,0.050000,-4.805956,4.600000,0.900000,-1.797567,0.900000,0.001000,-0.574428,1.000000,-0.355473,15.000000,africa
2,20,-5.871529,70.000000,0.038993,0.050000,-4.928910,4.600000,0.900000,-1.797567,0.900000,0.001000,0.687836,1.000000,-1.378246,15.000000,africa
3,20,-3.598090,70.000000,0.048968,0.050000,-4.783415,4.600000,0.900000,-1.797567,0.900000,0.001000,-0.037671,1.000000,-0.610886,15.000000,africa
4,20,-4.682588,70.000000,0.040406,0.050000,-4.910998,4.600000,0.900000,-1.797567,0.900000,0.001000,0.023844,1.000000,-0.096763,15.000000,africa
5,20,-4.396178,70.000000,0.041133,0.050000,-4.897180,4.600000,0.900000,-1.797567,0.900000,0.001000,-0.163926,1.000000,-0.484694,15.000000,africa
6,20,-5.493171,70.000000,0.041827,0.050000,-4.895989,4.600000,0.900000,-1.797567,0.900000,0.001000,-0.036587,1.000000,-0.845644,15.000000,africa
7,20,-5.189014,70.000000,0.042970,0.050000,-4.870816,4.600000,0.900000,-1.797567,0.900000,0.001000,0.273025,1.000000,-0.639960,15.000000,africa
8,20,-4.327471,70.000000,0.041682,0.050000,-4.890236,4.600000,0.900000,-1.797567,0.900000,0.001000,-0.210694,1.000000,-0.378860,15.000000,africa
9,20,-6.694492,70.000000,0.039378,0.050000,-4.919908,4.600000,0.900000,-1.797567,0.900000,0.001000,0.528795,1.000000,-0.858820,15.000000,africa
10,20,-3.166145,70.000000,0.045394,0.050000,-4.833189,4.600000,0.900000,-1.797567,0.900000,0.001000,0.314021,1.000000,-0.705407,15.000000,africa
1,21,-5.547812,70.000000,0.051968,0.050000,-4.740941,4.600000,0.900000,-1.797567,0.900000,0.001000,0.585455,1.000000,-1.241478,15.000000,africa
2,21,-5.387882,70.000000,0.052328,0.050000,-4.740032,4.600000,0.900000,-1.797567,0.900000,0.001000,-0.009987,1.000000,-0.833010,15.000000,africa
3,21,-5.567215,70.000000,0.051660,0.050000,-4.747373,4.600000,0.900000,-1.797567,0.900000,0.001000,-0.094325,1.000000,-0.958997,15.000000,africa
4,21,-5.972859,70.000000,0.052527,0.050000,-4.736504,4.600000,0.900000,-1.797567,0.900000,0.001000,0.155459,1.000000,-0.754965,15.000000,africa
5,21,-6.021779,70.000000,0.051819,0.050000,-4.748438,4.600000,0.900000,-1.797567,0.900000,0.001000,0.521596,1.000000,-1.200646,15.000000,africa
6,21,-5.960124,70.000000,0.051809,0.050000,-4.750715,4.600000,0.900000,-1.797567,0.900000,0.001000,0.059595,1.000000,-0.699946,15.000000,africa
7,21,-5.965128,70.000000,0.049608,0.050000,-4.779037,4.600000,0.900000,-1.797567,0.900000,0.001000,-0.594915,1.000000,-0.344713,15.000000,africa
8,21,-6.363355,70.000000,0.050480,0.050000,-4.766181,4.600000,0.900000,-1.797567,0.900000,0.001000,-0.171962,1.000000,-0.570407,15.000000,africa
9,21,-6.348250,70.000000,0.052847,0.050000,-4.730277,4.600000,0.900000,-1.797567,0.900000,0.001000,0.234332,1.000000,-0.765556,15.000000,africa
10,21,-5.875998,70.000000,0.053406,0.050000,-4.730413,4.600000,0.900000,-1.797567,0.900000,0.001000,0.698411,1.000000,-1.192837,15.000000,africa
1,22,-8.539103,70.000000,0.063883,0.050000,-4.608246,4.600000,0.900000,-1.797567,0.900000,0.001000,0.291686,1.000000,-0.080132,15.000000,africa
2,22,-8.275259,70.000000,0.065138,0.050000,-4.597356,4.600000,0.900000,-1.797567,0.900000,0.001000,0.380868,1.000000,-0.076362,15.000000,africa
3,22,-6.648075,70.000000,0.063726,0.050000,-4.608069,4.600000,0.900000,-1.797567,0.900000,0.001000,0.565477,1.000000,-0.259643,15.000000,africa
4,22,-7.291866,70.000000,0.063888,0.050000,-4.605894,4.600000,0.900000,-1.797567,0.900000,0.001000,0.532881,1.000000,-0.386261,15.000000,africa
5,22,-7.749907,70.000000,0.064907,0.050000,-4.593390,4.600000,0.900000,-1.797567,0.900000,0.001000,0.645218,1.000000,-0.594443,15.000000,africa
6,22,-11.604237,70.000000,0.066549,0.050000,-4.578023,4.600000,0.900000,-1.797567,0.900000,0.001000,0.428328,1.000000,-0.515620,15.000000,africa
7,22,-7.795612,70.000000,0.066315,0.050000,-4.586598,4.600000,0.900000,-1.797567,0.900000,0.001000,0.387035,1.000000,-0.277709,15.000000,africa
8,22,-8.163280,70.000000,0.068210,0.050000,-4.565907,4.600000,0.900000,-1.797567,0.900000,0.001000,0.348324,1.000000,-0.150509,15.000000,africa
9,22,-6.425334,70.000000,0.067502,0.050000,-4.572691,4.600000,0.900000,-1.797567,0.900000,0.001000,0.314480,1.000000,0.089187,15.000000,africa
10,22,-7.792424,70.000000,0.046924,0.050000,-4.811325,4.600000,0.900000,-1.797567,0.900000,0.001000,0.327706,1.000000,-0.110129,15.000000,africa
1,23,-6.565513,70.000000,0.047845,0.050000,-4.800237,4.600000,0.900000,-1.797567,0.900000,0.001000,1.113324,1.000000,-1.350054,15.000000,africa
2,23,-5.440592,70.000000,0.047637,0.050000,-4.803024,4.600000,0.900000,-1.797567,0.900000,0.001000,0.999613,1.000000,-1.181063,15.000000,africa
3,23,-5.806541,70.000000,0.048329,0.050000,-4.788427,4.600000,0.900000,-1.797567,0.900000,0.001000,0.902534,1.000000,-1.116344,15.000000,africa
4,23,-6.433446,70.000000,0.047218,0.050000,-4.810001,4.600000,0.900000,-1.797567,0.900000,0.001000,0.879874,1.000000,-1.091214,15.000000,africa
5,23,-6.100079,70.000000,0.047655,0.050000,-4.806320,4.600000,0.900000,-1.797567,0.900000,0.001000,0.973102,1.000000,-1.142514,15.000000,africa
6,23,-6.806521,70.000000,0.047106,0.050000,-4.812099,4.600000,0.900000,-1.797567,0.900000,0.001000,0.960110,1.000000,-1.168390,15.000000,africa
7,23,-9.000281,70.000000,0.046586,0.050000,-4.819853,4.600000,0.900000,-1.797567,0.900000,0.001000,0.967568,1.000000,-1.223809,15.000000,africa
8,23,-7.133628,70.000000,0.046574,0.050000,-4.813469,4.600000,0.900000,-1.797567,0.900000,0.001000,0.878703,1.000000,-1.093048,15.000000,africa
9,23,-5.209322,70.000000,0.047670,0.050000,-4.807992,4.600000,0.900000,-1.797567,0.900000,0.001000,0.816487,1.000000,-0.971561,15.000000,africa
10,23,-6.450610,70.000000,0.047300,0.050000,-4.813292,4.600000,0.900000,-1.797567,0.900000,0.001000,0.668665,1.000000,-0.830085,15.000000,africa
1,24,-4.213677,70.000000,0.047596,0.050000,-4.800057,4.600000,0.900000,-1.797567,0.900000,0.001000,0.074687,1.000000,-0.332459,15.000000,africa
2,24,-4.199307,70.000000,0.046730,0.050000,-4.810508,4.600000,0.900000,-1.797567,0.900000,0.001000,0.132407,1.000000,-0.325588,15.000000,africa
3,24,-4.641945,70.000000,0.047842,0.050000,-4.800756,4.600000,0.900000,-1.797567,0.900000,0.001000,-0.034770,1.000000,-0.211265,15.000000,africa
4,24,-4.548619,70.000000,0.048521,0.050000,-4.793695,4.600000,0.900000,-1.797567,0.900000,0.001000,0.061969,1.000000,-0.248128,15.000000,africa
5,24,-4.122732,70.000000,0.048509,0.050000,-4.789944,4.600000,0.900000,-1.797567,0.900000,0.001000,0.001113,1.000000,-0.170374,15.000000,africa
6,24,-4.722855,70.000000,0.048119,0.050000,-4.792866,4.600000,0.900000,-1.797567,0.900000,0.001000,0.122001,1.000000,-0.380022,15.000000,africa
7,24,-3.371939,70.000000,0.048401,0.050000,-4.788397,4.600000,0.900000,-1.797567,0.900000,0.001000,0.222343,1.000000,-0.473243,15.000000,africa
8,24,-5.883859,70.000000,0.048086,0.050000,-4.801429,4.600000,0.900000,-1.797567,0.900000,0.001000,0.518317,1.000000,-0.755112,15.000000,africa
9,24,-5.603696,70.000000,0.040752,0.050000,-4.896277,4.600000,0.900000,-1.797567,0.900000,0.001000,0.198382,1.000000,-0.276910,15.000000,africa
10,24,-6.690265,70.000000,0.041510,0.050000,-4.896524,4.600000,0.900000,-1.797567,0.900000,0.001000,0.155902,1.000000,-0.415374,15.000000,africa
1,25,-4.573571,70.000000,0.042971,0.050000,-4.866463,4.600000,0.900000,-1.797567,0.900000,0.001000,0.948511,1.000000,-0.679166,15.000000,africa
2,25,-5.926978,70.000000,0.041627,0.050000,-4.887209,4.600000,0.900000,-1.797567,0.900000,0.001000,0.938814,1.000000,-0.735324,15.000000,africa
3,25,-4.642592,70.000000,0.043251,0.050000,-4.864977,4.600000,0.900000,-1.797567,0.900000,0.001000,0.982599,1.000000,-0.742283,15.000000,africa
4,25,-4.862370,70.000000,0.043409,0.050000,-4.860765,4.600000,0.900000,-1.797567,0.900000,0.001000,0.930284,1.000000,-0.653978,15.000000,africa
5,25,-4.184082,70.000000,0.041941,0.050000,-4.878519,4.600000,0.900000,-1.797567,0.900000,0.001000,0.878596,1.000000,-0.642797,15.000000,africa
6,25,-6.192775,70.000000,0.041573,0.050000,-4.896101,4.600000,0.900000,-1.797567,0.900000,0.001000,0.797574,1.000000,-0.592686,15.000000,africa
7,25,-5.308527,70.000000,0.041699,0.050000,-4.892173,4.600000,0.900000,-1.797567,0.900000,0.001000,0.825179,1.000000,-0.582989,15.000000,africa
8,25,-5.250841,70.000000,0.040887,0.050000,-4.898379,4.600000,0.900000,-1.797567,0.900000,0.001000,0.756579,1.000000,-0.518216,15.000000,africa
9,25,-5.271342,70.000000,0.040752,0.050000,-4.908238,4.600000,0.900000,-1.797567,0.900000,0.001000,0.696805,1.000000,-0.460504,15.000000,africa
10,25,-6.053550,70.000000,0.040897,0.050000,-4.901723,4.600000,0.900000,-1.797567,0.900000,0.001000,0.685065,1.000000,-0.360785,15.000000,africa
1,26,-7.107875,70.000000,0.050586,0.050000,-4.767108,4.600000,0.900000,-1.797567,0.900000,0.001000,1.900815,1.000000,-1.773074,15.000000,africa
2,26,-6.571124,70.000000,0.052747,0.050000,-4.747226,4.600000,0.900000,-1.797567,0.900000,0.001000,1.862639,1.000000,-1.715761,15.000000,africa
3,26,-6.065488,70.000000,0.049804,0.050000,-4.777744,4.600000,0.900000,-1.797567,0.900000,0.001000,1.877809,1.000000,-1.750567,15.000000,africa
4,26,-6.233562,70.000000,0.050643,0.050000,-4.763124,4.600000,0.900000,-1.797567,0.900000,0.001000,1.871891,1.000000,-1.703046,15.000000,africa
5,26,-6.725498,70.000000,0.049986,0.050000,-4.772387,4.600000,0.900000,-1.797567,0.900000,0.001000,1.837645,1.000000,-1.705538,15.000000,africa
6,26,-6.732281,70.000000,0.048646,0.050000,-4.789949,4.600000,0.900000,-1.797567,0.900000,0.001000,1.798681,1.000000,-1.701048,15.000000,africa
7,26,-6.457929,70.000000,0.046920,0.050000,-4.813798,4.600000,0.900000,-1.797567,0.900000,0.001000,1.781865,1.000000,-1.630291,15.000000,africa
8,26,-7.946282,70.000000,0.046719,0.050000,-4.818641,4.600000,0.900000,-1.797567,0.900000,0.001000,1.736099,1.000000,-1.640151,15.000000,africa
9,26,-7.793966,70.000000,0.045704,0.050000,-4.818666,4.600000,0.900000,-1.797567,0.900000,0.001000,1.621949,1.000000,-1.509614,15.000000,africa
10,26,-6.798569,70.000000,0.048339,0.050000,-4.795365,4.600000,0.900000,-1.797567,0.900000,0.001000,1.626261,1.000000,-1.467938,15.000000,africa
1,27,-8.125295,70.000000,0.041260,0.050000,-4.890697,4.600000,0.900000,-1.797567,0.900000,0.001000,0.537469,1.000000,-0.707624,15.000000,africa
2,27,-8.039804,70.000000,0.040473,0.050000,-4.907766,4.600000,0.900000,-1.797567,0.900000,0.001000,0.676662,1.000000,-0.909221,15.000000,africa
3,27,-6.445994,70.000000,0.041855,0.050000,-4.895541,4.600000,0.900000,-1.797567,0.900000,0.001000,0.614281,1.000000,-0.855883,15.000000,africa
4,27,-7.479371,70.000000,0.040966,0.050000,-4.902862,4.600000,0.900000,-1.797567,0.900000,0.001000,0.612408,1.000000,-0.832562,15.000000,africa
5,27,-7.393581,70.000000,0.040743,0.050000,-4.903902,4.600000,0.900000,-1.797567,0.900000,0.001000,0.592496,1.000000,-0.783485,15.000000,africa
6,27,-7.094192,70.000000,0.041873,0.050000,-4.887215,4.600000,0.900000,-1.797567,0.900000,0.001000,0.549944,1.000000,-0.779107,15.000000,africa
7,27,-8.436751,70.000000,0.040339,0.050000,-4.913242,4.600000,0.900000,-1.797567,0.900000,0.001000,0.748404,1.000000,-0.999742,15.000000,africa
8,27,-7.216221,70.000000,0.040021,0.050000,-4.916024,4.600000,0.900000,-1.797567,0.900000,0.001000,0.748126,1.000000,-0.981725,15.000000,africa
9,27,-7.891030,70.000000,0.040335,0.050000,-4.913685,4.600000,0.900000,-1.797567,0.900000,0.001000,0.794322,1.000000,-1.070489,15.000000,africa
10,27,-8.223485,70.000000,0.040788,0.050000,-4.909062,4.600000,0.900000,-1.797567,0.900000,0.001000,0.628569,1.000000,-0.896706,15.000000,africa
1,28,-5.271275,70.000000,0.041393,0.050000,-4.890371,4.600000,0.900000,-1.797567,0.900000,0.001000,0.275071,1.000000,-0.363194,15.000000,africa
2,28,-5.608778,70.000000,0.039361,0.050000,-4.923971,4.600000,0.900000,-1.797567,0.900000,0.001000,-0.025529,1.000000,-0.152726,15.000000,africa
3,28,-5.612817,70.000000,0.039765,0.050000,-4.919319,4.600000,0.900000,-1.797567,0.900000,0.001000,-0.034781,1.000000,0.011423,15.000000,africa
4,28,-4.983499,70.000000,0.040418,0.050000,-4.910619,4.600000,0.900000,-1.797567,0.900000,0.001000,-0.360948,1.000000,0.251628,15.000000,africa
5,28,-5.774727,70.000000,0.042786,0.050000,-4.869385,4.600000,0.900000,-1.797567,0.900000,0.001000,0.651138,1.000000,-0.875674,15.000000,africa
6,28,-4.253040,70.000000,0.043297,0.050000,-4.869332,4.600000,0.900000,-1.797567,0.900000,0.001000,0.566424,1.000000,-0.733007,15.000000,africa
7,28,-4.905260,70.000000,0.042692,0.050000,-4.873421,4.600000,0.900000,-1.797567,0.900000,0.001000,0.347482,1.000000,-0.367357,15.000000,africa
8,28,-3.219306,70.000000,0.043274,0.050000,-4.863113,4.600000,0.900000,-1.797567,0.900000,0.001000,0.173001,1.000000,-0.252526,15.000000,africa
9,28,-3.771555,70.000000,0.043861,0.050000,-4.853163,4.600000,0.900000,-1.797567,0.900000,0.001000,0.186103,1.000000,-0.273299,15.000000,africa
10,28,-5.030608,70.000000,0.042894,0.050000,-4.867131,4.600000,0.900000,-1.797567,0.900000,0.001000,0.174040,1.000000,-0.373600,15.000000,africa
1,29,-7.313373,70.000000,0.051441,0.050000,-4.750553,4.600000,0.900000,-1.797567,0.900000,0.001000,0.506476,1.000000,-0.823156,15.000000,africa
2,29,-9.650989,70.000000,0.051801,0.050000,-4.749278,4.600000,0.900000,-1.797567,0.900000,0.001000,0.551420,1.000000,-0.883196,15.000000,africa
3,29,-10.400632,70.000000,0.050799,0.050000,-4.768067,4.600000,0.900000,-1.797567,0.900000,0.001000,0.623388,1.000000,-0.954175,15.000000,africa
4,29,-7.889774,70.000000,0.050319,0.050000,-4.761656,4.600000,0.900000,-1.797567,0.900000,0.001000,0.662711,1.000000,-0.981061,15.000000,africa
5,29,-7.815010,70.000000,0.051961,0.050000,-4.744927,4.600000,0.900000,-1.797567,0.900000,0.001000,0.624869,1.000000,-0.933501,15.000000,africa
6,29,-8.320942,70.000000,0.052304,0.050000,-4.739397,4.600000,0.900000,-1.797567,0.900000,0.001000,0.559245,1.000000,-0.925984,15.000000,africa
7,29,-9.129771,70.000000,0.051484,0.050000,-4.755891,4.600000,0.900000,-1.797567,0.900000,0.001000,0.594992,1.000000,-0.930185,15.000000,africa
8,29,-8.624360,70.000000,0.052678,0.050000,-4.733480,4.600000,0.900000,-1.797567,0.900000,0.001000,0.622896,1.000000,-0.963134,15.000000,africa
9,29,-8.766345,70.000000,0.052394,0.050000,-4.736547,4.600000,0.900000,-1.797567,0.900000,0.001000,0.735600,1.000000,-1.032093,15.000000,africa
10,29,-7.273145,70.000000,0.052433,0.050000,-4.733293,4.600000,0.900000,-1.797567,0.900000,0.001000,0.665277,1.000000,-0.964518,15.000000,africa
1,30,-3.010348,70.000000,0.044679,0.050000,-4.844493,4.600000,0.900000,-1.797567,0.900000,0.001000,0.157025,1.000000,-0.460451,15.000000,africa
2,30,-2.739313,70.000000,0.049342,0.050000,-4.777784,4.600000,0.900000,-1.797567,0.900000,0.001000,0.496465,1.000000,-0.786208,15.000000,africa
3,30,-2.612012,70.000000,0.048262,0.050000,-4.792698,4.600000,0.900000,-1.797567,0.900000,0.001000,0.342136,1.000000,-0.610695,15.000000,africa
4,30,-5.467546,70.000000,0.037262,0.050000,-4.959821,4.600000,0.900000,-1.797567,0.900000,0.001000,0.437265,1.000000,-0.824787,15.000000,africa
5,30,-5.271885,70.000000,0.036766,0.050000,-4.974321,4.600000,0.900000,-1.797567,0.900000,0.001000,0.308089,1.000000,-0.627792,15.000000,africa
6,30,-6.211906,70.000000,0.036850,0.050000,-4.964553,4.600000,0.900000,-1.797567,0.900000,0.001000,0.271211,1.000000,-0.662374,15.000000,africa
7,30,-6.153053,70.000000,0.037012,0.050000,-4.963208,4.600000,0.900000,-1.797567,0.900000,0.001000,0.306319,1.000000,-0.614681,15.000000,africa
8,30,-4.251477,70.000000,0.037763,0.050000,-4.953943,4.600000,0.900000,-1.797567,0.900000,0.001000,0.259114,1.000000,-0.648844,15.000000,africa
9,30,-6.120401,70.000000,0.037076,0.050000,-4.958557,4.600000,0.900000,-1.797567,0.900000,0.001000,0.300366,1.000000,-0.645119,15.000000,africa
10,30,-4.987856,70.000000,0.037912,0.050000,-4.946797,4.600000,0.900000,-1.797567,0.900000,0.001000,0.257063,1.000000,-0.549015,15.000000,africa
1,31,-2.871825,70.000000,0.058525,0.050000,-4.666600,4.600000,0.900000,-1.797567,0.900000,0.001000,1.378477,1.000000,-1.418986,15.000000,africa
2,31,-2.975079,70.000000,0.058347,0.050000,-4.671784,4.600000,0.900000,-1.797567,0.900000,0.001000,1.375958,1.000000,-1.481060,15.000000,africa
3,31,-3.204958,70.000000,0.058508,0.050000,-4.667958,4.600000,0.900000,-1.797567,0.900000,0.001000,1.374653,1.000000,-1.439552,15.000000,africa
4,31,-3.075035,70.000000,0.057462,0.050000,-4.680845,4.600000,0.900000,-1.797567,0.900000,0.001000,1.265601,1.000000,-1.339784,15.000000,africa
5,31,-4.150195,70.000000,0.057391,0.050000,-4.683847,4.600000,0.900000,-1.797567,0.900000,0.001000,1.148026,1.000000,-1.231468,15.000000,africa
6,31,-3.468848,70.000000,0.057552,0.050000,-4.680894,4.600000,0.900000,-1.797567,0.900000,0.001000,1.201927,1.000000,-1.245955,15.000000,africa
7,31,-2.691105,70.000000,0.056717,0.050000,-4.689225,4.600000,0.900000,-1.797567,0.900000,0.001000,1.160017,1.000000,-1.219681,15.000000,africa
8,31,-2.915677,70.000000,0.055950,0.050000,-4.699023,4.600000,0.900000,-1.797567,0.900000,0.001000,1.148598,1.000000,-1.120264,15.000000,africa
9,31,-3.453837,70.000000,0.056240,0.050000,-4.695262,4.600000,0.900000,-1.797567,0.900000,0.001000,1.375468,1.000000,-1.409122,15.000000,africa
10,31,-2.348518,70.000000,0.056536,0.050000,-4.689737,4.600000,0.900000,-1.797567,0.900000,0.001000,1.324654,1.000000,-1.346078,15.000000,africa
1,32,-9.758947,70.000000,0.058737,0.050000,-4.656309,4.600000,0.900000,-1.797567,0.900000,0.001000,0.741982,1.000000,-0.500719,15.000000,africa
2,32,-11.432975,70.000000,0.059220,0.050000,-4.659989,4.600000,0.900000,-1.797567,0.900000,0.001000,0.836069,1.000000,-0.540123,15.000000,africa
3,32,-9.079560,70.000000,0.060465,0.050000,-4.650736,4.600000,0.900000,-1.797567,0.900000,0.001000,0.898586,1.000000,-0.584009,15.000000,africa
4,32,-6.409761,70.000000,0.059923,0.050000,-4.654325,4.600000,0.900000,-1.797567,0.900000,0.001000,0.879118,1.000000,-0.361218,15.000000,africa
5,32,-9.134551,70.000000,0.061620,0.050000,-4.627717,4.600000,0.900000,-1.797567,0.900000,0.001000,0.903604,1.000000,-0.725634,15.000000,africa
6,32,-7.466368,70.000000,0.061399,0.050000,-4.637795,4.600000,0.900000,-1.797567,0.900000,0.001000,0.794310,1.000000,-0.035670,15.000000,africa
7,32,-7.172632,70.000000,0.059554,0.050000,-4.649838,4.600000,0.900000,-1.797567,0.900000,0.001000,0.747238,1.000000,-0.485251,15.000000,africa
8,32,-9.308324,70.000000,0.061182,0.050000,-4.639017,4.600000,0.900000,-1.797567,0.900000,0.001000,0.623866,1.000000,-0.355600,15.000000,africa
9,32,-7.774630,70.000000,0.059879,0.050000,-4.657797,4.600000,0.900000,-1.797567,0.900000,0.001000,0.864628,1.000000,-0.516444,15.000000,africa
10,32,-6.823121,70.000000,0.060244,0.050000,-4.647519,4.600000,0.900000,-1.797567,0.900000,0.001000,0.633590,1.000000,-0.405894,15.000000,africa
1,33,-4.740832,70.000000,0.038896,0.050000,-4.933177,4.600000,0.900000,-1.797567,0.900000,0.001000,0.516383,1.000000,-0.410044,15.000000,africa
2,33,-5.858075,70.000000,0.038002,0.050000,-4.946205,4.600000,0.900000,-1.797567,0.900000,0.001000,0.618213,1.000000,-0.497489,15.000000,africa
3,33,-6.804219,70.000000,0.037183,0.050000,-4.961323,4.600000,0.900000,-1.797567,0.900000,0.001000,0.631074,1.000000,-0.605963,15.000000,africa
4,33,-5.935392,70.000000,0.038052,0.050000,-4.949728,4.600000,0.900000,-1.797567,0.900000,0.001000,0.797690,1.000000,-0.718765,15.000000,africa
5,33,-7.693049,70.000000,0.038533,0.050000,-4.951958,4.600000,0.900000,-1.797567,0.900000,0.001000,0.686356,1.000000,-0.660736,15.000000,africa
6,33,-5.296563,70.000000,0.039012,0.050000,-4.933356,4.600000,0.900000,-1.797567,0.900000,0.001000,0.824286,1.000000,-0.775308,15.000000,africa
7,33,-4.145584,70.000000,0.040938,0.050000,-4.899413,4.600000,0.900000,-1.797567,0.900000,0.001000,0.677844,1.000000,-0.588635,15.000000,africa
8,33,-6.137026,70.000000,0.041223,0.050000,-4.896544,4.600000,0.900000,-1.797567,0.900000,0.001000,0.490801,1.000000,-0.381385,15.000000,africa
9,33,-4.937449,70.000000,0.040261,0.050000,-4.910096,4.600000,0.900000,-1.797567,0.900000,0.001000,0.564938,1.000000,-0.393992,15.000000,africa
10,33,-5.760292,70.000000,0.039810,0.050000,-4.915583,4.600000,0.900000,-1.797567,0.900000,0.001000,0.518946,1.000000,-0.442730,15.000000,africa
1,34,-2.401829,70.000000,0.056195,0.050000,-4.697229,4.600000,0.900000,-1.797567,0.900000,0.001000,2.014950,1.000000,-1.777091,15.000000,africa
2,34,-3.706595,70.000000,0.054586,0.050000,-4.710753,4.600000,0.900000,-1.797567,0.900000,0.001000,2.074169,1.000000,-1.855754,15.000000,africa
3,34,-1.748865,70.000000,0.054603,0.050000,-4.706914,4.600000,0.900000,-1.797567,0.900000,0.001000,2.133442,1.000000,-1.876450,15.000000,africa
4,34,-1.996427,70.000000,0.055793,0.050000,-4.695574,4.600000,0.900000,-1.797567,0.900000,0.001000,2.131913,1.000000,-1.884492,15.000000,africa
5,34,-3.732165,70.000000,0.055517,0.050000,-4.702095,4.600000,0.900000,-1.797567,0.900000,0.001000,2.115322,1.000000,-1.912804,15.000000,africa
6,34,-3.558400,70.000000,0.055457,0.050000,-4.708535,4.600000,0.900000,-1.797567,0.900000,0.001000,2.090692,1.000000,-1.884405,15.000000,africa
7,34,-3.879410,70.000000,0.054759,0.050000,-4.719316,4.600000,0.900000,-1.797567,0.900000,0.001000,2.194797,1.000000,-1.980756,15.000000,africa
8,34,-3.630864,70.000000,0.054425,0.050000,-4.713559,4.600000,0.900000,-1.797567,0.900000,0.001000,2.183398,1.000000,-1.980756,15.000000,africa
9,34,-4.392098,70.000000,0.053783,0.050000,-4.723087,4.600000,0.900000,-1.797567,0.900000,0.001000,2.233145,1.000000,-2.022323,15.000000,africa
10,34,-3.351927,70.000000,0.053953,0.050000,-4.716447,4.600000,0.900000,-1.797567,0.900000,0.001000,2.208068,1.000000,-1.972406,15.000000,africa
