rep,id,initT,aS,dS,tau,lBt0,lp,dI,n,V0,eta_initT,eta_aS,eta_dS,eta_tau,eta_lBt0,eta_lp,eta_dI,eta_n,eta_V0
1,1,-10.22775494098800131,1.40972903589135479,0.00014645160886444,0.05000000000000001,-5.26931759062672533,4.59999999999999964,3.64901737436158058,0.02783468091292911,0.02000000000000000,-0.59155071910866752,0.00000000000000000,-1.63925343963877612,0.00000000000000000,-0.67104725311333002,0.00000000000000000,0.43104726470377708,-1.24835229261875691,0.00000000000000000
2,1,-11.27533802882449621,1.40972903589135479,0.00017281761226341,0.05000000000000001,-5.11945426157028471,4.59999999999999964,4.70662414870233636,0.02467895563080485,0.02000000000000000,-1.63913380694516242,0.00000000000000000,-1.47371172461459476,0.00000000000000000,-0.52118392405688940,0.00000000000000000,0.68556025565160161,-1.36868416894495359,0.00000000000000000
1,2,-10.15029370228256411,1.40972903589135479,0.00371223424739868,0.05000000000000001,-3.85388656159132070,4.59999999999999964,4.13234508170535353,0.03193852284568268,0.02000000000000000,-0.51408948040323033,0.00000000000000000,1.59344069874507355,0.00000000000000000,0.74438377592207461,0.00000000000000000,0.55543440807700395,-1.11082215673843221,0.00000000000000000
2,2,-10.43135670342755006,1.40972903589135479,0.00582013774363676,0.05000000000000001,-3.67034631907695852,4.59999999999999964,4.02887118277468748,0.03311737392351580,0.02000000000000000,-0.79515248154821627,0.00000000000000000,2.04313070912554995,0.00000000000000000,0.92792401843643679,0.00000000000000000,0.53007557904966141,-1.07457701404427830,0.00000000000000000
1,3,-7.17203631588272295,1.40972903589135479,0.00648752102013954,0.05000000000000001,-3.66570568877056058,4.59999999999999964,3.94866548565598752,0.02373515642416863,0.02000000000000000,2.46416790599661084,0.00000000000000000,2.15168726895606799,0.00000000000000000,0.93256464874283473,0.00000000000000000,0.50996701595285931,-1.40767770824408567,0.00000000000000000
2,3,-5.73825170475869140,1.40972903589135479,0.00643006050492236,0.05000000000000001,-3.67222922361318194,4.59999999999999964,3.70589812137981545,0.02805136969789760,0.02000000000000000,3.89795251712064239,0.00000000000000000,2.14279072836173512,0.00000000000000000,0.92604111390021338,0.00000000000000000,0.44651498315901472,-1.24059758930770414,0.00000000000000000
1,4,-11.31689698150885981,1.40972903589135479,0.00108116823192293,0.05000000000000001,-4.67966498326680647,4.59999999999999964,1.43587064324375491,0.06205000546227786,0.02000000000000000,-1.68069275962952602,0.00000000000000000,0.35984893311997723,0.00000000000000000,-0.08139464575341115,0.00000000000000000,-0.50163926888086485,-0.44669445098794380,0.00000000000000000
2,4,-12.00166370291306173,1.40972903589135479,0.00160781938926492,0.05000000000000001,-4.56610878553688337,4.59999999999999964,1.01016538479374951,0.06954840387464560,0.02000000000000000,-2.36545948103372794,0.00000000000000000,0.75668562471024536,0.00000000000000000,0.03216155197651194,0.00000000000000000,-0.85329658937417241,-0.33261208188484126,0.00000000000000000
1,5,-11.81106336994570150,1.40972903589135479,0.00020366350585313,0.05000000000000001,-5.09624246238610112,4.59999999999999964,3.65095696904493261,0.03014665795207835,0.02000000000000000,-2.17485914806636771,0.00000000000000000,-1.30947934777107999,0.00000000000000000,-0.49797212487270581,0.00000000000000000,0.43157866238759124,-1.16856098100023331,0.00000000000000000
2,5,-13.61391055457669985,1.40972903589135479,0.00023835165900797,0.05000000000000001,-5.11289484331708000,4.59999999999999964,3.06502465826479042,0.03080085218999105,0.02000000000000000,-3.97770633269736607,0.00000000000000000,-1.15220135659891820,0.00000000000000000,-0.51462450580368468,0.00000000000000000,0.25664496032391915,-1.14709269256585422,0.00000000000000000
1,6,-7.81819009266386189,1.40972903589135479,0.00134262614709565,0.05000000000000001,-4.53160402855001809,4.59999999999999964,2.17674312234858958,0.05490649459876106,0.02000000000000000,1.81801412921547190,0.00000000000000000,0.57643428767429761,0.00000000000000000,0.06666630896337722,0.00000000000000000,-0.08558087501753442,-0.56900341044768732,0.00000000000000000
2,6,-5.91980579403222595,1.40972903589135479,0.00035675888126453,0.05000000000000001,-4.90850834374362943,4.59999999999999964,3.57403531852841017,0.03996049201100156,0.02000000000000000,3.71639842784710783,0.00000000000000000,-0.74888834763923384,0.00000000000000000,-0.31023800623023412,0.00000000000000000,0.41028464461851599,-0.88674378437663970,0.00000000000000000
1,7,-10.43409277985668027,1.40972903589135479,0.00110034489360884,0.05000000000000001,-4.40628033263058416,4.59999999999999964,3.52650729376901984,0.05741336180742732,0.02000000000000000,-0.79788855797734648,0.00000000000000000,0.37743045067617409,0.00000000000000000,0.19199000488281115,0.00000000000000000,0.39689729179541788,-0.52435799033179276,0.00000000000000000
2,7,-5.08449492616825793,1.40972903589135479,0.00029833442070179,0.05000000000000001,-4.75887839403454116,4.59999999999999964,3.65548355413286385,0.08870654495912313,0.02000000000000000,4.55170929571107585,0.00000000000000000,-0.92773342420084770,0.00000000000000000,-0.16060805652114585,0.00000000000000000,0.43281772966055576,-0.08930137648669501,0.00000000000000000
1,8,-6.84452264199012284,1.40972903589135479,0.00014076136317125,0.05000000000000001,-5.44104455070543036,4.59999999999999964,1.97604679182583554,0.06158981246547093,0.02000000000000000,2.79168157988921095,0.00000000000000000,-1.67888250183970644,0.00000000000000000,-0.84277421319203505,0.00000000000000000,-0.18231237502364439,-0.45413857586050899,0.00000000000000000
2,8,-9.65770128388044746,1.40972903589135479,0.00050250353934379,0.05000000000000001,-5.12507857234973763,4.59999999999999964,0.77023119124562700,0.08216223676402341,0.02000000000000000,-0.02149706200111368,0.00000000000000000,-0.40634581523274615,0.00000000000000000,-0.52680823483634232,0.00000000000000000,-1.12447521497174052,-0.16593926093000944,0.00000000000000000
1,9,-14.49008935503938567,1.40972903589135479,0.00081065701568129,0.05000000000000001,-4.94314919672344466,4.59999999999999964,0.81008630622879374,0.10577592095826327,0.02000000000000000,-4.85388513316005188,0.00000000000000000,0.07189655073726531,0.00000000000000000,-0.34487885921004935,0.00000000000000000,-1.07402514023480644,0.08668785266625489,0.00000000000000000
2,9,-12.56754290091600978,1.40972903589135479,0.00068935891848088,0.05000000000000001,-4.97589258457495909,4.59999999999999964,0.58955123709488499,0.14759783916078456,0.02000000000000000,-2.93133867903667600,0.00000000000000000,-0.09018643655532887,0.00000000000000000,-0.37762224706156378,0.00000000000000000,-1.39180430073296746,0.41985622155830593,0.00000000000000000
1,10,-8.18132579076658217,1.40972903589135479,0.00040553543319612,0.05000000000000001,-5.21632726130635493,4.59999999999999964,0.93481130763268527,0.17461120410275366,0.02000000000000000,1.45487843111275161,0.00000000000000000,-0.62074024737874467,0.00000000000000000,-0.61805692379295962,0.00000000000000000,-0.93082123422110574,0.58792676079673201,0.00000000000000000
2,10,-9.08817053443924294,1.40972903589135479,0.00046169625422970,0.05000000000000001,-5.20456635919879940,4.59999999999999964,0.56373816213606764,0.17787999762936693,0.02000000000000000,0.54803368744009084,0.00000000000000000,-0.49104128212747788,0.00000000000000000,-0.60629602168540409,0.00000000000000000,-1.43657604095673563,0.60647410164652782,0.00000000000000000
1,11,-4.41377283880378180,1.40972903589135479,0.00165638073832956,0.05000000000000001,-4.01380790069046345,4.59999999999999964,7.16727234499497534,0.03120455470523058,0.02000000000000000,5.22243138307555199,0.00000000000000000,0.78644172435773640,0.00000000000000000,0.58446243682293186,0.00000000000000000,1.10611450200682104,-1.13407098236602533,0.00000000000000000
2,11,-5.48364508738853740,1.40972903589135479,0.00259806896158370,0.05000000000000001,-4.10739730584917684,4.59999999999999964,3.15060957426115262,0.04818477806174902,0.02000000000000000,4.15255913449079639,0.00000000000000000,1.23657524237143068,0.00000000000000000,0.49087303166421847,0.00000000000000000,0.28418529561151162,-0.69959188733759570,0.00000000000000000
1,12,-11.61856486656499321,1.40972903589135479,0.00201810262616783,0.05000000000000001,-4.42723465061473842,4.59999999999999964,1.78199455391293848,0.07329978439909567,0.02000000000000000,-1.98236064468565942,0.00000000000000000,0.98396455639449965,0.00000000000000000,0.17103568689865689,0.00000000000000000,-0.28567738126438669,-0.28007738312984864,0.00000000000000000
2,12,-13.78545547744025868,1.40972903589135479,0.00294424792625277,0.05000000000000001,-4.39164214065526082,4.59999999999999964,1.14392635711904012,0.07519973841715272,0.02000000000000000,-4.14925125556092489,0.00000000000000000,1.36166019177197661,0.00000000000000000,0.20662819685813449,0.00000000000000000,-0.72894413640488132,-0.25448729821438532,0.00000000000000000
1,13,-9.51746123122140020,1.40972903589135479,0.00016099279684283,0.05000000000000001,-5.42671473521553516,4.59999999999999964,1.24907112807103138,0.12642674614354757,0.02000000000000000,0.11874299065793359,0.00000000000000000,-1.54458887473446449,0.00000000000000000,-0.82844439770213985,0.00000000000000000,-0.64101047660555410,0.26502800789690317,0.00000000000000000
2,13,-9.56046215591901394,1.40972903589135479,0.00017068867571932,0.05000000000000001,-5.48159783945877521,4.59999999999999964,0.75928187185094986,0.14076652081100524,0.02000000000000000,0.07574206596031985,0.00000000000000000,-1.48610721126166734,0.00000000000000000,-0.88332750194537990,0.00000000000000000,-1.13879285200837344,0.37246758645044409,0.00000000000000000
1,14,-7.14288000394762879,1.40972903589135479,0.00648774492771588,0.05000000000000001,-3.98063267253426778,4.59999999999999964,1.38369225875063817,0.07982765179722308,0.02000000000000000,2.49332421793170500,0.00000000000000000,2.15172178194058183,0.00000000000000000,0.61763766497912753,0.00000000000000000,-0.53865517806617325,-0.19476509248541829,0.00000000000000000
2,14,-8.05279590154458802,1.40972903589135479,0.00260816655596109,0.05000000000000001,-4.26910080172622752,4.59999999999999964,1.87677909187586400,0.05151422316539769,0.02000000000000000,1.58340832033474577,0.00000000000000000,1.24045428587796369,0.00000000000000000,0.32916953578716779,0.00000000000000000,-0.23385359559258156,-0.63277710316035707,0.00000000000000000
1,15,-9.11585360810708778,1.40972903589135479,0.00138713451220281,0.05000000000000001,-4.61210897625037397,4.59999999999999964,1.43381047974263365,0.15719128521378914,0.02000000000000000,0.52035061377224601,0.00000000000000000,0.60904689768084896,0.00000000000000000,-0.01383863873697866,0.00000000000000000,-0.50307508266417933,0.48282839021825152,0.00000000000000000
2,15,-7.39079775286637197,1.40972903589135479,0.00102355691653534,0.05000000000000001,-4.69020140946040165,4.59999999999999964,1.85707297240004032,0.23272202681748946,0.02000000000000000,2.24540646901296181,0.00000000000000000,0.30509051465099191,0.00000000000000000,-0.09193107194700634,0.00000000000000000,-0.24440907669069944,0.87520967273376526,0.00000000000000000
1,16,-7.81391275668799246,1.40972903589135479,0.00068686761387640,0.05000000000000001,-4.74240879672535787,4.59999999999999964,2.28827425994226363,0.05675859266305209,0.02000000000000000,1.82229146519134133,0.00000000000000000,-0.09380692673951341,0.00000000000000000,-0.14413845921196256,0.00000000000000000,-0.03561271895301665,-0.53582799320423868,0.00000000000000000
2,16,-10.55563993789432686,1.40972903589135479,0.00109950528839737,0.05000000000000001,-4.62224588835924077,4.59999999999999964,2.03951412249077624,0.05461610575988474,0.02000000000000000,-0.91943571601499308,0.00000000000000000,0.37666712119210022,0.00000000000000000,-0.02397555084584546,0.00000000000000000,-0.15069904990447902,-0.57430623412794057,0.00000000000000000
1,17,-7.55408271767980644,1.40972903589135479,0.00098020059860535,0.05000000000000001,-4.74670356495954504,4.59999999999999964,1.34486383108114871,0.08958349680649995,0.02000000000000000,2.08212150419952735,0.00000000000000000,0.26180874456100511,0.00000000000000000,-0.14843322744614973,0.00000000000000000,-0.56711788704601152,-0.07946393507997840,0.00000000000000000
2,17,-6.87035597230752604,1.40972903589135479,0.00106169691654223,0.05000000000000001,-4.64071604586865849,4.59999999999999964,1.84145221681706261,0.09375209933893537,0.02000000000000000,2.76584824957180775,0.00000000000000000,0.34167527313926360,0.00000000000000000,-0.04244570835526318,0.00000000000000000,-0.25285614554435365,-0.03398099312037406,0.00000000000000000
1,18,-7.09097110301648836,1.40972903589135479,0.00030512244513955,0.05000000000000001,-5.17787931598081297,4.59999999999999964,1.04165591105245370,0.24407699742180261,0.02000000000000000,2.54523311886284542,0.00000000000000000,-0.90523534309336551,0.00000000000000000,-0.57960897846741766,0.00000000000000000,-0.82259898506545182,0.92284868804889530,0.00000000000000000
2,18,-9.17195337332901595,1.40972903589135479,0.00031526201966373,0.05000000000000001,-5.21834053974502421,4.59999999999999964,1.12398777719264742,0.14347501733877421,0.02000000000000000,0.46425084855031784,0.00000000000000000,-0.87254439709042320,0.00000000000000000,-0.62007020223162890,0.00000000000000000,-0.74652777711414819,0.39152587417434770,0.00000000000000000
1,19,-7.21987790002726904,1.40972903589135479,0.00139613998319891,0.05000000000000001,-4.56257495498425847,4.59999999999999964,1.85001871156901854,0.08227199787585347,0.02000000000000000,2.41632632185206475,0.00000000000000000,0.61551805418154348,0.00000000000000000,0.03569538252913684,0.00000000000000000,-0.24821490074204000,-0.16460424540392493,0.00000000000000000
2,19,-7.13673824904272713,1.40972903589135479,0.00240365754928602,0.05000000000000001,-4.33128122848221331,4.59999999999999964,1.84878153202260553,0.10159180536466636,0.02000000000000000,2.49946597283660665,0.00000000000000000,1.15879833651647868,0.00000000000000000,0.26698910903118200,0.00000000000000000,-0.24888386338455859,0.04632782536311986,0.00000000000000000
1,20,-5.35738775624962305,1.40972903589135479,0.00199979889320621,0.05000000000000001,-4.00427508766629003,4.59999999999999964,5.44710847139125587,0.02546965817081027,0.02000000000000000,4.27881646562971074,0.00000000000000000,0.97485340247794827,0.00000000000000000,0.59399524984710528,0.00000000000000000,0.83167425802988948,-1.33714718262302013,0.00000000000000000
2,20,-6.34465476717842503,1.40972903589135479,0.00373707669016962,0.05000000000000001,-3.87844227037888523,4.59999999999999964,3.88868100108944148,0.02944904208828897,0.02000000000000000,3.29154945470090876,0.00000000000000000,1.60011045251783290,0.00000000000000000,0.71982806713451009,0.00000000000000000,0.49465937171885499,-1.19197366781367675,0.00000000000000000
1,21,-5.44572518884617285,1.40972903589135479,0.00187321154388593,0.05000000000000001,-4.41016952214859881,4.59999999999999964,1.72218313551264202,0.11599897102921650,0.02000000000000000,4.19047903303316094,0.00000000000000000,0.90946114133430367,0.00000000000000000,0.18810081536479650,0.00000000000000000,-0.31981790332010918,0.17894626996041341,0.00000000000000000
2,21,-8.10878869979601724,1.40972903589135479,0.00283067430626800,0.05000000000000001,-4.34343578349400694,4.59999999999999964,1.34200350992887829,0.11591194869178420,0.02000000000000000,1.52741552208331655,0.00000000000000000,1.32232173440998491,0.00000000000000000,0.25483455401938837,0.00000000000000000,-0.56924700015042751,0.17819578920149626,0.00000000000000000
1,22,-10.83163431207933769,1.40972903589135479,0.00145488764938855,0.05000000000000001,-4.33745176842287616,4.59999999999999964,2.89452775897255998,0.10188847373942370,0.02000000000000000,-1.19543009020000390,0.00000000000000000,0.65673546109771852,0.00000000000000000,0.26081856909051915,0.00000000000000000,0.19941132059608546,0.04924376971184152,0.00000000000000000
2,22,-9.96731444313988746,1.40972903589135479,0.00082294877569824,0.05000000000000001,-4.57764362779097755,4.59999999999999964,2.65434013821004156,0.08062793998682266,0.02000000000000000,-0.33111022126055367,0.00000000000000000,0.08694545917872709,0.00000000000000000,0.02062670972241776,0.00000000000000000,0.11278543414696907,-0.18478981126487426,0.00000000000000000
1,23,-9.45010709223315004,1.40972903589135479,0.00157071600649425,0.05000000000000001,-4.54752236930179254,4.59999999999999964,1.82602953501496112,0.10104147695791647,0.02000000000000000,0.18609712964618375,0.00000000000000000,0.73333835086131050,0.00000000000000000,0.05074796821160277,0.00000000000000000,-0.26126669739379915,0.04089604482315679,0.00000000000000000
2,23,-8.26058129422457732,1.40972903589135479,0.00159255153348065,0.05000000000000001,-4.59847487323158610,4.59999999999999964,1.15276154902198336,0.12328335910206144,0.02000000000000000,1.37562292765475647,0.00000000000000000,0.74714424842477190,0.00000000000000000,-0.00020453571819079,0.00000000000000000,-0.72125024341814181,0.23985038771729661,0.00000000000000000
1,24,-8.98390538535242023,1.40972903589135479,0.00015500926307339,0.05000000000000001,-5.51574295999163144,4.59999999999999964,1.20589095125668511,0.11475032694150279,0.02000000000000000,0.65229883652691356,0.00000000000000000,-1.58246362171402755,0.00000000000000000,-0.91747262247823613,0.00000000000000000,-0.67619198176960760,0.16812364743119890,0.00000000000000000
2,24,-9.37356334333916763,1.40972903589135479,0.00012479521462319,0.05000000000000001,-5.62706113834173660,4.59999999999999964,1.12502146552610038,0.10772603161570436,0.02000000000000000,0.26264087854016616,0.00000000000000000,-1.79927438777670634,0.00000000000000000,-1.02879080082834129,0.00000000000000000,-0.74560853820075679,0.10495620916879611,0.00000000000000000
1,25,-8.90747461349987191,1.40972903589135479,0.00075851120160631,0.05000000000000001,-4.96586534156026449,4.59999999999999964,1.36041184327690790,0.12161642706747379,0.02000000000000000,0.72872960837946188,0.00000000000000000,0.00540906817137277,0.00000000000000000,-0.36759500404686918,0.00000000000000000,-0.55562317429841179,0.22623700075468678,0.00000000000000000
2,25,-7.86746210918889677,1.40972903589135479,0.00067253289718648,0.05000000000000001,-4.96910148816779440,4.59999999999999964,1.65960160889744879,0.17961139382787827,0.02000000000000000,1.76874211269043702,0.00000000000000000,-0.11489747058242727,0.00000000000000000,-0.37083115065439909,0.00000000000000000,-0.35683307521771668,0.61616054320864033,0.00000000000000000
1,26,-11.41674673134851936,1.40972903589135479,0.00257998175105550,0.05000000000000001,-4.28590514436614978,4.59999999999999964,1.07616406781964113,0.16156006744530627,0.02000000000000000,-1.78054250946918557,0.00000000000000000,1.22958910604493799,0.00000000000000000,0.31236519314724553,0.00000000000000000,-0.79000772464067903,0.51024195748920609,0.00000000000000000
2,26,-13.18679541951894763,1.40972903589135479,0.00353687758810038,0.05000000000000001,-4.09579639952154029,4.59999999999999964,1.72891085383233212,0.16460105061384281,0.02000000000000000,-3.55059119763961384,0.00000000000000000,1.54505108103287991,0.00000000000000000,0.50247393799185502,0.00000000000000000,-0.31591900815062868,0.52888962038393017,0.00000000000000000
1,27,-9.01227754978392070,1.40972903589135479,0.00045512607237236,0.05000000000000001,-4.45101251170319578,4.59999999999999964,7.81243574758947457,0.12282180542915802,0.02000000000000000,0.62392667209541308,0.00000000000000000,-0.50537403590356966,0.00000000000000000,0.14725782581019953,0.00000000000000000,1.19230613657739748,0.23609951792212902,0.00000000000000000
2,27,-8.47235812383697784,1.40972903589135479,0.00079114871596830,0.05000000000000001,-4.33061816383513509,4.59999999999999964,4.95780030627882784,0.12945134174794465,0.02000000000000000,1.16384609804235595,0.00000000000000000,0.04753746155827088,0.00000000000000000,0.26765217367826022,0.00000000000000000,0.73755150158746430,0.28867002046492685,0.00000000000000000
1,28,-7.79845447392350000,1.40972903589135479,0.00155780209721430,0.05000000000000001,-4.59985152191974755,4.59999999999999964,1.53981124984600481,0.19901134617186456,0.02000000000000000,1.83774974795583379,0.00000000000000000,0.72508269614025522,0.00000000000000000,-0.00158118440635224,0.00000000000000000,-0.43175081026398709,0.71872678836934356,0.00000000000000000
2,28,-7.17346196256687829,1.40972903589135479,0.00056988093369130,0.05000000000000001,-4.98306665941675053,4.59999999999999964,1.37908729511202721,0.11849800856036563,0.02000000000000000,2.46274225931245550,0.00000000000000000,-0.28052104786388110,0.00000000000000000,-0.38479632190335522,0.00000000000000000,-0.54198875413571401,0.20026110436739541,0.00000000000000000
1,29,-5.81202548324477064,1.40972903589135479,0.00027297844045712,0.05000000000000001,-5.14751869330514111,4.59999999999999964,2.18916784259865693,0.05326006386121340,0.02000000000000000,3.82417873863456315,0.00000000000000000,-1.01655567922950052,0.00000000000000000,-0.54924835579174580,0.00000000000000000,-0.07988916307380600,-0.59944827123731237,0.00000000000000000
2,29,-4.67181885403887875,1.40972903589135479,0.00020233445313460,0.05000000000000001,-5.30809843795133052,4.59999999999999964,1.55510420891511636,0.07383709596472343,0.02000000000000000,4.96438536784045503,0.00000000000000000,-1.31602646179741978,0.00000000000000000,-0.70982810043793521,0.00000000000000000,-0.42186809537749209,-0.27277379000271873,0.00000000000000000
1,30,-11.00886748766718348,1.40972903589135479,0.00023059912230685,0.05000000000000001,-5.28734158542359456,4.59999999999999964,1.01259888159483058,0.09470399161616753,0.02000000000000000,-1.37266326578784970,0.00000000000000000,-1.18526769691185496,0.00000000000000000,-0.68907124791019925,0.00000000000000000,-0.85089047807830642,-0.02387890124715319,0.00000000000000000
2,30,-10.20095760789195083,1.40972903589135479,0.00018737457142871,0.05000000000000001,-5.37971215081786447,4.59999999999999964,0.59474296532890536,0.13170007373425011,0.02000000000000000,-0.56475338601261704,0.00000000000000000,-1.39283882942961323,0.00000000000000000,-0.78144181330446916,0.00000000000000000,-1.38303661195813099,0.30589211794548365,0.00000000000000000
1,31,-12.55643373265670526,1.40972903589135479,0.00427547458245146,0.05000000000000001,-3.97081187548428582,4.59999999999999964,3.84614018116611334,0.14901702781949910,0.02000000000000000,-2.92022951077737147,0.00000000000000000,1.73470189003685604,0.00000000000000000,0.62745846202910949,0.00000000000000000,0.48365944092073199,0.42942552941488055,0.00000000000000000
2,31,-10.28698326251674722,1.40972903589135479,0.00214583815925774,0.05000000000000001,-3.88221240477406004,4.59999999999999964,5.02180838091814508,0.14471606108912294,0.02000000000000000,-0.65077904063741343,0.00000000000000000,1.04533700666442808,0.00000000000000000,0.71605793273933527,0.00000000000000000,0.75037944993440409,0.40013857258736296,0.00000000000000000
1,32,-8.61458012736409451,1.40972903589135479,0.00018136578547340,0.05000000000000001,-4.51037889100716782,4.59999999999999964,13.99662810125676771,0.03853354064637064,0.02000000000000000,1.02162409451523928,0.00000000000000000,-1.42543259242801224,0.00000000000000000,0.08789144650622749,0.00000000000000000,1.77540579655327480,-0.92310600301700108,0.00000000000000000
2,32,-15.69483507354506457,1.40972903589135479,0.00008094454137659,0.05000000000000001,-5.18665049731035666,4.59999999999999964,5.49448852862690540,0.04388036264242728,0.02000000000000000,-6.05863085166573079,0.00000000000000000,-2.23218425279857957,0.00000000000000000,-0.58838015979696134,0.00000000000000000,0.84033484996791596,-0.79316815088328596,0.00000000000000000
1,33,-9.93526394486970332,1.40972903589135479,0.00015026977469805,0.05000000000000001,-4.32672978658631813,4.59999999999999964,3.19870913227987774,0.30870667169953764,0.02000000000000000,-0.29905972299036954,0.00000000000000000,-1.61351632188912308,0.00000000000000000,0.27154055092707718,0.00000000000000000,0.29933667811426745,1.15775649284915283,0.00000000000000000
2,33,-11.13360398962800168,1.40972903589135479,0.00027261373804537,0.05000000000000001,-4.58626024149067657,4.59999999999999964,2.53814936849804340,0.20861431948648523,0.02000000000000000,-1.49739976774866790,0.00000000000000000,-1.01789258426749729,0.00000000000000000,0.01201009602271874,0.00000000000000000,0.06802456625378883,0.76585213521051942,0.00000000000000000
1,34,-8.95747817765653487,1.40972903589135479,0.00061723173630777,0.05000000000000001,-4.80256209834374026,4.59999999999999964,1.81290033243314697,0.12411032841463336,0.02000000000000000,0.67872604422279892,0.00000000000000000,-0.20070395963267806,0.00000000000000000,-0.20429176083034495,0.00000000000000000,-0.26848269771836331,0.24653586462681876,0.00000000000000000
2,34,-10.95509458743644515,1.40972903589135479,0.00112378053856233,0.05000000000000001,-4.64253501442442573,4.59999999999999964,1.68850047109634960,0.27349169873440382,0.02000000000000000,-1.31889036555711137,0.00000000000000000,0.39850526238900397,0.00000000000000000,-0.04426467691103042,0.00000000000000000,-0.33956981429643673,1.03663621875599987,0.00000000000000000
1,35,-12.86015018269616839,1.40972903589135479,0.00033874310432457,0.05000000000000001,-4.91037881245902152,4.59999999999999964,3.44028941640932784,0.05132111648600299,0.02000000000000000,-3.22394596081683460,0.00000000000000000,-0.80070648286212442,0.00000000000000000,-0.31210847494562621,0.00000000000000000,0.37214494638072670,-0.63653275577995050,0.00000000000000000
2,35,-13.41535168095658648,1.40972903589135479,0.00032083872582889,0.05000000000000001,-4.77840238429892938,4.59999999999999964,5.60983832583388242,0.03719381049939210,0.02000000000000000,-3.77914745907725269,0.00000000000000000,-0.85500991348047517,0.00000000000000000,-0.18013204678553407,0.00000000000000000,0.86111124605213485,-0.95849268765808660,0.00000000000000000
1,36,-14.19885725886842920,1.40972903589135479,0.00084416499037673,0.05000000000000001,-3.82996961024327831,4.59999999999999964,2.92328807437489502,0.14833809895650737,0.02000000000000000,-4.56265303698909541,0.00000000000000000,0.11239946310795812,0.00000000000000000,0.76830072727011700,0.00000000000000000,0.20929838148356050,0.42485907010990309,0.00000000000000000
2,36,-14.25572904812157660,1.40972903589135479,0.00016807302482648,0.05000000000000001,-3.98894157949016703,4.59999999999999964,3.78546654162231677,0.22051518240682655,0.02000000000000000,-4.61952482624224281,0.00000000000000000,-1.50154994206426107,0.00000000000000000,0.60932875802322828,0.00000000000000000,0.46775848581708313,0.82133149630044988,0.00000000000000000
1,37,-9.75347408951180128,1.40972903589135479,0.00088235674711236,0.05000000000000001,-4.46468947049727838,4.59999999999999964,2.71318076552169929,0.07504899780690596,0.02000000000000000,-0.11726986763246749,0.00000000000000000,0.15664795080142380,0.00000000000000000,0.13358086701611693,0.00000000000000000,0.13471100669947211,-0.25649384635064898,0.00000000000000000
2,37,-8.85358218837158262,1.40972903589135479,0.00041552824062522,0.05000000000000001,-4.22422340378009764,4.59999999999999964,0.53414810851581085,0.07919042677699678,0.02000000000000000,0.78262203350775117,0.00000000000000000,-0.59639791881520843,0.00000000000000000,0.37404693373329767,0.00000000000000000,-1.49049277584979478,-0.20277963318211212,0.00000000000000000
1,38,-8.67401249848310840,1.40972903589135479,0.00049110898004684,0.05000000000000001,-4.44693000592397247,4.59999999999999964,1.47960675742560732,0.15041342936509877,0.02000000000000000,0.96219172339622538,0.00000000000000000,-0.42928244015643990,0.00000000000000000,0.15134033158942284,0.00000000000000000,-0.47163430611456825,0.43875264785206447,0.00000000000000000
2,38,-11.29466745216574530,1.40972903589135479,0.00141201620770000,0.05000000000000001,-4.21252101407156498,4.59999999999999964,2.19364547215497430,0.08332744951483015,0.02000000000000000,-1.65846323028641152,0.00000000000000000,0.62682539791698133,0.00000000000000000,0.38574932344183033,0.00000000000000000,-0.07784589506644402,-0.15185702978942972,0.00000000000000000
1,39,-8.67294427267842849,1.40972903589135479,0.00025131876990542,0.05000000000000001,-4.35661390594238718,4.59999999999999964,5.76916624952126433,0.19953620716970341,0.02000000000000000,0.96325994920090530,0.00000000000000000,-1.09922636562380927,0.00000000000000000,0.24165643157100813,0.00000000000000000,0.88911691845316931,0.72136065876630640,0.00000000000000000
2,39,-11.07953068536765073,1.40972903589135479,0.00043152014513687,0.05000000000000001,-4.37997497217808984,4.59999999999999964,1.81663280750895173,0.26809977448988187,0.02000000000000000,-1.44332646348831695,0.00000000000000000,-0.55863430288136762,0.00000000000000000,0.21829536533530547,0.00000000000000000,-0.26642597237787025,1.01672415343093414,0.00000000000000000
1,40,-9.08162750182971479,1.40972903589135479,0.00060881715099697,0.05000000000000001,-4.43772914878024061,4.59999999999999964,3.49586948107734274,0.16672391432144598,0.02000000000000000,0.55457672004961900,0.00000000000000000,-0.21443052065232493,0.00000000000000000,0.16054118873315470,0.00000000000000000,0.38817146916566503,0.54170418603615156,0.00000000000000000
2,40,-13.28851928894707513,1.40972903589135479,0.00041940457280374,0.05000000000000001,-4.62448112375903175,4.59999999999999964,2.22292932821981637,0.20388099939161877,0.02000000000000000,-3.65231506706774134,0.00000000000000000,-0.58711247699906099,0.00000000000000000,-0.02621078624563644,0.00000000000000000,-0.06458481084021761,0.74290143665297870,0.00000000000000000
1,41,-10.59995172736866387,1.40972903589135479,0.00037754185445981,0.05000000000000001,-5.04335526455734229,4.59999999999999964,3.15620467608172905,0.14377985850487771,0.02000000000000000,-0.96374750548933008,0.00000000000000000,-0.69226706332704691,0.00000000000000000,-0.44508492704394698,0.00000000000000000,0.28595959974235741,0.39364831877790629,0.00000000000000000
2,41,-10.72698410580672856,1.40972903589135479,0.00046201037819399,0.05000000000000001,-4.91438699858097205,4.59999999999999964,3.08949061735144825,0.14799513031233014,0.02000000000000000,-1.09077988392739478,0.00000000000000000,-0.49036114415862642,0.00000000000000000,-0.31611666106757674,0.00000000000000000,0.26459557442427295,0.42254431925890334,0.00000000000000000
1,42,-8.18721805330065955,1.40972903589135479,0.00199164513282092,0.05000000000000001,-4.18325262961124444,4.59999999999999964,5.59196488317043539,0.15728046503502408,0.02000000000000000,1.44898616857867424,0.00000000000000000,0.97076777748898468,0.00000000000000000,0.41501770790215087,0.00000000000000000,0.85792007093542244,0.48339556245903315,0.00000000000000000
2,42,-7.85233813496883748,1.40972903589135479,0.00024717453085462,0.05000000000000001,-3.78605898130328899,4.59999999999999964,14.09741241159837166,0.28002163710557321,0.02000000000000000,1.78386608691049631,0.00000000000000000,-1.11585380885928220,0.00000000000000000,0.81221135621010632,0.00000000000000000,1.78258060949216213,1.06023182489188872,0.00000000000000000
1,43,-11.29552874321779754,1.40972903589135479,0.00024938091255335,0.05000000000000001,-4.55173745666592300,4.59999999999999964,6.65839069765432257,0.08031930887655796,0.02000000000000000,-1.65932452133846375,0.00000000000000000,-1.10696700176124185,0.00000000000000000,0.04653288084747231,0.00000000000000000,1.03246716422178109,-0.18862499938694821,0.00000000000000000
2,43,-7.80224740886553025,1.40972903589135479,0.00025427402566814,0.05000000000000001,-4.21709300557270339,4.59999999999999964,7.80578264600270888,0.14798326588027716,0.02000000000000000,1.83395681301380353,0.00000000000000000,-1.08753597191068341,0.00000000000000000,0.38117733194069192,0.00000000000000000,1.19145416974974405,0.42246414832607870,0.00000000000000000
1,44,-10.63657486472279423,1.40972903589135479,0.00040681501164957,0.05000000000000001,-4.30753921732646106,4.59999999999999964,17.36188722409465157,0.10883778679794515,0.02000000000000000,-1.00037064284346044,0.00000000000000000,-0.61758993332441392,0.00000000000000000,0.29073112018693426,0.00000000000000000,1.99086676024618936,0.11522352858472917,0.00000000000000000
2,44,-6.69961823317727312,1.40972903589135479,0.00039726328980897,0.05000000000000001,-4.59617601289575184,4.59999999999999964,7.35723534409558777,0.08523330854877684,0.02000000000000000,2.93658598870206067,0.00000000000000000,-0.64134923923190268,0.00000000000000000,0.00209432461764347,0.00000000000000000,1.13227357543472573,-0.12924274782461564,0.00000000000000000
1,45,-12.77593154522790009,1.40972903589135479,0.00046585689725547,0.05000000000000001,-4.56360677881235421,4.59999999999999964,1.04821593330618335,0.24973739769585773,0.02000000000000000,-3.13972732334856630,0.00000000000000000,-0.48206999908138304,0.00000000000000000,0.03466355870104110,0.00000000000000000,-0.81632104623680513,0.94577490591046542,0.00000000000000000
2,45,-9.34243645662315636,1.40972903589135479,0.00033265265400143,0.05000000000000001,-4.18582737828180385,4.59999999999999964,2.12256717342385892,0.36073380092088292,0.02000000000000000,0.29376776525617743,0.00000000000000000,-0.81884963409541900,0.00000000000000000,0.41244295923159147,0.00000000000000000,-0.11078436718395035,1.31350524208473396,0.00000000000000000
1,46,-7.66132477090327413,1.40972903589135479,0.00015048247776287,0.05000000000000001,-4.34676234897244385,4.59999999999999964,5.16900982204441384,0.16289480970109532,0.02000000000000000,1.97487945097605966,0.00000000000000000,-1.61210184802539391,0.00000000000000000,0.25150798854095147,0.00000000000000000,0.77927049225204881,0.51846960255985031,0.00000000000000000
2,46,-12.39598619628997334,1.40972903589135479,0.00032554699140145,0.05000000000000001,-5.16712832935179645,4.59999999999999964,5.48601983219264255,0.11666027478096866,0.02000000000000000,-2.75978197441063955,0.00000000000000000,-0.84044168055794177,0.00000000000000000,-0.56885799183840113,0.00000000000000000,0.83879235342128822,0.18463102605393766,0.00000000000000000
1,47,-7.39465444706442643,1.40972903589135479,0.00142435263150865,0.05000000000000001,-4.55004146309032187,4.59999999999999964,2.61337661947750366,0.11571207349981612,0.02000000000000000,2.24154977481490736,0.00000000000000000,0.63552419719056896,0.00000000000000000,0.04822887442307344,0.00000000000000000,0.09723245498985233,0.17646992985677823,0.00000000000000000
2,47,-11.41506011032454637,1.40972903589135479,0.00166004348793087,0.05000000000000001,-4.61896605056396226,4.59999999999999964,1.85283356169912672,0.10450490190808433,0.02000000000000000,-1.77885588844521259,0.00000000000000000,0.78865057994475141,0.00000000000000000,-0.02069571305056694,0.00000000000000000,-0.24669453186713519,0.07459892784722344,0.00000000000000000
1,48,-9.06570977189009852,1.40972903589135479,0.00031085829070827,0.05000000000000001,-4.92942054342840841,4.59999999999999964,3.63319458119090077,0.04808607810818124,0.02000000000000000,0.57049444998923526,0.00000000000000000,-0.88661134716191814,0.00000000000000000,-0.33115020591501310,0.00000000000000000,0.42670165703197260,-0.70164235187225765,0.00000000000000000
2,48,-12.85304365936289983,1.40972903589135479,0.00080108121431884,0.05000000000000001,-4.66663127424612600,4.59999999999999964,2.85927393049475720,0.06895598205937506,0.02000000000000000,-3.21683943748356604,0.00000000000000000,0.06001383447682063,0.00000000000000000,-0.06836093673273069,0.00000000000000000,0.18715706800206799,-0.34116669081108730,0.00000000000000000
1,49,-12.31118360508332010,1.40972903589135479,0.00137830923507439,0.05000000000000001,-4.21408913118313766,4.59999999999999964,7.15472434755504150,0.14082481796729493,0.02000000000000000,-2.67497938320398632,0.00000000000000000,0.60266433640346850,0.00000000000000000,0.38418120633025765,0.00000000000000000,1.10436223227516739,0.37288164149471847,0.00000000000000000
2,49,-12.13308273853035324,1.40972903589135479,0.00412723325986839,0.05000000000000001,-3.89555969544339309,4.59999999999999964,3.50786677462539886,0.15787129707961159,0.02000000000000000,-2.49687851665101945,0.00000000000000000,1.69941404998698520,0.00000000000000000,0.70271064207000222,0.00000000000000000,0.39159744205918412,0.48714507496579640,0.00000000000000000
