rep,id_var,initT_simulated,aS_simulated,dS_simulated,lBt0_simulated,lk_simulated,lae_simulated,lw_simulated,dE_simulated,eta_initT_simulated,eta_aS_simulated,eta_dS_simulated,eta_lBt0_simulated,eta_lk_simulated,eta_lae_simulated,eta_lw_simulated,eta_dE_simulated,data,split,color,filter
1,35,-13.869,-2.92977,2.58385,-0.0126832,-4.4025,-0.0100142,-2.99573,0,-4.73323,0.00712587,4.6,0,-0.105361,0,-3.95062,0.0127077,thai,All,#4682B4,0
2,35,-16.0917,-5.15242,2.60192,0.00538873,-4.3775,0.0149815,-2.99573,0,-4.75571,-0.0153478,4.6,0,-0.105361,0,-4.32873,-0.365407,thai,All,#4682B4,0
3,35,-13.9666,-3.02735,2.59695,0.000423555,-4.36473,0.0277551,-2.99573,0,-4.73496,0.00539966,4.6,0,-0.105361,0,-3.79575,0.167578,thai,All,#4682B4,0
4,35,-13.7729,-2.8336,2.59418,-0.00234638,-4.41538,-0.0229014,-2.99573,0,-4.74279,-0.00242889,4.6,0,-0.105361,0,-3.76983,0.193496,thai,All,#4682B4,0
5,35,-15.4045,-4.46525,2.60294,0.00640976,-4.40161,-0.00912824,-2.99573,0,-4.73316,0.00720142,4.6,0,-0.105361,0,-4.09217,-0.128839,thai,All,#4682B4,0
6,35,-14.8697,-3.93041,2.60429,0.00775611,-4.3871,0.0053864,-2.99573,0,-4.74047,-0.000105335,4.6,0,-0.105361,0,-4.03522,-0.0718926,thai,All,#4682B4,0
7,35,-13.2563,-2.31708,2.59111,-0.00541595,-4.43389,-0.041409,-2.99573,0,-4.73593,0.00442901,4.6,0,-0.105361,0,-3.68572,0.277607,thai,All,#4682B4,0
8,35,-15.2149,-4.27561,2.57277,-0.0237629,-4.35688,0.0356016,-2.99573,0,-4.7335,0.00686189,4.6,0,-0.105361,0,-4.22326,-0.259931,thai,All,#4682B4,0
9,35,-12.9207,-1.98145,2.58418,-0.0123509,-4.43538,-0.0428972,-2.99573,0,-4.74448,-0.00412387,4.6,0,-0.105361,0,-4.58855,-0.625227,thai,All,#4682B4,0
10,35,-18.1311,-7.19179,2.58432,-0.0122109,-4.33084,0.0616407,-2.99573,0,-4.74575,-0.00538747,4.6,0,-0.105361,0,-4.4582,-0.494876,thai,All,#4682B4,0
1,36,-5.04952,5.88975,2.60891,0.0123817,-4.38076,0.0117233,-2.99573,0,-4.72708,0.0132798,4.6,0,-0.105361,0,-3.03521,0.928115,thai,All,#4682B4,0
2,36,-8.04074,2.89853,2.5954,-0.00112991,-4.37867,0.0138092,-2.99573,0,-4.73955,0.000810525,4.6,0,-0.105361,0,-3.40532,0.558005,thai,All,#4682B4,0
3,36,-6.93645,4.00282,2.59671,0.000184821,-4.44315,-0.0506711,-2.99573,0,-4.7529,-0.0125415,4.6,0,-0.105361,0,-2.88152,1.08181,thai,All,#4682B4,0
4,36,-4.27739,6.66188,2.62328,0.0267488,-4.40343,-0.0109435,-2.99573,0,-4.74401,-0.00364706,4.6,0,-0.105361,0,-3.73178,0.231545,thai,All,#4682B4,0
5,36,-4.4318,6.50746,2.61433,0.0177976,-4.41427,-0.0217849,-2.99573,0,-4.74956,-0.00919831,4.6,0,-0.105361,0,-4.17727,-0.213947,thai,All,#4682B4,0
6,36,-2.48909,8.45018,2.60971,0.0131828,-4.43803,-0.0455433,-2.99573,0,-4.73219,0.00817382,4.6,0,-0.105361,0,-3.47982,0.483509,thai,All,#4682B4,0
7,36,-6.08566,4.85361,2.60131,0.00478108,-4.37881,0.0136768,-2.99573,0,-4.74903,-0.00866879,4.6,0,-0.105361,0,-3.14709,0.816241,thai,All,#4682B4,0
8,36,-7.80795,3.13131,2.58476,-0.0117652,-4.3894,0.00307831,-2.99573,0,-4.74804,-0.00768325,4.6,0,-0.105361,0,-3.01478,0.948544,thai,All,#4682B4,0
9,36,-3.57644,7.36283,2.59349,-0.00304323,-4.40961,-0.0171281,-2.99573,0,-4.73638,0.0039831,4.6,0,-0.105361,0,-3.53849,0.424839,thai,All,#4682B4,0
10,36,-7.52313,3.41614,2.60787,0.0113428,-4.40351,-0.0110279,-2.99573,0,-4.75034,-0.00998079,4.6,0,-0.105361,0,-3.30761,0.655717,thai,All,#4682B4,0
1,37,-10.8773,0.0619702,2.61587,0.0193413,-4.39793,-0.00544265,-2.99573,0,-4.74024,0.000121372,4.6,0,-0.105361,0,-4.48832,-0.524994,thai,All,#4682B4,0
2,37,-11.9111,-0.971825,2.57294,-0.023585,-4.39125,0.0012348,-2.99573,0,-4.72856,0.0118007,4.6,0,-0.105361,0,-3.67135,0.291978,thai,All,#4682B4,0
3,37,-10.0632,0.876044,2.61642,0.0198921,-4.38193,0.0105498,-2.99573,0,-4.73162,0.00874472,4.6,0,-0.105361,0,-3.8293,0.134029,thai,All,#4682B4,0
4,37,-9.62211,1.31716,2.59868,0.00214644,-4.43138,-0.0388939,-2.99573,0,-4.7271,0.0132597,4.6,0,-0.105361,0,-4.38714,-0.42381,thai,All,#4682B4,0
5,37,-8.28971,2.64955,2.60547,0.0089456,-4.42712,-0.0346361,-2.99573,0,-4.72588,0.0144843,4.6,0,-0.105361,0,-4.19839,-0.235061,thai,All,#4682B4,0
6,37,-10.2591,0.680126,2.60501,0.0084769,-4.4423,-0.0498137,-2.99573,0,-4.753,-0.0126442,4.6,0,-0.105361,0,-4.03136,-0.0680364,thai,All,#4682B4,0
7,37,-9.94407,0.995194,2.582,-0.0145291,-4.43462,-0.042138,-2.99573,0,-4.72518,0.0151826,4.6,0,-0.105361,0,-4.12544,-0.162117,thai,All,#4682B4,0
8,37,-11.2962,-0.356953,2.58654,-0.00999291,-4.36709,0.0253895,-2.99573,0,-4.73937,0.000989562,4.6,0,-0.105361,0,-4.55892,-0.595597,thai,All,#4682B4,0
9,37,-10.8353,0.10392,2.58599,-0.0105355,-4.42526,-0.0327799,-2.99573,0,-4.74107,-0.000707289,4.6,0,-0.105361,0,-4.37009,-0.406767,thai,All,#4682B4,0
10,37,-9.75631,1.18295,2.62486,0.0283359,-4.40716,-0.0146814,-2.99573,0,-4.7377,0.00266145,4.6,0,-0.105361,0,-4.64658,-0.683256,thai,All,#4682B4,0
1,38,-10.9389,0.000410804,2.5953,-0.00122455,-4.36846,0.0240236,-2.99573,0,-4.73329,0.00707137,4.6,0,-0.105361,0,-4.13035,-0.16702,thai,All,#4682B4,0
2,38,-14.2544,-3.31513,2.60186,0.00532726,-4.33953,0.0529527,-2.99573,0,-4.75016,-0.00980262,4.6,0,-0.105361,0,-3.54175,0.421577,thai,All,#4682B4,0
3,38,-9.28028,1.65899,2.60792,0.0113884,-4.39652,-0.004037,-2.99573,0,-4.72882,0.0115455,4.6,0,-0.105361,0,-3.45673,0.506599,thai,All,#4682B4,0
4,38,-11.0965,-0.157231,2.6001,0.00357332,-4.36664,0.0258479,-2.99573,0,-4.72585,0.014511,4.6,0,-0.105361,0,-3.94549,0.0178408,thai,All,#4682B4,0
5,38,-11.8401,-0.900796,2.59575,-0.000776156,-4.35448,0.0380083,-2.99573,0,-4.73572,0.00463644,4.6,0,-0.105361,0,-3.55211,0.411218,thai,All,#4682B4,0
6,38,-12.3782,-1.43898,2.59765,0.0011256,-4.37712,0.0153667,-2.99573,0,-4.7324,0.00796146,4.6,0,-0.105361,0,-3.13051,0.832813,thai,All,#4682B4,0
7,38,-10.1422,0.797113,2.60065,0.0041204,-4.42697,-0.0344916,-2.99573,0,-4.74206,-0.00169696,4.6,0,-0.105361,0,-3.97717,-0.013846,thai,All,#4682B4,0
8,38,-9.9651,0.974169,2.59318,-0.00335044,-4.40608,-0.0135975,-2.99573,0,-4.74234,-0.0019757,4.6,0,-0.105361,0,-4.46818,-0.504855,thai,All,#4682B4,0
9,38,-10.3052,0.634025,2.59636,-0.000165612,-4.41249,-0.0200098,-2.99573,0,-4.7393,0.00106173,4.6,0,-0.105361,0,-3.79376,0.169572,thai,All,#4682B4,0
10,38,-10.8448,0.094507,2.61045,0.0139259,-4.40844,-0.015952,-2.99573,0,-4.73577,0.00459066,4.6,0,-0.105361,0,-4.15328,-0.189955,thai,All,#4682B4,0
1,39,-17.2457,-6.3064,2.57571,-0.0208182,-4.42867,-0.0361848,-2.99573,0,-4.73859,0.00176799,4.6,0,-0.105361,0,-2.59955,1.36378,thai,All,#4682B4,0
2,39,-13.4786,-2.53931,2.6063,0.00977178,-4.43179,-0.0393101,-2.99573,0,-4.73401,0.00635179,4.6,0,-0.105361,0,-2.56261,1.40071,thai,All,#4682B4,0
3,39,-18.7595,-7.82027,2.58216,-0.0143708,-4.36772,0.0247638,-2.99573,0,-4.73039,0.0099679,4.6,0,-0.105361,0,-2.57477,1.38856,thai,All,#4682B4,0
4,39,-16.4471,-5.50787,2.60241,0.00587885,-4.42909,-0.0366104,-2.99573,0,-4.75158,-0.011224,4.6,0,-0.105361,0,-2.87553,1.0878,thai,All,#4682B4,0
5,39,-11.3011,-0.361792,2.59719,0.000657445,-4.37254,0.0199439,-2.99573,0,-4.7567,-0.0163364,4.6,0,-0.105361,0,-3.01837,0.944953,thai,All,#4682B4,0
6,39,-6.03816,4.90111,2.60353,0.00699789,-4.38429,0.00819641,-2.99573,0,-4.73172,0.0086376,4.6,0,-0.105361,0,-3.72891,0.234415,thai,All,#4682B4,0
7,39,-11.0732,-0.133947,2.58606,-0.0104701,-4.41522,-0.0227319,-2.99573,0,-4.73569,0.00466563,4.6,0,-0.105361,0,-3.11852,0.844804,thai,All,#4682B4,0
8,39,-10.5016,0.437687,2.56738,-0.0291513,-4.41951,-0.0270299,-2.99573,0,-4.73748,0.0028811,4.6,0,-0.105361,0,-3.08713,0.876199,thai,All,#4682B4,0
9,39,-15.1633,-4.22404,2.59662,8.77495e-05,-4.40644,-0.0139555,-2.99573,0,-4.7511,-0.0107373,4.6,0,-0.105361,0,-2.84938,1.11395,thai,All,#4682B4,0
10,39,-11.2249,-0.28561,2.62051,0.0239841,-4.39238,9.97472e-05,-2.99573,0,-4.74348,-0.00312107,4.6,0,-0.105361,0,-2.92628,1.03705,thai,All,#4682B4,0
1,40,-12.6117,-1.67241,2.60314,0.00661169,-4.44854,-0.0560573,-2.99573,0,-4.73809,0.00226602,4.6,0,-0.105361,0,-3.88437,0.0789541,thai,All,#4682B4,0
2,40,-12.2051,-1.26587,2.60267,0.00614174,-4.39249,-9.50205e-06,-2.99573,0,-4.74907,-0.0087119,4.6,0,-0.105361,0,-3.63179,0.331539,thai,All,#4682B4,0
3,40,-13.9307,-2.99147,2.55838,-0.0381534,-4.35979,0.0326941,-2.99573,0,-4.73214,0.00822322,4.6,0,-0.105361,0,-4.00937,-0.0460432,thai,All,#4682B4,0
4,40,-14.5259,-3.58665,2.59055,-0.00598086,-4.38556,0.00692118,-2.99573,0,-4.74393,-0.003568,4.6,0,-0.105361,0,-3.40107,0.562262,thai,All,#4682B4,0
5,40,-13.0477,-2.10843,2.58319,-0.0133408,-4.38426,0.00821863,-2.99573,0,-4.73046,0.00990133,4.6,0,-0.105361,0,-3.56215,0.401177,thai,All,#4682B4,0
6,40,-12.2779,-1.33861,2.62629,0.0297616,-4.38233,0.0101561,-2.99573,0,-4.73547,0.00489303,4.6,0,-0.105361,0,-3.86377,0.0995588,thai,All,#4682B4,0
7,40,-15.4531,-4.51379,2.5877,-0.00883293,-4.3284,0.06408,-2.99573,0,-4.743,-0.00263821,4.6,0,-0.105361,0,-3.78037,0.182959,thai,All,#4682B4,0
8,40,-15.8675,-4.92827,2.5893,-0.00723284,-4.38192,0.0105665,-2.99573,0,-4.75176,-0.0113958,4.6,0,-0.105361,0,-3.40775,0.555573,thai,All,#4682B4,0
9,40,-13.0129,-2.07364,2.59615,-0.000378236,-4.38639,0.00609566,-2.99573,0,-4.73532,0.00503961,4.6,0,-0.105361,0,-4.10588,-0.142552,thai,All,#4682B4,0
10,40,-11.1968,-0.257575,2.57942,-0.0171116,-4.41634,-0.0238584,-2.99573,0,-4.73954,0.00082448,4.6,0,-0.105361,0,-3.9222,0.0411315,thai,All,#4682B4,0
1,41,-8.75859,2.18067,2.5952,-0.001333,-4.42377,-0.0312817,-2.99573,0,-4.73395,0.00641263,4.6,0,-0.105361,0,-3.74312,0.220209,thai,All,#4682B4,0
2,41,-7.97815,2.96111,2.58551,-0.0110229,-4.41211,-0.0196265,-2.99573,0,-4.72874,0.0116253,4.6,0,-0.105361,0,-4.12979,-0.166461,thai,All,#4682B4,0
3,41,-7.20995,3.72931,2.60333,0.00679605,-4.40963,-0.0171496,-2.99573,0,-4.74881,-0.00845185,4.6,0,-0.105361,0,-4.33956,-0.376231,thai,All,#4682B4,0
4,41,-6.51124,4.42802,2.60401,0.00748516,-4.45874,-0.0662598,-2.99573,0,-4.72634,0.0140202,4.6,0,-0.105361,0,-4.48278,-0.519451,thai,All,#4682B4,0
5,41,-8.85516,2.08411,2.60362,0.00709051,-4.39147,0.00101107,-2.99573,0,-4.74296,-0.00259678,4.6,0,-0.105361,0,-4.15006,-0.186731,thai,All,#4682B4,0
6,41,-8.32504,2.61423,2.58078,-0.0157452,-4.38989,0.00259509,-2.99573,0,-4.72925,0.0111133,4.6,0,-0.105361,0,-4.63639,-0.67306,thai,All,#4682B4,0
7,41,-9.76563,1.17363,2.58964,-0.00689014,-4.42772,-0.0352335,-2.99573,0,-4.74399,-0.00362896,4.6,0,-0.105361,0,-3.96455,-0.00122084,thai,All,#4682B4,0
8,41,-8.73573,2.20354,2.60222,0.0056952,-4.36183,0.030651,-2.99573,0,-4.73265,0.00771179,4.6,0,-0.105361,0,-3.81985,0.14348,thai,All,#4682B4,0
9,41,-7.68593,3.25333,2.59711,0.000583212,-4.39533,-0.00285137,-2.99573,0,-4.7256,0.0147623,4.6,0,-0.105361,0,-3.79853,0.1648,thai,All,#4682B4,0
10,41,-8.30263,2.63664,2.59952,0.0029933,-4.38391,0.00857214,-2.99573,0,-4.73772,0.00263686,4.6,0,-0.105361,0,-3.40838,0.554952,thai,All,#4682B4,0
1,42,-7.90911,3.03015,2.6101,0.0135692,-4.40245,-0.00996307,-2.99573,0,-4.7295,0.0108614,4.6,0,-0.105361,0,-3.73995,0.22338,thai,All,#4682B4,0
2,42,-9.08708,1.85219,2.60045,0.00392337,-4.40866,-0.0161778,-2.99573,0,-4.73905,0.00131081,4.6,0,-0.105361,0,-3.65495,0.308378,thai,All,#4682B4,0
3,42,-9.9489,0.990366,2.62189,0.0253635,-4.38068,0.0118015,-2.99573,0,-4.74098,-0.000618118,4.6,0,-0.105361,0,-4.40951,-0.446183,thai,All,#4682B4,0
4,42,-8.4541,2.48517,2.60247,0.00594582,-4.34518,0.0473002,-2.99573,0,-4.73554,0.00482044,4.6,0,-0.105361,0,-4.32484,-0.361511,thai,All,#4682B4,0
5,42,-9.34092,1.59835,2.58115,-0.0153838,-4.39044,0.0020419,-2.99573,0,-4.72875,0.0116069,4.6,0,-0.105361,0,-4.1922,-0.228877,thai,All,#4682B4,0
6,42,-9.54474,1.39453,2.61702,0.0204938,-4.38259,0.00988994,-2.99573,0,-4.74001,0.000345678,4.6,0,-0.105361,0,-4.07578,-0.112456,thai,All,#4682B4,0
7,42,-8.27288,2.66639,2.61887,0.0223373,-4.40062,-0.00813449,-2.99573,0,-4.73495,0.00541067,4.6,0,-0.105361,0,-3.56826,0.395071,thai,All,#4682B4,0
8,42,-7.90749,3.03178,2.59452,-0.00200935,-4.40582,-0.0133364,-2.99573,0,-4.73748,0.0028801,4.6,0,-0.105361,0,-4.9928,-1.02947,thai,All,#4682B4,0
9,42,-9.28039,1.65887,2.60683,0.0102999,-4.37562,0.0168644,-2.99573,0,-4.72862,0.0117397,4.6,0,-0.105361,0,-4.42228,-0.458949,thai,All,#4682B4,0
10,42,-7.46664,3.47263,2.6196,0.0230753,-4.34215,0.050336,-2.99573,0,-4.73894,0.00142292,4.6,0,-0.105361,0,-4.38351,-0.42018,thai,All,#4682B4,0
1,43,-7.61671,3.32256,2.61845,0.0219166,-4.38616,0.00632661,-2.99573,0,-4.73605,0.00431091,4.6,0,-0.105361,0,-4.68136,-0.718035,thai,All,#4682B4,0
2,43,-11.4771,-0.5378,2.60454,0.00801027,-4.32733,0.0651526,-2.99573,0,-4.74012,0.000238625,4.6,0,-0.105361,0,-4.02125,-0.0579194,thai,All,#4682B4,0
3,43,-9.30029,1.63897,2.59445,-0.0020776,-4.40453,-0.012043,-2.99573,0,-4.7454,-0.00503515,4.6,0,-0.105361,0,-3.73239,0.230935,thai,All,#4682B4,0
4,43,-7.85728,3.08199,2.60399,0.00746159,-4.37522,0.0172662,-2.99573,0,-4.73555,0.00481261,4.6,0,-0.105361,0,-3.55961,0.403722,thai,All,#4682B4,0
5,43,-6.01673,4.92254,2.60452,0.00799089,-4.41311,-0.0206272,-2.99573,0,-4.7332,0.00716459,4.6,0,-0.105361,0,-4.58155,-0.618227,thai,All,#4682B4,0
6,43,-9.44932,1.48995,2.61598,0.0194466,-4.39328,-0.000797539,-2.99573,0,-4.74538,-0.00502034,4.6,0,-0.105361,0,-3.92451,0.0388219,thai,All,#4682B4,0
7,43,-5.72363,5.21564,2.61139,0.014856,-4.43549,-0.0430088,-2.99573,0,-4.73766,0.00270477,4.6,0,-0.105361,0,-3.60404,0.359284,thai,All,#4682B4,0
8,43,-9.14035,1.79892,2.58115,-0.0153755,-4.39084,0.00163945,-2.99573,0,-4.73172,0.00863589,4.6,0,-0.105361,0,-3.16115,0.802174,thai,All,#4682B4,0
9,43,-11.6049,-0.665681,2.55319,-0.0433407,-4.36323,0.0292562,-2.99573,0,-4.75568,-0.0153193,4.6,0,-0.105361,0,-3.05367,0.909657,thai,All,#4682B4,0
10,43,-9.10967,1.8296,2.59741,0.000880762,-4.3963,-0.00381868,-2.99573,0,-4.74712,-0.00676004,4.6,0,-0.105361,0,-3.48115,0.482181,thai,All,#4682B4,0
1,44,-17.476,-6.53675,2.60765,0.0111193,-4.37381,0.0186755,-2.99573,0,-4.73832,0.00204444,4.6,0,-0.105361,0,-4.19114,-0.227814,thai,All,#4682B4,0
2,44,-18.5223,-7.58301,2.58908,-0.00744864,-4.44246,-0.0499754,-2.99573,0,-4.72856,0.0118001,4.6,0,-0.105361,0,-4.98017,-1.01684,thai,All,#4682B4,0
3,44,-13.0873,-2.14806,2.60646,0.00993245,-4.37755,0.0149314,-2.99573,0,-4.73339,0.0069731,4.6,0,-0.105361,0,-4.00926,-0.0459375,thai,All,#4682B4,0
4,44,-15.0401,-4.10082,2.57487,-0.0216637,-4.39576,-0.00327231,-2.99573,0,-4.75394,-0.0135781,4.6,0,-0.105361,0,-4.06844,-0.105117,thai,All,#4682B4,0
5,44,-12.6766,-1.73737,2.60743,0.0108966,-4.37899,0.0134898,-2.99573,0,-4.73613,0.00422751,4.6,0,-0.105361,0,-3.87702,0.0863062,thai,All,#4682B4,0
6,44,-13.9006,-2.96135,2.59802,0.00149288,-4.38398,0.00850288,-2.99573,0,-4.72666,0.0137016,4.6,0,-0.105361,0,-3.70078,0.262543,thai,All,#4682B4,0
7,44,-12.3732,-1.43396,2.58012,-0.0164139,-4.41837,-0.0258896,-2.99573,0,-4.7283,0.0120644,4.6,0,-0.105361,0,-4.06632,-0.10299,thai,All,#4682B4,0
8,44,-12.6529,-1.71364,2.61536,0.0188356,-4.35614,0.0363431,-2.99573,0,-4.73673,0.00363284,4.6,0,-0.105361,0,-4.50067,-0.537342,thai,All,#4682B4,0
9,44,-9.93438,1.00488,2.61811,0.0215823,-4.43498,-0.0424956,-2.99573,0,-4.74202,-0.00166416,4.6,0,-0.105361,0,-3.72233,0.240997,thai,All,#4682B4,0
10,44,-14.0554,-3.11615,2.588,-0.00852445,-4.43403,-0.0415486,-2.99573,0,-4.74652,-0.00616179,4.6,0,-0.105361,0,-3.05285,0.910482,thai,All,#4682B4,0
1,45,-7.27047,3.6688,2.58007,-0.0164604,-4.39312,-0.000635648,-2.99573,0,-4.7431,-0.00274399,4.6,0,-0.105361,0,-3.56297,0.400354,thai,All,#4682B4,0
2,45,-6.4746,4.46467,2.60605,0.00952061,-4.39012,0.00236314,-2.99573,0,-4.74739,-0.00702735,4.6,0,-0.105361,0,-3.59907,0.364254,thai,All,#4682B4,0
3,45,-6.82406,4.1152,2.57691,-0.0196221,-4.41635,-0.0238655,-2.99573,0,-4.75389,-0.0135277,4.6,0,-0.105361,0,-4.02999,-0.0666674,thai,All,#4682B4,0
4,45,-9.08535,1.85392,2.60447,0.00794491,-4.34221,0.0502747,-2.99573,0,-4.75081,-0.0104508,4.6,0,-0.105361,0,-4.55319,-0.589861,thai,All,#4682B4,0
5,45,-7.08729,3.85198,2.582,-0.0145304,-4.39509,-0.00260869,-2.99573,0,-4.73923,0.00113541,4.6,0,-0.105361,0,-4.09333,-0.130002,thai,All,#4682B4,0
6,45,-7.9789,2.96037,2.58254,-0.013991,-4.38853,0.00395632,-2.99573,0,-4.74234,-0.00198041,4.6,0,-0.105361,0,-3.89374,0.0695912,thai,All,#4682B4,0
7,45,-7.75287,3.1864,2.58557,-0.0109619,-4.38143,0.0110573,-2.99573,0,-4.73199,0.00837498,4.6,0,-0.105361,0,-3.41931,0.544017,thai,All,#4682B4,0
8,45,-7.8044,3.13487,2.59168,-0.00485329,-4.38196,0.0105244,-2.99573,0,-4.7387,0.00166514,4.6,0,-0.105361,0,-3.92003,0.0432982,thai,All,#4682B4,0
9,45,-7.81194,3.12733,2.59593,-0.000603444,-4.37055,0.0219363,-2.99573,0,-4.74125,-0.000893867,4.6,0,-0.105361,0,-3.64195,0.321379,thai,All,#4682B4,0
10,45,-6.66797,4.27129,2.59267,-0.00385615,-4.39504,-0.00255945,-2.99573,0,-4.7414,-0.00103687,4.6,0,-0.105361,0,-4.07256,-0.109236,thai,All,#4682B4,0
1,46,-8.66167,2.27759,2.62701,0.030484,-4.45179,-0.0593044,-2.99573,0,-4.72407,0.0162882,4.6,0,-0.105361,0,-3.2839,0.679425,thai,All,#4682B4,0
2,46,-16.9414,-6.00209,2.59356,-0.00296596,-4.35059,0.0418979,-2.99573,0,-4.75042,-0.0100612,4.6,0,-0.105361,0,-4.62458,-0.661251,thai,All,#4682B4,0
3,46,-13.8478,-2.90855,2.59468,-0.00184674,-4.38062,0.0118628,-2.99573,0,-4.73565,0.00471244,4.6,0,-0.105361,0,-3.26389,0.699436,thai,All,#4682B4,0
4,46,-11.7521,-0.812842,2.61369,0.0171569,-4.38536,0.00712688,-2.99573,0,-4.73473,0.00563055,4.6,0,-0.105361,0,-3.73649,0.226837,thai,All,#4682B4,0
5,46,-13.6522,-2.71297,2.55974,-0.0367848,-4.38793,0.00455823,-2.99573,0,-4.72859,0.011775,4.6,0,-0.105361,0,-3.57447,0.388856,thai,All,#4682B4,0
6,46,-12.9137,-1.97441,2.57997,-0.0165621,-4.41897,-0.0264853,-2.99573,0,-4.74861,-0.00825097,4.6,0,-0.105361,0,-4.20147,-0.238143,thai,All,#4682B4,0
7,46,-11.106,-0.166745,2.58357,-0.0129631,-4.39302,-0.000541345,-2.99573,0,-4.7413,-0.000934799,4.6,0,-0.105361,0,-3.48364,0.479687,thai,All,#4682B4,0
8,46,-10.8537,0.0855961,2.59327,-0.00325519,-4.42884,-0.0363561,-2.99573,0,-4.73697,0.0033938,4.6,0,-0.105361,0,-4.58276,-0.619432,thai,All,#4682B4,0
9,46,-9.75732,1.18195,2.59205,-0.00448072,-4.3922,0.000283593,-2.99573,0,-4.71312,0.0272428,4.6,0,-0.105361,0,-4.23706,-0.273731,thai,All,#4682B4,0
10,46,-13.5948,-2.65549,2.58045,-0.0160771,-4.38322,0.00926812,-2.99573,0,-4.74287,-0.00251311,4.6,0,-0.105361,0,-4.88171,-0.918384,thai,All,#4682B4,0
1,47,-10.7192,0.220022,2.60502,0.00849525,-4.35917,0.0333148,-2.99573,0,-4.75301,-0.0126509,4.6,0,-0.105361,0,-4.02196,-0.0586311,thai,All,#4682B4,0
2,47,-8.40389,2.53538,2.58461,-0.0119176,-4.39125,0.00123338,-2.99573,0,-4.74507,-0.00471272,4.6,0,-0.105361,0,-3.95684,0.00648648,thai,All,#4682B4,0
3,47,-7.14159,3.79768,2.60796,0.0114281,-4.40363,-0.0111438,-2.99573,0,-4.73233,0.00803409,4.6,0,-0.105361,0,-3.7386,0.224726,thai,All,#4682B4,0
4,47,-9.57698,1.36228,2.58599,-0.0105393,-4.35306,0.03942,-2.99573,0,-4.72089,0.0194723,4.6,0,-0.105361,0,-3.24199,0.721339,thai,All,#4682B4,0
5,47,-7.90568,3.03358,2.59048,-0.00604617,-4.36067,0.0318096,-2.99573,0,-4.73457,0.00579541,4.6,0,-0.105361,0,-4.31148,-0.348155,thai,All,#4682B4,0
6,47,-7.90452,3.03474,2.59532,-0.00121327,-4.37758,0.0148995,-2.99573,0,-4.73012,0.0102424,4.6,0,-0.105361,0,-4.22984,-0.266516,thai,All,#4682B4,0
7,47,-10.4601,0.479209,2.57484,-0.0216932,-4.36584,0.0266441,-2.99573,0,-4.74933,-0.00896716,4.6,0,-0.105361,0,-4.22327,-0.259942,thai,All,#4682B4,0
8,47,-8.21821,2.72106,2.5882,-0.00833347,-4.40864,-0.0161543,-2.99573,0,-4.7327,0.00766151,4.6,0,-0.105361,0,-3.58023,0.383093,thai,All,#4682B4,0
9,47,-8.40869,2.53057,2.58923,-0.00730253,-4.40375,-0.0112628,-2.99573,0,-4.74978,-0.00941471,4.6,0,-0.105361,0,-4.14908,-0.185752,thai,All,#4682B4,0
10,47,-6.43893,4.50033,2.57131,-0.0252148,-4.44797,-0.0554886,-2.99573,0,-4.74657,-0.00620648,4.6,0,-0.105361,0,-3.81197,0.151354,thai,All,#4682B4,0
1,48,-9.24675,1.69251,2.58503,-0.0115036,-4.36366,0.0288221,-2.99573,0,-4.73121,0.00915422,4.6,0,-0.105361,0,-4.55808,-0.594751,thai,All,#4682B4,0
2,48,-9.76305,1.17622,2.58741,-0.00911572,-4.35399,0.0384908,-2.99573,0,-4.75189,-0.0115323,4.6,0,-0.105361,0,-4.39531,-0.431981,thai,All,#4682B4,0
3,48,-8.73014,2.20912,2.58774,-0.00879285,-4.40447,-0.0119875,-2.99573,0,-4.74769,-0.00732635,4.6,0,-0.105361,0,-3.91269,0.0506414,thai,All,#4682B4,0
4,48,-6.87646,4.0628,2.58761,-0.00892189,-4.37488,0.0176016,-2.99573,0,-4.73313,0.00722706,4.6,0,-0.105361,0,-3.62008,0.343244,thai,All,#4682B4,0
5,48,-9.09854,1.84073,2.62222,0.0256864,-4.3376,0.054882,-2.99573,0,-4.73187,0.00848656,4.6,0,-0.105361,0,-3.29174,0.671588,thai,All,#4682B4,0
6,48,-12.4485,-1.50923,2.58189,-0.0146348,-4.35851,0.0339776,-2.99573,0,-4.74424,-0.00387569,4.6,0,-0.105361,0,-3.86231,0.101015,thai,All,#4682B4,0
7,48,-8.4363,2.50296,2.58393,-0.0125999,-4.36478,0.0276986,-2.99573,0,-4.74546,-0.00509469,4.6,0,-0.105361,0,-4.8233,-0.859977,thai,All,#4682B4,0
8,48,-7.90666,3.03261,2.57497,-0.021556,-4.37568,0.0168037,-2.99573,0,-4.73289,0.00746858,4.6,0,-0.105361,0,-4.33033,-0.366999,thai,All,#4682B4,0
9,48,-9.97246,0.966801,2.60075,0.00422206,-4.33429,0.0581891,-2.99573,0,-4.7446,-0.00423995,4.6,0,-0.105361,0,-3.72691,0.236419,thai,All,#4682B4,0
10,48,-9.76158,1.17768,2.63083,0.0342992,-4.36,0.0324797,-2.99573,0,-4.75449,-0.0141342,4.6,0,-0.105361,0,-3.41704,0.546286,thai,All,#4682B4,0
1,49,-1.88597,9.0533,2.59838,0.00184985,-4.42098,-0.0284952,-2.99573,0,-4.74471,-0.00435391,4.6,0,-0.105361,0,-3.89228,0.0710492,thai,All,#4682B4,0
2,49,-1.37373,9.56553,2.6074,0.0108681,-4.43554,-0.0430586,-2.99573,0,-4.73321,0.00715016,4.6,0,-0.105361,0,-3.70734,0.255988,thai,All,#4682B4,0
3,49,-4.37047,6.5688,2.59719,0.000662978,-4.36098,0.0315081,-2.99573,0,-4.74972,-0.00935584,4.6,0,-0.105361,0,-3.78802,0.175311,thai,All,#4682B4,0
4,49,-2.38928,8.54999,2.601,0.00447301,-4.40226,-0.00977329,-2.99573,0,-4.73554,0.00482212,4.6,0,-0.105361,0,-4.19951,-0.236185,thai,All,#4682B4,0
5,49,-2.83012,8.10914,2.58917,-0.00735973,-4.38284,0.00964219,-2.99573,0,-4.74244,-0.00207877,4.6,0,-0.105361,0,-3.75385,0.20948,thai,All,#4682B4,0
6,49,-2.85693,8.08234,2.62429,0.0277562,-4.32671,0.0657702,-2.99573,0,-4.73974,0.000617696,4.6,0,-0.105361,0,-3.9443,0.0190281,thai,All,#4682B4,0
7,49,-2.33992,8.59935,2.60985,0.0133211,-4.41923,-0.0267422,-2.99573,0,-4.73338,0.0069854,4.6,0,-0.105361,0,-4.81099,-0.847661,thai,All,#4682B4,0
8,49,-3.6426,7.29667,2.6212,0.0246754,-4.38741,0.0050737,-2.99573,0,-4.75879,-0.0184332,4.6,0,-0.105361,0,-4.4515,-0.488176,thai,All,#4682B4,0
9,49,-3.67503,7.26424,2.57195,-0.02458,-4.3706,0.0218807,-2.99573,0,-4.73098,0.00938468,4.6,0,-0.105361,0,-4.04092,-0.0775885,thai,All,#4682B4,0
10,49,-4.63431,6.30495,2.58242,-0.0141108,-4.33939,0.0530927,-2.99573,0,-4.73046,0.00989597,4.6,0,-0.105361,0,-4.40398,-0.440648,thai,All,#4682B4,0
1,50,-5.31069,5.62858,2.61332,0.0167905,-4.44843,-0.0559488,-2.99573,0,-4.73618,0.00417573,4.6,0,-0.105361,0,-4.32718,-0.363852,thai,All,#4682B4,0
2,50,-6.71254,4.22673,2.58693,-0.00959793,-4.41052,-0.0180329,-2.99573,0,-4.74563,-0.00526898,4.6,0,-0.105361,0,-4.10633,-0.143005,thai,All,#4682B4,0
3,50,-6.88532,4.05394,2.59543,-0.00109723,-4.40575,-0.0132641,-2.99573,0,-4.73214,0.00821854,4.6,0,-0.105361,0,-3.09298,0.870345,thai,All,#4682B4,0
4,50,-6.37261,4.56666,2.58906,-0.00746822,-4.43817,-0.0456841,-2.99573,0,-4.72982,0.0105369,4.6,0,-0.105361,0,-3.46604,0.497288,thai,All,#4682B4,0
5,50,-6.24429,4.69498,2.59874,0.00221582,-4.44223,-0.0497456,-2.99573,0,-4.7434,-0.00304241,4.6,0,-0.105361,0,-3.82828,0.135047,thai,All,#4682B4,0
6,50,-7.2715,3.66776,2.60231,0.00577787,-4.40367,-0.0111863,-2.99573,0,-4.74525,-0.00488543,4.6,0,-0.105361,0,-4.23398,-0.270656,thai,All,#4682B4,0
7,50,-7.09772,3.84155,2.57852,-0.0180043,-4.38252,0.00996541,-2.99573,0,-4.72826,0.0120967,4.6,0,-0.105361,0,-3.49701,0.466316,thai,All,#4682B4,0
8,50,-6.09592,4.84334,2.61052,0.0139886,-4.46592,-0.0734394,-2.99573,0,-4.75168,-0.011324,4.6,0,-0.105361,0,-3.98175,-0.0184181,thai,All,#4682B4,0
9,50,-6.39655,4.54271,2.60896,0.0124272,-4.37501,0.0174753,-2.99573,0,-4.72913,0.0112355,4.6,0,-0.105361,0,-3.70259,0.260742,thai,All,#4682B4,0
10,50,-7.875,3.06427,2.58428,-0.0122535,-4.41157,-0.0190837,-2.99573,0,-4.75102,-0.0106627,4.6,0,-0.105361,0,-4.03032,-0.0669927,thai,All,#4682B4,0
1,51,-10.9332,0.00605494,2.59292,-0.00360885,-4.35017,0.0423135,-2.99573,0,-4.74783,-0.00746977,4.6,0,-0.105361,0,-4.32243,-0.359105,thai,All,#4682B4,0
2,51,-10.2134,0.7259,2.59075,-0.0057797,-4.38774,0.00474739,-2.99573,0,-4.74729,-0.00693228,4.6,0,-0.105361,0,-4.31023,-0.346902,thai,All,#4682B4,0
3,51,-9.43909,1.50018,2.59689,0.000356021,-4.39586,-0.00337495,-2.99573,0,-4.73813,0.0022267,4.6,0,-0.105361,0,-4.02884,-0.0655085,thai,All,#4682B4,0
4,51,-9.8022,1.13707,2.58822,-0.0083135,-4.37011,0.0223692,-2.99573,0,-4.74453,-0.00416715,4.6,0,-0.105361,0,-3.6367,0.326632,thai,All,#4682B4,0
5,51,-9.89991,1.03936,2.62212,0.0255952,-4.38379,0.00868995,-2.99573,0,-4.72925,0.0111059,4.6,0,-0.105361,0,-4.45808,-0.494755,thai,All,#4682B4,0
6,51,-8.70332,2.23595,2.61534,0.0188072,-4.41649,-0.0240047,-2.99573,0,-4.74021,0.000147358,4.6,0,-0.105361,0,-4.44187,-0.478539,thai,All,#4682B4,0
7,51,-11.9139,-0.974662,2.57297,-0.0235565,-4.35394,0.0385434,-2.99573,0,-4.74096,-0.000602488,4.6,0,-0.105361,0,-3.52037,0.44296,thai,All,#4682B4,0
8,51,-10.5829,0.356334,2.59589,-0.000634975,-4.40843,-0.0159507,-2.99573,0,-4.73961,0.000746114,4.6,0,-0.105361,0,-3.76344,0.199887,thai,All,#4682B4,0
9,51,-9.82277,1.1165,2.58269,-0.0138388,-4.40258,-0.0100936,-2.99573,0,-4.73757,0.00278806,4.6,0,-0.105361,0,-3.39708,0.566245,thai,All,#4682B4,0
10,51,-11.8623,-0.923076,2.59505,-0.0014833,-4.38298,0.00950704,-2.99573,0,-4.73967,0.000693466,4.6,0,-0.105361,0,-4.46121,-0.497879,thai,All,#4682B4,0
1,1,-11.5943,-0.65504,2.60319,0.00665758,-4.36251,0.02997,-2.99573,0,-4.73878,0.00158484,4.6,0,-0.105361,0,-4.82229,-0.858961,africa,All,#4682B4,0
2,1,-11.8598,-0.920558,2.59356,-0.00297172,-4.36086,0.0316206,-2.99573,0,-4.75306,-0.0126972,4.6,0,-0.105361,0,-5.02027,-1.05694,africa,All,#4682B4,0
3,1,-10.1233,0.815995,2.59884,0.00231481,-4.3564,0.0360878,-2.99573,0,-4.73321,0.00715245,4.6,0,-0.105361,0,-5.06135,-1.09802,africa,All,#4682B4,0
4,1,-8.79116,2.14811,2.59322,-0.00330662,-4.42566,-0.0331788,-2.99573,0,-4.73533,0.00503291,4.6,0,-0.105361,0,-5.13014,-1.16681,africa,All,#4682B4,0
5,1,-12.5131,-1.57379,2.57146,-0.0250659,-4.3629,0.0295816,-2.99573,0,-4.73805,0.0023083,4.6,0,-0.105361,0,-5.15756,-1.19423,africa,All,#4682B4,0
6,1,-11.4759,-0.536652,2.57371,-0.0228226,-4.3779,0.0145789,-2.99573,0,-4.74409,-0.00372611,4.6,0,-0.105361,0,-4.71589,-0.752561,africa,All,#4682B4,0
7,1,-8.60382,2.33544,2.58904,-0.00748487,-4.41865,-0.0261652,-2.99573,0,-4.73435,0.00600783,4.6,0,-0.105361,0,-4.40798,-0.444656,africa,All,#4682B4,0
8,1,-12.2266,-1.28736,2.5818,-0.014725,-4.40851,-0.0160241,-2.99573,0,-4.75065,-0.0102904,4.6,0,-0.105361,0,-4.31531,-0.351978,africa,All,#4682B4,0
9,1,-9.53025,1.40901,2.60353,0.00700473,-4.41445,-0.0219637,-2.99573,0,-4.74054,-0.000174886,4.6,0,-0.105361,0,-3.91681,0.0465215,africa,All,#4682B4,0
10,1,-12.4897,-1.55042,2.57526,-0.0212644,-4.38164,0.0108434,-2.99573,0,-4.75843,-0.0180658,4.6,0,-0.105361,0,-4.29806,-0.334736,africa,All,#4682B4,0
1,2,-8.12729,2.81198,2.57432,-0.0222047,-4.40665,-0.0141715,-2.99573,0,-4.72906,0.0113047,4.6,0,-0.105361,0,-3.53833,0.425001,africa,All,#4682B4,0
2,2,-10.2733,0.665946,2.59203,-0.00450218,-4.35168,0.0408003,-2.99573,0,-4.73465,0.0057071,4.6,0,-0.105361,0,-4.33529,-0.371965,africa,All,#4682B4,0
3,2,-10.3221,0.61713,2.59804,0.00151363,-4.37808,0.0144004,-2.99573,0,-4.74897,-0.00860932,4.6,0,-0.105361,0,-4.49825,-0.534922,africa,All,#4682B4,0
4,2,-8.218,2.72127,2.58741,-0.00911472,-4.41145,-0.0189682,-2.99573,0,-4.73857,0.00178832,4.6,0,-0.105361,0,-4.02067,-0.0573447,africa,All,#4682B4,0
5,2,-7.1969,3.74236,2.59975,0.00321817,-4.41344,-0.0209536,-2.99573,0,-4.73719,0.00317474,4.6,0,-0.105361,0,-3.96872,-0.00539529,africa,All,#4682B4,0
6,2,-7.28463,3.65464,2.60102,0.00449529,-4.41977,-0.027282,-2.99573,0,-4.74093,-0.000566556,4.6,0,-0.105361,0,-4.10715,-0.14382,africa,All,#4682B4,0
7,2,-7.2553,3.68396,2.60579,0.00926248,-4.43173,-0.0392439,-2.99573,0,-4.74539,-0.00502963,4.6,0,-0.105361,0,-3.83083,0.132496,africa,All,#4682B4,0
8,2,-9.7957,1.14357,2.57579,-0.0207373,-4.39431,-0.00182639,-2.99573,0,-4.7428,-0.00243703,4.6,0,-0.105361,0,-4.15174,-0.188417,africa,All,#4682B4,0
9,2,-10.1262,0.813051,2.58691,-0.00961604,-4.31664,0.0758457,-2.99573,0,-4.73886,0.00149951,4.6,0,-0.105361,0,-3.46109,0.502234,africa,All,#4682B4,0
10,2,-10.0585,0.880745,2.58889,-0.00764405,-4.39298,-0.000500601,-2.99573,0,-4.74543,-0.0050718,4.6,0,-0.105361,0,-4.4954,-0.532073,africa,All,#4682B4,0
1,3,-10.1882,0.751097,2.57648,-0.0200529,-4.37363,0.0188555,-2.99573,0,-4.73513,0.00522968,4.6,0,-0.105361,0,-3.98877,-0.0254458,africa,All,#4682B4,0
2,3,-10.2267,0.712556,2.57108,-0.0254524,-4.40385,-0.0113628,-2.99573,0,-4.7438,-0.00344344,4.6,0,-0.105361,0,-3.58288,0.380449,africa,All,#4682B4,0
3,3,-11.5805,-0.641229,2.58777,-0.0087635,-4.34939,0.043097,-2.99573,0,-4.73782,0.00254175,4.6,0,-0.105361,0,-3.8009,0.162422,africa,All,#4682B4,0
4,3,-8.32281,2.61645,2.60201,0.00547793,-4.38128,0.011203,-2.99573,0,-4.73389,0.0064731,4.6,0,-0.105361,0,-3.93371,0.029619,africa,All,#4682B4,0
5,3,-8.04647,2.8928,2.60195,0.0054239,-4.4051,-0.0126126,-2.99573,0,-4.73631,0.00404617,4.6,0,-0.105361,0,-3.96983,-0.00650459,africa,All,#4682B4,0
6,3,-11.3353,-0.395991,2.60418,0.00765249,-4.38046,0.0120269,-2.99573,0,-4.7485,-0.00813726,4.6,0,-0.105361,0,-3.47228,0.491046,africa,All,#4682B4,0
7,3,-8.0775,2.86176,2.61145,0.014916,-4.41743,-0.0249517,-2.99573,0,-4.75234,-0.0119814,4.6,0,-0.105361,0,-4.22179,-0.25846,africa,All,#4682B4,0
8,3,-9.78589,1.15337,2.60348,0.00695155,-4.39644,-0.00395497,-2.99573,0,-4.74726,-0.00690066,4.6,0,-0.105361,0,-4.24493,-0.281602,africa,All,#4682B4,0
9,3,-10.7784,0.1609,2.62397,0.0274454,-4.36651,0.0259702,-2.99573,0,-4.74587,-0.00551178,4.6,0,-0.105361,0,-4.53642,-0.573097,africa,All,#4682B4,0
10,3,-10.3366,0.60265,2.63338,0.0368527,-4.34713,0.0453518,-2.99573,0,-4.74313,-0.00277178,4.6,0,-0.105361,0,-4.32479,-0.36146,africa,All,#4682B4,0
1,4,-13.1388,-2.19958,2.55825,-0.0382746,-4.36903,0.0234508,-2.99573,0,-4.73785,0.00251452,4.6,0,-0.105361,0,-3.56695,0.396377,africa,All,#4682B4,0
2,4,-11.0134,-0.0741645,2.60026,0.00373414,-4.39879,-0.00631088,-2.99573,0,-4.74377,-0.00341105,4.6,0,-0.105361,0,-4.14356,-0.18023,africa,All,#4682B4,0
3,4,-9.68216,1.25711,2.60515,0.00862242,-4.43278,-0.0402987,-2.99573,0,-4.73386,0.00649918,4.6,0,-0.105361,0,-3.47687,0.48646,africa,All,#4682B4,0
4,4,-11.2657,-0.326426,2.59263,-0.00390356,-4.43052,-0.0380362,-2.99573,0,-4.74641,-0.00605184,4.6,0,-0.105361,0,-4.04192,-0.0785969,africa,All,#4682B4,0
5,4,-9.01412,1.92514,2.60393,0.00740053,-4.36918,0.0233037,-2.99573,0,-4.73572,0.00463572,4.6,0,-0.105361,0,-3.68423,0.279098,africa,All,#4682B4,0
6,4,-9.33828,1.60098,2.61997,0.0234361,-4.39278,-0.00029499,-2.99573,0,-4.72974,0.0106205,4.6,0,-0.105361,0,-3.58453,0.378796,africa,All,#4682B4,0
7,4,-11.0959,-0.156651,2.59055,-0.00598054,-4.38752,0.00495986,-2.99573,0,-4.747,-0.00663801,4.6,0,-0.105361,0,-4.177,-0.213672,africa,All,#4682B4,0
8,4,-15.1362,-4.19697,2.59352,-0.00300898,-4.38457,0.00791014,-2.99573,0,-4.73956,0.000797236,4.6,0,-0.105361,0,-3.5445,0.418824,africa,All,#4682B4,0
9,4,-9.13089,1.80837,2.58454,-0.0119876,-4.38183,0.0106524,-2.99573,0,-4.74013,0.000226979,4.6,0,-0.105361,0,-3.97437,-0.0110388,africa,All,#4682B4,0
10,4,-10.0549,0.884332,2.61026,0.0137273,-4.42807,-0.0355825,-2.99573,0,-4.73442,0.00594135,4.6,0,-0.105361,0,-3.21417,0.749162,africa,All,#4682B4,0
1,5,-11.7359,-0.796588,2.60621,0.00968268,-4.38261,0.0098781,-2.99573,0,-4.74298,-0.00261776,4.6,0,-0.105361,0,-4.74342,-0.780096,africa,All,#4682B4,0
2,5,-10.6141,0.325196,2.58743,-0.00909643,-4.40587,-0.0133906,-2.99573,0,-4.74891,-0.00855227,4.6,0,-0.105361,0,-4.17438,-0.211058,africa,All,#4682B4,0
3,5,-8.84622,2.09305,2.59218,-0.00434513,-4.43689,-0.0444025,-2.99573,0,-4.72475,0.0156118,4.6,0,-0.105361,0,-3.97868,-0.015353,africa,All,#4682B4,0
4,5,-11.0435,-0.104231,2.5966,7.31077e-05,-4.40281,-0.0103292,-2.99573,0,-4.73525,0.00511223,4.6,0,-0.105361,0,-3.77601,0.187314,africa,All,#4682B4,0
5,5,-10.8368,0.102497,2.61579,0.0192642,-4.37816,0.0143258,-2.99573,0,-4.74331,-0.00294523,4.6,0,-0.105361,0,-3.75042,0.21291,africa,All,#4682B4,0
6,5,-13.1465,-2.2072,2.5872,-0.00932659,-4.42175,-0.0292642,-2.99573,0,-4.7432,-0.00284098,4.6,0,-0.105361,0,-4.27937,-0.316045,africa,All,#4682B4,0
7,5,-10.6568,0.2825,2.60349,0.0069635,-4.39375,-0.00127091,-2.99573,0,-4.74753,-0.00717343,4.6,0,-0.105361,0,-3.85974,0.103589,africa,All,#4682B4,0
8,5,-10.267,0.672272,2.59543,-0.00109673,-4.39533,-0.00284403,-2.99573,0,-4.74172,-0.00135991,4.6,0,-0.105361,0,-3.66501,0.298314,africa,All,#4682B4,0
9,5,-11.852,-0.912706,2.58863,-0.00789715,-4.36787,0.0246181,-2.99573,0,-4.73908,0.00128435,4.6,0,-0.105361,0,-3.87226,0.0910695,africa,All,#4682B4,0
10,5,-14.5725,-3.63319,2.59124,-0.00529393,-4.35161,0.0408729,-2.99573,0,-4.74362,-0.00325587,4.6,0,-0.105361,0,-4.08287,-0.119541,africa,All,#4682B4,0
1,6,-13.7236,-2.78431,2.59191,-0.00461946,-4.37095,0.0215299,-2.99573,0,-4.74675,-0.00639119,4.6,0,-0.105361,0,-3.54081,0.422516,africa,All,#4682B4,0
2,6,-16.513,-5.57369,2.58092,-0.0156138,-4.38848,0.00400116,-2.99573,0,-4.74664,-0.00628138,4.6,0,-0.105361,0,-2.79284,1.17049,africa,All,#4682B4,0
3,6,-13.9875,-3.0482,2.59709,0.000561833,-4.43038,-0.0378948,-2.99573,0,-4.75009,-0.00972615,4.6,0,-0.105361,0,-3.50722,0.456111,africa,All,#4682B4,0
4,6,-13.6666,-2.72732,2.59374,-0.00279267,-4.43882,-0.0463331,-2.99573,0,-4.7482,-0.00783907,4.6,0,-0.105361,0,-3.61579,0.34754,africa,All,#4682B4,0
5,6,-11.9767,-1.03741,2.60774,0.0112121,-4.37856,0.0139256,-2.99573,0,-4.73375,0.00660833,4.6,0,-0.105361,0,-3.59629,0.367033,africa,All,#4682B4,0
6,6,-13.0526,-2.1133,2.62992,0.0333905,-4.44857,-0.0560843,-2.99573,0,-4.74273,-0.0023701,4.6,0,-0.105361,0,-3.74608,0.217243,africa,All,#4682B4,0
7,6,-14.8689,-3.9296,2.56921,-0.0273207,-4.40079,-0.00830781,-2.99573,0,-4.73039,0.00996659,4.6,0,-0.105361,0,-3.90122,0.0621111,africa,All,#4682B4,0
8,6,-14.124,-3.18471,2.60676,0.0102292,-4.3827,0.00978829,-2.99573,0,-4.74827,-0.00790802,4.6,0,-0.105361,0,-3.31468,0.648652,africa,All,#4682B4,0
9,6,-15.5162,-4.57695,2.61705,0.0205207,-4.40049,-0.00800829,-2.99573,0,-4.72915,0.0112141,4.6,0,-0.105361,0,-3.87798,0.0853449,africa,All,#4682B4,0
10,6,-13.0786,-2.13937,2.6109,0.0143719,-4.36215,0.030331,-2.99573,0,-4.74034,1.94634e-05,4.6,0,-0.105361,0,-3.73425,0.229081,africa,All,#4682B4,0
1,7,-10.5108,0.428484,2.58894,-0.00759066,-4.41991,-0.0274297,-2.99573,0,-4.74115,-0.000789028,4.6,0,-0.105361,0,-3.2435,0.719823,africa,All,#4682B4,0
2,7,-12.3612,-1.4219,2.57713,-0.0193985,-4.39692,-0.00443561,-2.99573,0,-4.73804,0.00231692,4.6,0,-0.105361,0,-3.02127,0.94206,africa,All,#4682B4,0
3,7,-14.6862,-3.74693,2.59312,-0.00340545,-4.3858,0.00667953,-2.99573,0,-4.73925,0.0011102,4.6,0,-0.105361,0,-3.04741,0.915916,africa,All,#4682B4,0
4,7,-16.5827,-5.64342,2.57443,-0.0220964,-4.3938,-0.00131821,-2.99573,0,-4.74845,-0.00809334,4.6,0,-0.105361,0,-3.0582,0.905131,africa,All,#4682B4,0
5,7,-13.9988,-3.05954,2.61011,0.0135803,-4.371,0.0214788,-2.99573,0,-4.74117,-0.000809476,4.6,0,-0.105361,0,-3.22497,0.738362,africa,All,#4682B4,0
6,7,-15.7578,-4.81851,2.58304,-0.0134844,-4.38559,0.006893,-2.99573,0,-4.74236,-0.00199701,4.6,0,-0.105361,0,-3.02727,0.936056,africa,All,#4682B4,0
7,7,-17.4754,-6.53618,2.60307,0.00654171,-4.35216,0.0403218,-2.99573,0,-4.7355,0.00486013,4.6,0,-0.105361,0,-3.27189,0.691433,africa,All,#4682B4,0
8,7,-13.2901,-2.35082,2.60094,0.00441247,-4.3912,0.00127984,-2.99573,0,-4.73557,0.00479124,4.6,0,-0.105361,0,-3.27634,0.686987,africa,All,#4682B4,0
9,7,-16.4459,-5.50666,2.58695,-0.00958329,-4.40163,-0.00914752,-2.99573,0,-4.73863,0.00173316,4.6,0,-0.105361,0,-3.18252,0.780808,africa,All,#4682B4,0
10,7,-15.709,-4.76978,2.58607,-0.0104584,-4.36765,0.0248313,-2.99573,0,-4.74992,-0.00955927,4.6,0,-0.105361,0,-3.29071,0.672616,africa,All,#4682B4,0
1,8,-13.5557,-2.61643,2.59623,-0.000302895,-4.38216,0.0103227,-2.99573,0,-4.73911,0.00125261,4.6,0,-0.105361,0,-3.53536,0.427968,africa,All,#4682B4,0
2,8,-12.1547,-1.21543,2.57733,-0.019197,-4.40121,-0.00872761,-2.99573,0,-4.73565,0.00470824,4.6,0,-0.105361,0,-4.6334,-0.670076,africa,All,#4682B4,0
3,8,-12.0474,-1.10809,2.60599,0.00946082,-4.37808,0.0144078,-2.99573,0,-4.74337,-0.003014,4.6,0,-0.105361,0,-4.68542,-0.722098,africa,All,#4682B4,0
4,8,-10.856,0.083241,2.58167,-0.0148572,-4.4158,-0.023317,-2.99573,0,-4.72855,0.011815,4.6,0,-0.105361,0,-3.23665,0.726678,africa,All,#4682B4,0
5,8,-11.7036,-0.764383,2.57815,-0.018383,-4.3866,0.00588147,-2.99573,0,-4.72865,0.0117076,4.6,0,-0.105361,0,-3.89907,0.0642583,africa,All,#4682B4,0
6,8,-11.7224,-0.783177,2.59285,-0.00368157,-4.39213,0.000356255,-2.99573,0,-4.73464,0.00571566,4.6,0,-0.105361,0,-4.12835,-0.165028,africa,All,#4682B4,0
7,8,-12.1962,-1.25689,2.59046,-0.0060735,-4.40542,-0.012938,-2.99573,0,-4.7464,-0.00603675,4.6,0,-0.105361,0,-4.22977,-0.266442,africa,All,#4682B4,0
8,8,-11.9345,-0.995213,2.59875,0.00222019,-4.40401,-0.011531,-2.99573,0,-4.75286,-0.0124956,4.6,0,-0.105361,0,-4.69976,-0.73643,africa,All,#4682B4,0
9,8,-12.536,-1.59675,2.58982,-0.00671041,-4.40808,-0.015593,-2.99573,0,-4.74517,-0.00480569,4.6,0,-0.105361,0,-4.74175,-0.778426,africa,All,#4682B4,0
10,8,-11.9464,-1.00718,2.6524,0.0558752,-4.37738,0.0151052,-2.99573,0,-4.74335,-0.00298772,4.6,0,-0.105361,0,-4.94449,-0.981158,africa,All,#4682B4,0
1,9,-17.2651,-6.32584,2.62074,0.0242077,-4.38111,0.0113775,-2.99573,0,-4.73825,0.00210799,4.6,0,-0.105361,0,-3.30571,0.657619,africa,All,#4682B4,0
2,9,-13.4772,-2.5379,2.61697,0.0204372,-4.37209,0.0203888,-2.99573,0,-4.74629,-0.00592496,4.6,0,-0.105361,0,-3.64465,0.318676,africa,All,#4682B4,0
3,9,-11.6447,-0.705448,2.59323,-0.00329706,-4.39388,-0.00139649,-2.99573,0,-4.74691,-0.0065533,4.6,0,-0.105361,0,-3.93566,0.0276635,africa,All,#4682B4,0
4,9,-16.709,-5.76976,2.592,-0.00452799,-4.33681,0.0556745,-2.99573,0,-4.75256,-0.0121986,4.6,0,-0.105361,0,-3.86837,0.0949578,africa,All,#4682B4,0
5,9,-11.4357,-0.496483,2.59937,0.00283617,-4.39833,-0.00584263,-2.99573,0,-4.73552,0.00483857,4.6,0,-0.105361,0,-3.68435,0.278973,africa,All,#4682B4,0
6,9,-14.4855,-3.5462,2.5809,-0.0156304,-4.377,0.0154862,-2.99573,0,-4.73088,0.0094759,4.6,0,-0.105361,0,-3.53126,0.432066,africa,All,#4682B4,0
7,9,-12.4801,-1.54084,2.60803,0.0114966,-4.38611,0.00637672,-2.99573,0,-4.74355,-0.00318577,4.6,0,-0.105361,0,-3.79451,0.168821,africa,All,#4682B4,0
8,9,-13.2253,-2.28602,2.5994,0.0028752,-4.38154,0.0109451,-2.99573,0,-4.75087,-0.0105081,4.6,0,-0.105361,0,-3.48592,0.47741,africa,All,#4682B4,0
9,9,-9.84167,1.0976,2.59324,-0.00328455,-4.43469,-0.0422053,-2.99573,0,-4.72905,0.011306,4.6,0,-0.105361,0,-3.92694,0.0363918,africa,All,#4682B4,0
10,9,-12.0551,-1.11587,2.59883,0.00229939,-4.36187,0.0306182,-2.99573,0,-4.73843,0.00193065,4.6,0,-0.105361,0,-3.90397,0.0593614,africa,All,#4682B4,0
1,10,-12.7834,-1.84414,2.60937,0.0128375,-4.41915,-0.0266709,-2.99573,0,-4.74503,-0.00466734,4.6,0,-0.105361,0,-4.33595,-0.372621,africa,All,#4682B4,0
2,10,-11.5085,-0.569219,2.61084,0.0143155,-4.41964,-0.0271562,-2.99573,0,-4.74373,-0.00336833,4.6,0,-0.105361,0,-4.31923,-0.355907,africa,All,#4682B4,0
3,10,-12.9624,-2.02314,2.5901,-0.00643166,-4.39513,-0.00264553,-2.99573,0,-4.73062,0.00973923,4.6,0,-0.105361,0,-3.70776,0.255567,africa,All,#4682B4,0
4,10,-13.6809,-2.74161,2.59871,0.0021819,-4.41725,-0.0247655,-2.99573,0,-4.74816,-0.00780085,4.6,0,-0.105361,0,-4.39793,-0.434601,africa,All,#4682B4,0
5,10,-11.9119,-0.972677,2.57922,-0.0173048,-4.40972,-0.017237,-2.99573,0,-4.73437,0.00599338,4.6,0,-0.105361,0,-4.5909,-0.627569,africa,All,#4682B4,0
6,10,-12.594,-1.65471,2.60484,0.00830852,-4.42943,-0.0369515,-2.99573,0,-4.73677,0.00359264,4.6,0,-0.105361,0,-4.02137,-0.0580474,africa,All,#4682B4,0
7,10,-12.7568,-1.81751,2.61204,0.0155098,-4.4113,-0.0188158,-2.99573,0,-4.74153,-0.0011696,4.6,0,-0.105361,0,-4.08949,-0.126165,africa,All,#4682B4,0
8,10,-13.0275,-2.08821,2.60863,0.0121014,-4.40838,-0.0158938,-2.99573,0,-4.73069,0.00966817,4.6,0,-0.105361,0,-4.34252,-0.379196,africa,All,#4682B4,0
9,10,-12.8013,-1.86199,2.61049,0.0139594,-4.40199,-0.00951012,-2.99573,0,-4.73594,0.0044228,4.6,0,-0.105361,0,-4.26753,-0.304199,africa,All,#4682B4,0
10,10,-11.6637,-0.724482,2.58897,-0.00756041,-4.42837,-0.0358899,-2.99573,0,-4.73984,0.000516046,4.6,0,-0.105361,0,-4.71282,-0.749492,africa,All,#4682B4,0
1,11,-8.26578,2.67349,2.55698,-0.0395503,-4.44198,-0.0494951,-2.99573,0,-4.74404,-0.00367515,4.6,0,-0.105361,0,-4.50542,-0.542089,africa,All,#4682B4,0
2,11,-7.55225,3.38701,2.62043,0.0239028,-4.40605,-0.013571,-2.99573,0,-4.73997,0.000388045,4.6,0,-0.105361,0,-4.33981,-0.376488,africa,All,#4682B4,0
3,11,-8.19771,2.74156,2.5952,-0.00132632,-4.40747,-0.0149902,-2.99573,0,-4.75117,-0.0108104,4.6,0,-0.105361,0,-4.301,-0.337673,africa,All,#4682B4,0
4,11,-7.64851,3.29075,2.61106,0.0145331,-4.41689,-0.0244107,-2.99573,0,-4.74622,-0.00585937,4.6,0,-0.105361,0,-4.16845,-0.205124,africa,All,#4682B4,0
5,11,-9.59263,1.34664,2.5916,-0.00492557,-4.38117,0.0113116,-2.99573,0,-4.74145,-0.00109419,4.6,0,-0.105361,0,-4.58496,-0.621636,africa,All,#4682B4,0
6,11,-6.95118,3.98809,2.60616,0.00963565,-4.38725,0.00523556,-2.99573,0,-4.74461,-0.00425007,4.6,0,-0.105361,0,-4.85,-0.886671,africa,All,#4682B4,0
7,11,-8.33009,2.60918,2.59633,-0.000198732,-4.39764,-0.00515557,-2.99573,0,-4.73522,0.00514256,4.6,0,-0.105361,0,-4.38356,-0.420232,africa,All,#4682B4,0
8,11,-8.09346,2.84581,2.61971,0.0231852,-4.3681,0.0243796,-2.99573,0,-4.73479,0.00556747,4.6,0,-0.105361,0,-4.5311,-0.567772,africa,All,#4682B4,0
9,11,-8.7045,2.23477,2.58347,-0.0130545,-4.40266,-0.0101764,-2.99573,0,-4.74298,-0.00262365,4.6,0,-0.105361,0,-4.22348,-0.260152,africa,All,#4682B4,0
10,11,-8.66799,2.27128,2.57296,-0.0235726,-4.37806,0.0144248,-2.99573,0,-4.73479,0.00557516,4.6,0,-0.105361,0,-4.72815,-0.764818,africa,All,#4682B4,0
1,12,-11.748,-0.808736,2.60421,0.00768178,-4.32559,0.0668932,-2.99573,0,-4.73716,0.00319661,4.6,0,-0.105361,0,-4.44464,-0.481312,africa,All,#4682B4,0
2,12,-13.2725,-2.33322,2.59312,-0.00340684,-4.37297,0.0195093,-2.99573,0,-4.75292,-0.0125568,4.6,0,-0.105361,0,-4.26921,-0.305884,africa,All,#4682B4,0
3,12,-15.0881,-4.14884,2.58548,-0.0110459,-4.37724,0.015245,-2.99573,0,-4.75202,-0.0116546,4.6,0,-0.105361,0,-3.52142,0.441907,africa,All,#4682B4,0
4,12,-8.81745,2.12181,2.5932,-0.00332823,-4.4223,-0.0298167,-2.99573,0,-4.726,0.0143636,4.6,0,-0.105361,0,-3.32995,0.633375,africa,All,#4682B4,0
5,12,-14.2872,-3.3479,2.58808,-0.00844901,-4.38869,0.00379812,-2.99573,0,-4.74392,-0.00355856,4.6,0,-0.105361,0,-3.42997,0.533357,africa,All,#4682B4,0
6,12,-10.3177,0.621558,2.59889,0.00236571,-4.39044,0.00204102,-2.99573,0,-4.74409,-0.00373309,4.6,0,-0.105361,0,-3.68279,0.280539,africa,All,#4682B4,0
7,12,-12.0791,-1.13986,2.59387,-0.00265757,-4.42972,-0.0372405,-2.99573,0,-4.74165,-0.00128557,4.6,0,-0.105361,0,-4.76078,-0.797455,africa,All,#4682B4,0
8,12,-10.211,0.728229,2.61316,0.0166296,-4.38906,0.00342293,-2.99573,0,-4.72803,0.0123314,4.6,0,-0.105361,0,-3.76512,0.19821,africa,All,#4682B4,0
9,12,-13.4817,-2.54239,2.58193,-0.0145955,-4.40975,-0.0172685,-2.99573,0,-4.74133,-0.000966168,4.6,0,-0.105361,0,-3.31819,0.645141,africa,All,#4682B4,0
10,12,-11.4974,-0.558153,2.62312,0.0265922,-4.38045,0.0120294,-2.99573,0,-4.74801,-0.00765281,4.6,0,-0.105361,0,-3.50214,0.461191,africa,All,#4682B4,0
1,13,-11.8256,-0.886342,2.58851,-0.00801901,-4.35865,0.0338352,-2.99573,0,-4.73615,0.00421189,4.6,0,-0.105361,0,-3.30103,0.662301,africa,All,#4682B4,0
2,13,-9.57646,1.36281,2.58521,-0.0113148,-4.42825,-0.0357664,-2.99573,0,-4.74005,0.000311119,4.6,0,-0.105361,0,-3.10301,0.860316,africa,All,#4682B4,0
3,13,-14.6894,-3.75016,2.6148,0.0182728,-4.34597,0.0465121,-2.99573,0,-4.74736,-0.00699573,4.6,0,-0.105361,0,-3.26746,0.695872,africa,All,#4682B4,0
4,13,-11.0946,-0.155295,2.62715,0.0306229,-4.34656,0.0459214,-2.99573,0,-4.74357,-0.00321111,4.6,0,-0.105361,0,-3.06415,0.899182,africa,All,#4682B4,0
5,13,-12.8292,-1.88989,2.57025,-0.0262749,-4.36626,0.0262244,-2.99573,0,-4.74972,-0.009355,4.6,0,-0.105361,0,-3.33522,0.628104,africa,All,#4682B4,0
6,13,-12.9707,-2.03145,2.57949,-0.0170348,-4.39704,-0.00455962,-2.99573,0,-4.73382,0.0065415,4.6,0,-0.105361,0,-2.62358,1.33974,africa,All,#4682B4,0
7,13,-13.828,-2.88872,2.59371,-0.00282406,-4.40808,-0.0155965,-2.99573,0,-4.73641,0.00395297,4.6,0,-0.105361,0,-3.22635,0.736972,africa,All,#4682B4,0
8,13,-9.8262,1.11306,2.6183,0.021766,-4.38204,0.0104464,-2.99573,0,-4.74825,-0.00788549,4.6,0,-0.105361,0,-3.24205,0.721281,africa,All,#4682B4,0
9,13,-7.51372,3.42555,2.59905,0.00252115,-4.40782,-0.0153414,-2.99573,0,-4.75132,-0.0109592,4.6,0,-0.105361,0,-4.17703,-0.213702,africa,All,#4682B4,0
10,13,-15.7947,-4.85546,2.60515,0.00862171,-4.35906,0.0334236,-2.99573,0,-4.73611,0.00424651,4.6,0,-0.105361,0,-3.0983,0.865027,africa,All,#4682B4,0
1,14,-9.45765,1.48162,2.60209,0.00556184,-4.3649,0.0275854,-2.99573,0,-4.73932,0.00103724,4.6,0,-0.105361,0,-2.9829,0.980431,africa,All,#4682B4,0
2,14,-8.11227,2.827,2.60027,0.00374261,-4.38864,0.00384139,-2.99573,0,-4.72386,0.0165007,4.6,0,-0.105361,0,-2.59592,1.3674,africa,All,#4682B4,0
3,14,-7.81359,3.12568,2.61585,0.019324,-4.39052,0.00196213,-2.99573,0,-4.75432,-0.0139631,4.6,0,-0.105361,0,-3.07786,0.885469,africa,All,#4682B4,0
4,14,-7.65541,3.28386,2.60434,0.00780818,-4.36993,0.0225577,-2.99573,0,-4.73828,0.00208455,4.6,0,-0.105361,0,-3.25071,0.712619,africa,All,#4682B4,0
5,14,-7.58202,3.35725,2.59402,-0.00250754,-4.40176,-0.00927899,-2.99573,0,-4.74326,-0.00289756,4.6,0,-0.105361,0,-4.14315,-0.179821,africa,All,#4682B4,0
6,14,-8.93313,2.00614,2.58105,-0.0154792,-4.38866,0.00382773,-2.99573,0,-4.74056,-0.000201675,4.6,0,-0.105361,0,-3.31165,0.651674,africa,All,#4682B4,0
7,14,-5.4721,5.46717,2.58784,-0.00868738,-4.47025,-0.0777714,-2.99573,0,-4.73663,0.00372577,4.6,0,-0.105361,0,-3.51061,0.452717,africa,All,#4682B4,0
8,14,-6.58079,4.35848,2.58871,-0.00782109,-4.45367,-0.0611843,-2.99573,0,-4.73322,0.00714313,4.6,0,-0.105361,0,-3.38149,0.581833,africa,All,#4682B4,0
9,14,-6.30431,4.63495,2.60883,0.0122964,-4.3639,0.0285799,-2.99573,0,-4.73524,0.00512314,4.6,0,-0.105361,0,-3.37014,0.593184,africa,All,#4682B4,0
10,14,-7.77332,3.16594,2.63302,0.036495,-4.39699,-0.00450171,-2.99573,0,-4.7443,-0.00393592,4.6,0,-0.105361,0,-3.2641,0.699226,africa,All,#4682B4,0
1,15,-10.6471,0.292181,2.60474,0.00820949,-4.38996,0.00252762,-2.99573,0,-4.7326,0.00776298,4.6,0,-0.105361,0,-4.54878,-0.585457,africa,All,#4682B4,0
2,15,-9.7026,1.23666,2.60126,0.00473504,-4.36924,0.0232412,-2.99573,0,-4.74313,-0.00276978,4.6,0,-0.105361,0,-3.98699,-0.0236636,africa,All,#4682B4,0
3,15,-9.66372,1.27555,2.60681,0.0102802,-4.37434,0.0181452,-2.99573,0,-4.74026,0.000104085,4.6,0,-0.105361,0,-3.93179,0.0315406,africa,All,#4682B4,0
4,15,-11.0945,-0.155245,2.58087,-0.0156589,-4.38304,0.0094386,-2.99573,0,-4.74468,-0.00431952,4.6,0,-0.105361,0,-4.42923,-0.465899,africa,All,#4682B4,0
5,15,-12.0866,-1.14738,2.58845,-0.00808264,-4.35276,0.0397207,-2.99573,0,-4.74242,-0.0020623,4.6,0,-0.105361,0,-4.69894,-0.735611,africa,All,#4682B4,0
6,15,-10.763,0.176286,2.59899,0.00246005,-4.42325,-0.030766,-2.99573,0,-4.75199,-0.0116311,4.6,0,-0.105361,0,-4.1078,-0.144476,africa,All,#4682B4,0
7,15,-9.97345,0.965816,2.59387,-0.00265548,-4.38093,0.0115541,-2.99573,0,-4.73452,0.0058426,4.6,0,-0.105361,0,-4.3077,-0.344369,africa,All,#4682B4,0
8,15,-8.3329,2.60637,2.59402,-0.0025058,-4.44339,-0.0509105,-2.99573,0,-4.73566,0.0047016,4.6,0,-0.105361,0,-4.4536,-0.490269,africa,All,#4682B4,0
9,15,-8.74864,2.19063,2.60012,0.00359297,-4.41842,-0.0259402,-2.99573,0,-4.7443,-0.00394099,4.6,0,-0.105361,0,-3.96042,0.00290228,africa,All,#4682B4,0
10,15,-9.16825,1.77101,2.58379,-0.0127419,-4.39862,-0.00613245,-2.99573,0,-4.72964,0.0107192,4.6,0,-0.105361,0,-4.79888,-0.835555,africa,All,#4682B4,0
1,16,-7.56822,3.37104,2.58552,-0.0110111,-4.38187,0.0106151,-2.99573,0,-4.72631,0.0140524,4.6,0,-0.105361,0,-3.89607,0.0672545,africa,All,#4682B4,0
2,16,-8.21792,2.72135,2.60973,0.0131986,-4.36403,0.0284518,-2.99573,0,-4.7415,-0.00113737,4.6,0,-0.105361,0,-3.89574,0.0675822,africa,All,#4682B4,0
3,16,-6.23814,4.70113,2.61617,0.0196419,-4.41146,-0.0189801,-2.99573,0,-4.72922,0.0111386,4.6,0,-0.105361,0,-5.18738,-1.22406,africa,All,#4682B4,0
4,16,-8.22245,2.71682,2.62426,0.0277321,-4.35972,0.032759,-2.99573,0,-4.74497,-0.00461383,4.6,0,-0.105361,0,-4.07284,-0.109514,africa,All,#4682B4,0
5,16,-9.61802,1.32124,2.59592,-0.000609666,-4.38662,0.00586568,-2.99573,0,-4.74124,-0.000875034,4.6,0,-0.105361,0,-3.93314,0.0301879,africa,All,#4682B4,0
6,16,-6.24321,4.69606,2.5907,-0.00582809,-4.39845,-0.00596911,-2.99573,0,-4.72268,0.0176793,4.6,0,-0.105361,0,-4.5598,-0.596477,africa,All,#4682B4,0
7,16,-6.99783,3.94144,2.60934,0.0128099,-4.40919,-0.0167075,-2.99573,0,-4.732,0.00836348,4.6,0,-0.105361,0,-3.85294,0.110382,africa,All,#4682B4,0
8,16,-10.5066,0.43264,2.59824,0.00171577,-4.35016,0.042327,-2.99573,0,-4.75668,-0.0163149,4.6,0,-0.105361,0,-5.21856,-1.25523,africa,All,#4682B4,0
9,16,-10.5248,0.414443,2.56991,-0.0266149,-4.35631,0.0361684,-2.99573,0,-4.73665,0.00370604,4.6,0,-0.105361,0,-3.92912,0.0342038,africa,All,#4682B4,0
10,16,-6.12944,4.80982,2.6117,0.0151704,-4.39419,-0.00170974,-2.99573,0,-4.73422,0.00614089,4.6,0,-0.105361,0,-4.01933,-0.0559979,africa,All,#4682B4,0
1,17,-12.1076,-1.1683,2.58723,-0.00929471,-4.33782,0.0546643,-2.99573,0,-4.72514,0.0152158,4.6,0,-0.105361,0,-4.05499,-0.0916587,africa,All,#4682B4,0
2,17,-10.9727,-0.0333938,2.60638,0.00984597,-4.39333,-0.000850441,-2.99573,0,-4.73852,0.00183675,4.6,0,-0.105361,0,-3.53332,0.430003,africa,All,#4682B4,0
3,17,-10.4917,0.447551,2.60026,0.00372811,-4.38687,0.005616,-2.99573,0,-4.74279,-0.00243223,4.6,0,-0.105361,0,-4.24854,-0.285216,africa,All,#4682B4,0
4,17,-11.4502,-0.510984,2.5884,-0.00812599,-4.393,-0.000516649,-2.99573,0,-4.73756,0.00280095,4.6,0,-0.105361,0,-4.60887,-0.645547,africa,All,#4682B4,0
5,17,-13.3172,-2.37795,2.61815,0.0216174,-4.32285,0.069635,-2.99573,0,-4.74807,-0.00770546,4.6,0,-0.105361,0,-3.6779,0.285431,africa,All,#4682B4,0
6,17,-9.8607,1.07856,2.59401,-0.00251828,-4.43556,-0.0430787,-2.99573,0,-4.74374,-0.00337569,4.6,0,-0.105361,0,-3.75205,0.211274,africa,All,#4682B4,0
7,17,-10.0942,0.845091,2.6185,0.0219722,-4.36955,0.0229342,-2.99573,0,-4.74454,-0.00417468,4.6,0,-0.105361,0,-3.94782,0.0155095,africa,All,#4682B4,0
8,17,-9.72917,1.21009,2.59057,-0.00596125,-4.39561,-0.00312691,-2.99573,0,-4.7398,0.000557473,4.6,0,-0.105361,0,-4.02129,-0.0579599,africa,All,#4682B4,0
9,17,-13.1769,-2.23761,2.58254,-0.0139903,-4.41,-0.0175124,-2.99573,0,-4.74055,-0.000188856,4.6,0,-0.105361,0,-3.81857,0.14476,africa,All,#4682B4,0
10,17,-9.04504,1.89423,2.58871,-0.0078152,-4.44485,-0.0523618,-2.99573,0,-4.74267,-0.00230957,4.6,0,-0.105361,0,-4.26595,-0.302626,africa,All,#4682B4,0
1,18,-2.22373,8.71554,2.59329,-0.0032358,-4.3561,0.0363785,-2.99573,0,-4.73759,0.00277081,4.6,0,-0.105361,0,-3.27852,0.684811,africa,All,#4682B4,0
2,18,-5.892,5.04727,2.61255,0.0160211,-4.33438,0.0581,-2.99573,0,-4.74035,1.00087e-05,4.6,0,-0.105361,0,-3.23265,0.730675,africa,All,#4682B4,0
3,18,-1.67054,9.26873,2.61633,0.0198044,-4.36078,0.0317058,-2.99573,0,-4.75294,-0.0125774,4.6,0,-0.105361,0,-3.6613,0.30203,africa,All,#4682B4,0
4,18,-2.96672,7.97255,2.58243,-0.0140999,-4.38538,0.00709861,-2.99573,0,-4.73764,0.00271998,4.6,0,-0.105361,0,-3.5508,0.412528,africa,All,#4682B4,0
5,18,-1.12914,9.81013,2.59613,-0.000401176,-4.37423,0.0182507,-2.99573,0,-4.73352,0.00683639,4.6,0,-0.105361,0,-4.02685,-0.0635272,africa,All,#4682B4,0
6,18,-0.775901,10.1634,2.60783,0.011298,-4.39461,-0.0021219,-2.99573,0,-4.74577,-0.00541165,4.6,0,-0.105361,0,-4.09816,-0.134833,africa,All,#4682B4,0
7,18,-4.12512,6.81414,2.58322,-0.0133093,-4.40022,-0.00773554,-2.99573,0,-4.74431,-0.00394728,4.6,0,-0.105361,0,-3.42858,0.534746,africa,All,#4682B4,0
8,18,-2.51936,8.41991,2.55442,-0.0421053,-4.37165,0.0208343,-2.99573,0,-4.74213,-0.00177077,4.6,0,-0.105361,0,-4.48576,-0.52243,africa,All,#4682B4,0
9,18,-4.03231,6.90696,2.58957,-0.00695842,-4.30481,0.087669,-2.99573,0,-4.74303,-0.00267029,4.6,0,-0.105361,0,-3.7665,0.196826,africa,All,#4682B4,0
10,18,-2.12995,8.80931,2.58203,-0.0145039,-4.38308,0.00940591,-2.99573,0,-4.74696,-0.00659919,4.6,0,-0.105361,0,-3.89463,0.0687017,africa,All,#4682B4,0
1,19,-15.0753,-4.136,2.56188,-0.0346486,-4.35323,0.0392543,-2.99573,0,-4.74432,-0.0039638,4.6,0,-0.105361,0,-3.92737,0.0359529,africa,All,#4682B4,0
2,19,-12.7297,-1.79039,2.59848,0.00195363,-4.43115,-0.0386645,-2.99573,0,-4.73699,0.00337336,4.6,0,-0.105361,0,-4.48338,-0.520051,africa,All,#4682B4,0
3,19,-13.5918,-2.65257,2.60107,0.0045407,-4.4097,-0.0172176,-2.99573,0,-4.74513,-0.00477351,4.6,0,-0.105361,0,-3.64879,0.314533,africa,All,#4682B4,0
4,19,-14.4407,-3.50143,2.60381,0.007285,-4.43372,-0.0412348,-2.99573,0,-4.75386,-0.013499,4.6,0,-0.105361,0,-4.11281,-0.149481,africa,All,#4682B4,0
5,19,-14.5572,-3.61797,2.6123,0.0157699,-4.38661,0.00587216,-2.99573,0,-4.74006,0.000303508,4.6,0,-0.105361,0,-4.3876,-0.424273,africa,All,#4682B4,0
6,19,-17.0105,-6.07127,2.59847,0.00194433,-4.38098,0.0115055,-2.99573,0,-4.74743,-0.00706658,4.6,0,-0.105361,0,-4.61303,-0.649707,africa,All,#4682B4,0
7,19,-17.4325,-6.49326,2.60378,0.00725399,-4.35133,0.0411513,-2.99573,0,-4.74602,-0.00565867,4.6,0,-0.105361,0,-3.56365,0.399673,africa,All,#4682B4,0
8,19,-14.9526,-4.01337,2.61677,0.0202378,-4.40527,-0.012788,-2.99573,0,-4.75127,-0.0109087,4.6,0,-0.105361,0,-3.80451,0.158817,africa,All,#4682B4,0
9,19,-19.3614,-8.42209,2.58431,-0.0122179,-4.38205,0.0104306,-2.99573,0,-4.74473,-0.00437264,4.6,0,-0.105361,0,-4.27802,-0.314689,africa,All,#4682B4,0
10,19,-15.3173,-4.37801,2.59492,-0.00160941,-4.36325,0.029235,-2.99573,0,-4.7381,0.00226133,4.6,0,-0.105361,0,-4.28183,-0.318503,africa,All,#4682B4,0
1,20,-9.61811,1.32116,2.60202,0.00549377,-4.40032,-0.00783762,-2.99573,0,-4.73117,0.00919148,4.6,0,-0.105361,0,-4.57278,-0.609454,africa,All,#4682B4,0
2,20,-8.20797,2.73129,2.61106,0.0145263,-4.40403,-0.011548,-2.99573,0,-4.73294,0.00742534,4.6,0,-0.105361,0,-4.63998,-0.676653,africa,All,#4682B4,0
3,20,-10.9122,0.0270806,2.55751,-0.0390151,-4.40291,-0.0104302,-2.99573,0,-4.73235,0.00801246,4.6,0,-0.105361,0,-4.41772,-0.454393,africa,All,#4682B4,0
4,20,-7.59665,3.34262,2.58282,-0.0137139,-4.453,-0.0605123,-2.99573,0,-4.74552,-0.00516096,4.6,0,-0.105361,0,-4.07522,-0.111894,africa,All,#4682B4,0
5,20,-11.2005,-0.261278,2.59848,0.00195406,-4.36505,0.027434,-2.99573,0,-4.7345,0.00585727,4.6,0,-0.105361,0,-3.61223,0.351095,africa,All,#4682B4,0
6,20,-9.92182,1.01744,2.61598,0.0194478,-4.38623,0.00625435,-2.99573,0,-4.74776,-0.00739956,4.6,0,-0.105361,0,-3.83985,0.123479,africa,All,#4682B4,0
7,20,-9.62517,1.3141,2.58986,-0.00667157,-4.39544,-0.00295194,-2.99573,0,-4.73262,0.00773846,4.6,0,-0.105361,0,-4.32747,-0.364146,africa,All,#4682B4,0
8,20,-9.54834,1.39093,2.6331,0.0365678,-4.41059,-0.0181039,-2.99573,0,-4.74428,-0.00391932,4.6,0,-0.105361,0,-3.54208,0.421247,africa,All,#4682B4,0
9,20,-11.3115,-0.372203,2.56319,-0.033336,-4.38327,0.00921264,-2.99573,0,-4.74781,-0.00745023,4.6,0,-0.105361,0,-4.25984,-0.296515,africa,All,#4682B4,0
10,20,-12.4838,-1.54454,2.60596,0.00943304,-4.35667,0.0358112,-2.99573,0,-4.74455,-0.0041934,4.6,0,-0.105361,0,-4.7016,-0.73827,africa,All,#4682B4,0
1,21,-11.3412,-0.401933,2.59574,-0.000793989,-4.38986,0.00262349,-2.99573,0,-4.7281,0.0122633,4.6,0,-0.105361,0,-3.29974,0.663592,africa,All,#4682B4,0
2,21,-9.36363,1.57564,2.61827,0.0217384,-4.47318,-0.0806939,-2.99573,0,-4.74518,-0.00481957,4.6,0,-0.105361,0,-3.47234,0.490986,africa,All,#4682B4,0
3,21,-13.2488,-2.30957,2.58326,-0.0132687,-4.41756,-0.0250802,-2.99573,0,-4.73551,0.004854,4.6,0,-0.105361,0,-4.35579,-0.392467,africa,All,#4682B4,0
4,21,-11.6879,-0.748615,2.58187,-0.0146566,-4.40876,-0.0162728,-2.99573,0,-4.73481,0.00555168,4.6,0,-0.105361,0,-3.56848,0.394843,africa,All,#4682B4,0
5,21,-11.0125,-0.0732664,2.58131,-0.0152151,-4.45813,-0.0656505,-2.99573,0,-4.74012,0.000245375,4.6,0,-0.105361,0,-4.56117,-0.597843,africa,All,#4682B4,0
6,21,-15.6866,-4.74734,2.58026,-0.0162674,-4.37755,0.0149367,-2.99573,0,-4.74471,-0.0043517,4.6,0,-0.105361,0,-4.05049,-0.0871617,africa,All,#4682B4,0
7,21,-13.4695,-2.53023,2.60671,0.0101817,-4.38937,0.00310862,-2.99573,0,-4.74241,-0.00205426,4.6,0,-0.105361,0,-2.77687,1.18646,africa,All,#4682B4,0
8,21,-13.3483,-2.40901,2.58684,-0.00968743,-4.37891,0.0135779,-2.99573,0,-4.73757,0.00278896,4.6,0,-0.105361,0,-3.41259,0.550741,africa,All,#4682B4,0
9,21,-14.3363,-3.39707,2.58654,-0.00998778,-4.41658,-0.024099,-2.99573,0,-4.74115,-0.000786696,4.6,0,-0.105361,0,-3.88502,0.0783065,africa,All,#4682B4,0
10,21,-12.6748,-1.73554,2.59533,-0.00119606,-4.39095,0.00153287,-2.99573,0,-4.73867,0.00169523,4.6,0,-0.105361,0,-3.79705,0.166278,africa,All,#4682B4,0
1,22,-17.8391,-6.89986,2.63833,0.0417981,-4.39944,-0.0069591,-2.99573,0,-4.74971,-0.00934777,4.6,0,-0.105361,0,-3.42507,0.53826,africa,All,#4682B4,0
2,22,-15.2801,-4.34085,2.60834,0.0118129,-4.36878,0.0236997,-2.99573,0,-4.74061,-0.000247983,4.6,0,-0.105361,0,-3.92542,0.0379116,africa,All,#4682B4,0
3,22,-16.8359,-5.89666,2.60354,0.00700625,-4.4557,-0.0632136,-2.99573,0,-4.74265,-0.00228756,4.6,0,-0.105361,0,-3.33325,0.630077,africa,All,#4682B4,0
4,22,-15.2582,-4.31889,2.60722,0.0106926,-4.425,-0.0325196,-2.99573,0,-4.73957,0.000793765,4.6,0,-0.105361,0,-3.43063,0.532699,africa,All,#4682B4,0
5,22,-15.8102,-4.87089,2.60509,0.00855793,-4.38722,0.00526058,-2.99573,0,-4.74119,-0.000828548,4.6,0,-0.105361,0,-3.52189,0.44144,africa,All,#4682B4,0
6,22,-13.7802,-2.84098,2.61123,0.0147042,-4.44435,-0.0518663,-2.99573,0,-4.73753,0.00283221,4.6,0,-0.105361,0,-3.96279,0.000541113,africa,All,#4682B4,0
7,22,-13.3369,-2.39759,2.58926,-0.00727311,-4.44762,-0.0551348,-2.99573,0,-4.73288,0.00747584,4.6,0,-0.105361,0,-3.08375,0.879577,africa,All,#4682B4,0
8,22,-17.204,-6.26471,2.61706,0.0205277,-4.39479,-0.00231035,-2.99573,0,-4.73802,0.00234175,4.6,0,-0.105361,0,-4.26328,-0.29995,africa,All,#4682B4,0
9,22,-14.3263,-3.38705,2.60424,0.00770782,-4.42782,-0.035332,-2.99573,0,-4.73107,0.00929457,4.6,0,-0.105361,0,-3.53276,0.430569,africa,All,#4682B4,0
10,22,-16.8987,-5.95947,2.57822,-0.0183074,-4.41286,-0.0203807,-2.99573,0,-4.74936,-0.00900357,4.6,0,-0.105361,0,-4.34772,-0.38439,africa,All,#4682B4,0
1,23,-11.2954,-0.35615,2.59568,-0.00085166,-4.36889,0.0235975,-2.99573,0,-4.73283,0.00752566,4.6,0,-0.105361,0,-4.57969,-0.61636,africa,All,#4682B4,0
2,23,-10.9851,-0.0457948,2.60663,0.0101025,-4.43959,-0.0471078,-2.99573,0,-4.74991,-0.00954451,4.6,0,-0.105361,0,-4.70325,-0.739923,africa,All,#4682B4,0
3,23,-11.113,-0.17377,2.58858,-0.00794822,-4.41276,-0.0202735,-2.99573,0,-4.73598,0.00438466,4.6,0,-0.105361,0,-4.72641,-0.763079,africa,All,#4682B4,0
4,23,-11.5053,-0.566019,2.60905,0.0125258,-4.36316,0.0293208,-2.99573,0,-4.74178,-0.00142439,4.6,0,-0.105361,0,-4.66848,-0.705158,africa,All,#4682B4,0
5,23,-13.7144,-2.77516,2.60632,0.00978962,-4.36142,0.0310591,-2.99573,0,-4.74154,-0.00117779,4.6,0,-0.105361,0,-4.60532,-0.641994,africa,All,#4682B4,0
6,23,-15.4566,-4.51738,2.60441,0.00787722,-4.38269,0.0097978,-2.99573,0,-4.7417,-0.00133555,4.6,0,-0.105361,0,-3.97067,-0.00733933,africa,All,#4682B4,0
7,23,-10.2769,0.66234,2.58479,-0.0117381,-4.43709,-0.044605,-2.99573,0,-4.72895,0.0114115,4.6,0,-0.105361,0,-4.1206,-0.157269,africa,All,#4682B4,0
8,23,-9.8545,1.08476,2.58732,-0.00921388,-4.45579,-0.0633109,-2.99573,0,-4.74528,-0.00491958,4.6,0,-0.105361,0,-4.33842,-0.375091,africa,All,#4682B4,0
9,23,-14.0136,-3.07438,2.57577,-0.0207609,-4.37517,0.0173146,-2.99573,0,-4.73902,0.00134435,4.6,0,-0.105361,0,-3.91445,0.0488771,africa,All,#4682B4,0
10,23,-12.8107,-1.87145,2.57782,-0.0187115,-4.42632,-0.0338318,-2.99573,0,-4.74515,-0.00478713,4.6,0,-0.105361,0,-5.42574,-1.46241,africa,All,#4682B4,0
1,24,-10.8363,0.102959,2.61175,0.015222,-4.37699,0.0154911,-2.99573,0,-4.7455,-0.00513628,4.6,0,-0.105361,0,-4.71304,-0.749715,africa,All,#4682B4,0
2,24,-10.7707,0.168608,2.61572,0.0191908,-4.38467,0.00781673,-2.99573,0,-4.73325,0.007111,4.6,0,-0.105361,0,-4.28527,-0.321945,africa,All,#4682B4,0
3,24,-10.9421,-0.00287851,2.60414,0.00760872,-4.40935,-0.0168623,-2.99573,0,-4.73591,0.0044556,4.6,0,-0.105361,0,-3.59948,0.363848,africa,All,#4682B4,0
4,24,-11.6621,-0.72286,2.59889,0.00236043,-4.35899,0.0334928,-2.99573,0,-4.72077,0.0195898,4.6,0,-0.105361,0,-4.26805,-0.30472,africa,All,#4682B4,0
5,24,-9.54855,1.39072,2.60627,0.00974426,-4.41339,-0.0209077,-2.99573,0,-4.73626,0.00410552,4.6,0,-0.105361,0,-3.56412,0.399207,africa,All,#4682B4,0
6,24,-14.0195,-3.0802,2.60037,0.00384501,-4.36693,0.0255566,-2.99573,0,-4.74788,-0.00751549,4.6,0,-0.105361,0,-4.2644,-0.301072,africa,All,#4682B4,0
7,24,-11.2888,-0.349556,2.5851,-0.0114252,-4.35724,0.0352422,-2.99573,0,-4.74465,-0.00429383,4.6,0,-0.105361,0,-4.66246,-0.699128,africa,All,#4682B4,0
8,24,-9.35299,1.58628,2.61427,0.017743,-4.37563,0.0168487,-2.99573,0,-4.73954,0.000822347,4.6,0,-0.105361,0,-4.71351,-0.750182,africa,All,#4682B4,0
9,24,-8.01126,2.928,2.60765,0.0111259,-4.388,0.00447887,-2.99573,0,-4.72245,0.0179067,4.6,0,-0.105361,0,-4.44427,-0.480947,africa,All,#4682B4,0
10,24,-10.4955,0.443772,2.61195,0.0154238,-4.37912,0.0133666,-2.99573,0,-4.73715,0.00320571,4.6,0,-0.105361,0,-4.4699,-0.506575,africa,All,#4682B4,0
1,25,-11.6447,-0.705419,2.60505,0.00851784,-4.38565,0.0068354,-2.99573,0,-4.74887,-0.00851317,4.6,0,-0.105361,0,-4.25459,-0.291268,africa,All,#4682B4,0
2,25,-11.4758,-0.536526,2.59713,0.000601313,-4.40006,-0.00757974,-2.99573,0,-4.75302,-0.012656,4.6,0,-0.105361,0,-2.96981,0.993521,africa,All,#4682B4,0
3,25,-14.9344,-3.99518,2.59749,0.000960293,-4.33899,0.0534917,-2.99573,0,-4.7382,0.00216496,4.6,0,-0.105361,0,-2.75527,1.20806,africa,All,#4682B4,0
4,25,-10.9406,-0.00133912,2.57841,-0.0181178,-4.37827,0.0142104,-2.99573,0,-4.74307,-0.00271196,4.6,0,-0.105361,0,-3.67406,0.289266,africa,All,#4682B4,0
5,25,-15.1493,-4.21007,2.61384,0.01731,-4.43293,-0.0404456,-2.99573,0,-4.73842,0.00194076,4.6,0,-0.105361,0,-2.7444,1.21893,africa,All,#4682B4,0
6,25,-17.1312,-6.19194,2.57586,-0.0206665,-4.44887,-0.0563915,-2.99573,0,-4.74708,-0.00672314,4.6,0,-0.105361,0,-2.92427,1.03906,africa,All,#4682B4,0
7,25,-13.1394,-2.2001,2.58291,-0.0136163,-4.44377,-0.0512821,-2.99573,0,-4.73429,0.00606821,4.6,0,-0.105361,0,-3.14693,0.816397,africa,All,#4682B4,0
8,25,-13.9408,-3.00153,2.60377,0.00723998,-4.39002,0.00246574,-2.99573,0,-4.73621,0.004152,4.6,0,-0.105361,0,-3.19326,0.770064,africa,All,#4682B4,0
9,25,-12.8603,-1.92102,2.59543,-0.00110263,-4.3398,0.0526786,-2.99573,0,-4.73636,0.00399694,4.6,0,-0.105361,0,-3.66026,0.303064,africa,All,#4682B4,0
10,25,-10.6837,0.255613,2.6107,0.0141706,-4.42357,-0.0310884,-2.99573,0,-4.73691,0.00345523,4.6,0,-0.105361,0,-3.28193,0.681393,africa,All,#4682B4,0
1,26,-11.9639,-1.02462,2.6002,0.00367182,-4.43495,-0.0424713,-2.99573,0,-4.73322,0.00713975,4.6,0,-0.105361,0,-3.1999,0.763423,africa,All,#4682B4,0
2,26,-11.9177,-0.978421,2.61872,0.0221932,-4.41777,-0.0252869,-2.99573,0,-4.73583,0.00453032,4.6,0,-0.105361,0,-3.76833,0.194998,africa,All,#4682B4,0
3,26,-15.6055,-4.66619,2.6096,0.0130663,-4.41909,-0.02661,-2.99573,0,-4.74973,-0.00937128,4.6,0,-0.105361,0,-3.4707,0.492623,africa,All,#4682B4,0
4,26,-15.3306,-4.39129,2.60834,0.0118089,-4.3854,0.00708224,-2.99573,0,-4.74652,-0.00615919,4.6,0,-0.105361,0,-3.86228,0.101049,africa,All,#4682B4,0
5,26,-13.8078,-2.86851,2.58638,-0.0101496,-4.35836,0.03412,-2.99573,0,-4.73971,0.000649483,4.6,0,-0.105361,0,-4.31675,-0.353425,africa,All,#4682B4,0
6,26,-16.0321,-5.09282,2.59407,-0.00246097,-4.42164,-0.0291562,-2.99573,0,-4.74919,-0.00882544,4.6,0,-0.105361,0,-3.18773,0.775594,africa,All,#4682B4,0
7,26,-14.0997,-3.16047,2.60203,0.00550399,-4.40657,-0.0140881,-2.99573,0,-4.7268,0.0135606,4.6,0,-0.105361,0,-3.3747,0.58863,africa,All,#4682B4,0
8,26,-13.9076,-2.96835,2.59936,0.00283209,-4.45296,-0.0604771,-2.99573,0,-4.73453,0.00583399,4.6,0,-0.105361,0,-3.43592,0.527411,africa,All,#4682B4,0
9,26,-14.9821,-4.04282,2.6029,0.00636614,-4.3628,0.0296869,-2.99573,0,-4.73127,0.00909133,4.6,0,-0.105361,0,-3.64436,0.318967,africa,All,#4682B4,0
10,26,-13.6617,-2.72247,2.60681,0.0102828,-4.40421,-0.011729,-2.99573,0,-4.73808,0.00228004,4.6,0,-0.105361,0,-4.20935,-0.246024,africa,All,#4682B4,0
1,27,-11.7932,-0.853962,2.58892,-0.00761321,-4.38757,0.0049108,-2.99573,0,-4.74883,-0.00847084,4.6,0,-0.105361,0,-4.07108,-0.107752,africa,All,#4682B4,0
2,27,-10.299,0.640257,2.58392,-0.0126084,-4.41444,-0.0219577,-2.99573,0,-4.7381,0.00226428,4.6,0,-0.105361,0,-4.30646,-0.343137,africa,All,#4682B4,0
3,27,-12.8565,-1.9172,2.61915,0.0226211,-4.36944,0.0230455,-2.99573,0,-4.73862,0.00174407,4.6,0,-0.105361,0,-5.20437,-1.24104,africa,All,#4682B4,0
4,27,-11.8812,-0.941931,2.62075,0.0242164,-4.35451,0.0379707,-2.99573,0,-4.73921,0.00114926,4.6,0,-0.105361,0,-4.59724,-0.633913,africa,All,#4682B4,0
5,27,-12.327,-1.38772,2.57238,-0.0241499,-4.37465,0.0178349,-2.99573,0,-4.74524,-0.00488123,4.6,0,-0.105361,0,-5.17536,-1.21204,africa,All,#4682B4,0
6,27,-11.5891,-0.649869,2.60773,0.0112037,-4.41769,-0.0252112,-2.99573,0,-4.74231,-0.00194507,4.6,0,-0.105361,0,-4.31922,-0.355891,africa,All,#4682B4,0
7,27,-13.3323,-2.393,2.58692,-0.00960735,-4.37436,0.0181216,-2.99573,0,-4.74244,-0.00208332,4.6,0,-0.105361,0,-5.07718,-1.11386,africa,All,#4682B4,0
8,27,-12.1312,-1.19197,2.55725,-0.0392781,-4.42396,-0.0314721,-2.99573,0,-4.73749,0.00287542,4.6,0,-0.105361,0,-3.67211,0.291214,africa,All,#4682B4,0
9,27,-10.9051,0.0341584,2.59505,-0.00148287,-4.40107,-0.0085818,-2.99573,0,-4.74933,-0.00896777,4.6,0,-0.105361,0,-4.78783,-0.824505,africa,All,#4682B4,0
10,27,-11.8965,-0.957284,2.59518,-0.00134807,-4.37956,0.0129197,-2.99573,0,-4.7401,0.000262817,4.6,0,-0.105361,0,-4.77301,-0.809681,africa,All,#4682B4,0
1,28,-8.72469,2.21458,2.62672,0.0301946,-4.41401,-0.0215262,-2.99573,0,-4.74045,-8.45003e-05,4.6,0,-0.105361,0,-4.33749,-0.374161,africa,All,#4682B4,0
2,28,-8.0665,2.87276,2.63427,0.0377406,-4.38293,0.00955697,-2.99573,0,-4.73198,0.00838461,4.6,0,-0.105361,0,-5.26208,-1.29875,africa,All,#4682B4,0
3,28,-10.0476,0.891668,2.62732,0.0307871,-4.35824,0.0342417,-2.99573,0,-4.73863,0.00173135,4.6,0,-0.105361,0,-4.18873,-0.225399,africa,All,#4682B4,0
4,28,-11.1374,-0.198106,2.59723,0.000697877,-4.40186,-0.00937328,-2.99573,0,-4.74842,-0.00806201,4.6,0,-0.105361,0,-4.66997,-0.706642,africa,All,#4682B4,0
5,28,-9.7126,1.22667,2.61147,0.0149374,-4.39561,-0.00312925,-2.99573,0,-4.75378,-0.0134183,4.6,0,-0.105361,0,-4.09212,-0.128789,africa,All,#4682B4,0
6,28,-7.83716,3.10211,2.6219,0.025372,-4.40026,-0.00777548,-2.99573,0,-4.73186,0.00850255,4.6,0,-0.105361,0,-4.29532,-0.331997,africa,All,#4682B4,0
7,28,-10.8616,0.0776225,2.58748,-0.00904784,-4.41559,-0.0231061,-2.99573,0,-4.74838,-0.00802367,4.6,0,-0.105361,0,-4.29384,-0.330514,africa,All,#4682B4,0
8,28,-11.2235,-0.28422,2.58134,-0.0151865,-4.38149,0.0109962,-2.99573,0,-4.74846,-0.00809741,4.6,0,-0.105361,0,-4.33751,-0.37418,africa,All,#4682B4,0
9,28,-9.2427,1.69657,2.60137,0.00483634,-4.37909,0.0133976,-2.99573,0,-4.74573,-0.00537419,4.6,0,-0.105361,0,-4.51614,-0.552815,africa,All,#4682B4,0
10,28,-9.47894,1.46033,2.59986,0.00333103,-4.39837,-0.00588357,-2.99573,0,-4.72937,0.0109954,4.6,0,-0.105361,0,-3.76904,0.194292,africa,All,#4682B4,0
1,29,-14.7172,-3.77793,2.61297,0.0164426,-4.38137,0.0111101,-2.99573,0,-4.74063,-0.00026533,4.6,0,-0.105361,0,-3.64514,0.318188,africa,All,#4682B4,0
2,29,-16.6618,-5.72254,2.59844,0.00190851,-4.43658,-0.0440972,-2.99573,0,-4.75187,-0.0115115,4.6,0,-0.105361,0,-3.85231,0.111016,africa,All,#4682B4,0
3,29,-15.5474,-4.6081,2.60738,0.010846,-4.36906,0.0234248,-2.99573,0,-4.74081,-0.000447398,4.6,0,-0.105361,0,-3.83431,0.12902,africa,All,#4682B4,0
4,29,-17.8225,-6.88325,2.60122,0.00469219,-4.35724,0.0352459,-2.99573,0,-4.73901,0.00134599,4.6,0,-0.105361,0,-3.89944,0.0638881,africa,All,#4682B4,0
5,29,-16.7588,-5.81952,2.57188,-0.0246484,-4.40137,-0.00888477,-2.99573,0,-4.73671,0.00365549,4.6,0,-0.105361,0,-3.11962,0.843705,africa,All,#4682B4,0
6,29,-13.5704,-2.63113,2.6097,0.0131695,-4.39924,-0.00676094,-2.99573,0,-4.74176,-0.00139484,4.6,0,-0.105361,0,-3.81036,0.15297,africa,All,#4682B4,0
7,29,-13.9225,-2.98326,2.57839,-0.018139,-4.42102,-0.0285389,-2.99573,0,-4.73171,0.00864831,4.6,0,-0.105361,0,-4.16123,-0.197902,africa,All,#4682B4,0
8,29,-16.1927,-5.25346,2.60466,0.00812913,-4.37949,0.0129898,-2.99573,0,-4.72972,0.0106357,4.6,0,-0.105361,0,-3.94692,0.0164041,africa,All,#4682B4,0
9,29,-16.6806,-5.74136,2.60547,0.00893634,-4.42693,-0.0344463,-2.99573,0,-4.7541,-0.0137358,4.6,0,-0.105361,0,-3.50279,0.46054,africa,All,#4682B4,0
10,29,-14.3893,-3.45007,2.60532,0.00878981,-4.43318,-0.0406983,-2.99573,0,-4.73628,0.00408039,4.6,0,-0.105361,0,-4.168,-0.204674,africa,All,#4682B4,0
1,30,-6.83655,4.10272,2.61713,0.020605,-4.38673,0.00575818,-2.99573,0,-4.73964,0.000717481,4.6,0,-0.105361,0,-3.29331,0.670016,africa,All,#4682B4,0
2,30,-12.1914,-1.25212,2.58883,-0.00769925,-4.36566,0.026824,-2.99573,0,-4.74245,-0.0020854,4.6,0,-0.105361,0,-3.68759,0.275736,africa,All,#4682B4,0
3,30,-7.68161,3.25766,2.60541,0.00887593,-4.42986,-0.0373747,-2.99573,0,-4.73372,0.00663761,4.6,0,-0.105361,0,-3.22854,0.734791,africa,All,#4682B4,0
4,30,-8.8269,2.11237,2.60093,0.00440528,-4.36717,0.0253091,-2.99573,0,-4.73417,0.00619515,4.6,0,-0.105361,0,-4.44952,-0.486198,africa,All,#4682B4,0
5,30,-12.0912,-1.15195,2.55989,-0.0366389,-4.38192,0.0105616,-2.99573,0,-4.75152,-0.0111618,4.6,0,-0.105361,0,-4.2023,-0.238975,africa,All,#4682B4,0
6,30,-8.82258,2.11668,2.6176,0.0210703,-4.40323,-0.0107495,-2.99573,0,-4.75125,-0.0108908,4.6,0,-0.105361,0,-3.51108,0.452246,africa,All,#4682B4,0
7,30,-10.0473,0.89196,2.57921,-0.0173224,-4.34295,0.0495382,-2.99573,0,-4.72846,0.0119,4.6,0,-0.105361,0,-4.90156,-0.938229,africa,All,#4682B4,0
8,30,-8.95471,1.98456,2.62168,0.0251533,-4.40456,-0.0120766,-2.99573,0,-4.75243,-0.0120704,4.6,0,-0.105361,0,-3.87504,0.0882843,africa,All,#4682B4,0
9,30,-11.2999,-0.360626,2.59889,0.0023646,-4.351,0.0414816,-2.99573,0,-4.73969,0.000671531,4.6,0,-0.105361,0,-4.88827,-0.924943,africa,All,#4682B4,0
10,30,-10.7099,0.229355,2.59291,-0.00361432,-4.41544,-0.0229556,-2.99573,0,-4.74818,-0.0078197,4.6,0,-0.105361,0,-3.96499,-0.00166011,africa,All,#4682B4,0
1,31,-11.4509,-0.51167,2.56504,-0.0314908,-4.39984,-0.0073534,-2.99573,0,-4.74828,-0.00792033,4.6,0,-0.105361,0,-3.88647,0.0768603,africa,All,#4682B4,0
2,31,-10.1614,0.777896,2.59579,-0.000738356,-4.36264,0.0298391,-2.99573,0,-4.73495,0.00541339,4.6,0,-0.105361,0,-3.76459,0.198741,africa,All,#4682B4,0
3,31,-9.8358,1.10347,2.59882,0.00228838,-4.42782,-0.0353343,-2.99573,0,-4.7298,0.0105613,4.6,0,-0.105361,0,-4.21869,-0.255362,africa,All,#4682B4,0
4,31,-8.72092,2.21835,2.59057,-0.00595733,-4.41774,-0.025257,-2.99573,0,-4.7339,0.00646066,4.6,0,-0.105361,0,-3.8739,0.0894224,africa,All,#4682B4,0
5,31,-10.2201,0.719201,2.60692,0.0103941,-4.37956,0.0129265,-2.99573,0,-4.74062,-0.000262962,4.6,0,-0.105361,0,-3.77486,0.188468,africa,All,#4682B4,0
6,31,-12.7881,-1.84881,2.57042,-0.0261122,-4.38932,0.00316798,-2.99573,0,-4.74221,-0.00185307,4.6,0,-0.105361,0,-4.64769,-0.684361,africa,All,#4682B4,0
7,31,-10.1886,0.750671,2.60311,0.00658207,-4.399,-0.006518,-2.99573,0,-4.7434,-0.00304039,4.6,0,-0.105361,0,-4.33317,-0.369847,africa,All,#4682B4,0
8,31,-12.0738,-1.13455,2.595,-0.00153007,-4.38093,0.011553,-2.99573,0,-4.7278,0.0125583,4.6,0,-0.105361,0,-3.58437,0.378958,africa,All,#4682B4,0
9,31,-9.95397,0.985297,2.60946,0.0129306,-4.38396,0.00852255,-2.99573,0,-4.72814,0.0122193,4.6,0,-0.105361,0,-3.43312,0.530203,africa,All,#4682B4,0
10,31,-13.378,-2.43876,2.57715,-0.0193744,-4.36746,0.025025,-2.99573,0,-4.74966,-0.00930196,4.6,0,-0.105361,0,-4.16325,-0.199923,africa,All,#4682B4,0
1,32,-22.6648,-11.7255,2.59137,-0.00515878,-4.40508,-0.0125968,-2.99573,0,-4.73774,0.00261921,4.6,0,-0.105361,0,-4.42916,-0.46583,africa,All,#4682B4,0
2,32,-17.7887,-6.84942,2.60654,0.0100084,-4.45409,-0.0616086,-2.99573,0,-4.74891,-0.00854596,4.6,0,-0.105361,0,-3.29861,0.664718,africa,All,#4682B4,0
3,32,-19.891,-8.95176,2.61417,0.0176362,-4.44324,-0.0507611,-2.99573,0,-4.75207,-0.0117122,4.6,0,-0.105361,0,-3.73936,0.22397,africa,All,#4682B4,0
4,32,-15.8159,-4.87668,2.61899,0.0224647,-4.45657,-0.0640818,-2.99573,0,-4.74074,-0.000375906,4.6,0,-0.105361,0,-4.52161,-0.558282,africa,All,#4682B4,0
5,32,-16.877,-5.93775,2.61111,0.0145801,-4.41051,-0.018023,-2.99573,0,-4.73191,0.00845334,4.6,0,-0.105361,0,-4.30424,-0.340918,africa,All,#4682B4,0
6,32,-20.9911,-10.0518,2.61593,0.0194018,-4.41114,-0.0186607,-2.99573,0,-4.72176,0.018603,4.6,0,-0.105361,0,-4.86291,-0.899582,africa,All,#4682B4,0
7,32,-16.6751,-5.73588,2.6099,0.0133758,-4.36325,0.0292319,-2.99573,0,-4.74301,-0.0026467,4.6,0,-0.105361,0,-4.54545,-0.582126,africa,All,#4682B4,0
8,32,-22.5295,-11.5902,2.58443,-0.0120967,-4.40039,-0.00791072,-2.99573,0,-4.73613,0.00423043,4.6,0,-0.105361,0,-4.56503,-0.601699,africa,All,#4682B4,0
9,32,-18.2858,-7.34656,2.60413,0.00760075,-4.3813,0.0111879,-2.99573,0,-4.72212,0.0182447,4.6,0,-0.105361,0,-4.74106,-0.77773,africa,All,#4682B4,0
10,32,-21.5022,-10.563,2.60279,0.00625616,-4.44728,-0.0547932,-2.99573,0,-4.74933,-0.00896554,4.6,0,-0.105361,0,-4.54587,-0.582538,africa,All,#4682B4,0
1,33,-7.85066,3.0886,2.62163,0.0251056,-4.43155,-0.0390697,-2.99573,0,-4.73835,0.00201182,4.6,0,-0.105361,0,-4.77838,-0.81505,africa,All,#4682B4,0
2,33,-11.5167,-0.577466,2.61626,0.0197353,-4.39458,-0.00210001,-2.99573,0,-4.73194,0.00842171,4.6,0,-0.105361,0,-3.51566,0.447665,africa,All,#4682B4,0
3,33,-9.82627,1.113,2.59867,0.00214149,-4.40715,-0.0146696,-2.99573,0,-4.7441,-0.00374397,4.6,0,-0.105361,0,-3.83334,0.129989,africa,All,#4682B4,0
4,33,-7.30713,3.63213,2.61825,0.0217255,-4.44689,-0.0544058,-2.99573,0,-4.73775,0.00260862,4.6,0,-0.105361,0,-4.21614,-0.252812,africa,All,#4682B4,0
5,33,-10.5998,0.33949,2.62166,0.0251312,-4.39528,-0.0027997,-2.99573,0,-4.74318,-0.00282284,4.6,0,-0.105361,0,-3.67437,0.288959,africa,All,#4682B4,0
6,33,-10.7972,0.142098,2.57478,-0.0217495,-4.38117,0.0113085,-2.99573,0,-4.73698,0.00337625,4.6,0,-0.105361,0,-3.86915,0.0941807,africa,All,#4682B4,0
7,33,-12.3423,-1.40302,2.59617,-0.000358909,-4.3621,0.0303853,-2.99573,0,-4.75166,-0.0113003,4.6,0,-0.105361,0,-3.88844,0.074884,africa,All,#4682B4,0
8,33,-12.8124,-1.87318,2.58909,-0.00744081,-4.33652,0.0559675,-2.99573,0,-4.7424,-0.00203617,4.6,0,-0.105361,0,-3.54015,0.423172,africa,All,#4682B4,0
9,33,-13.1769,-2.23766,2.59155,-0.00497729,-4.35411,0.0383767,-2.99573,0,-4.74414,-0.0037769,4.6,0,-0.105361,0,-3.59103,0.372299,africa,All,#4682B4,0
10,33,-9.45567,1.48359,2.60325,0.00672059,-4.38793,0.00455172,-2.99573,0,-4.73551,0.00485304,4.6,0,-0.105361,0,-4.9226,-0.959271,africa,All,#4682B4,0
1,34,-10.6235,0.315787,2.59022,-0.00630803,-4.40461,-0.0121238,-2.99573,0,-4.74906,-0.0087025,4.6,0,-0.105361,0,-3.71093,0.252395,africa,All,#4682B4,0
2,34,-11.0537,-0.114386,2.60752,0.0109913,-4.41639,-0.0239056,-2.99573,0,-4.74556,-0.00520145,4.6,0,-0.105361,0,-3.51716,0.446171,africa,All,#4682B4,0
3,34,-13.038,-2.09878,2.60556,0.00902711,-4.39209,0.00039205,-2.99573,0,-4.74671,-0.00635169,4.6,0,-0.105361,0,-3.60024,0.363085,africa,All,#4682B4,0
4,34,-14.4593,-3.52004,2.58972,-0.00681294,-4.35937,0.0331178,-2.99573,0,-4.73054,0.00981854,4.6,0,-0.105361,0,-3.63293,0.330396,africa,All,#4682B4,0
5,34,-11.0323,-0.0930042,2.60348,0.00695431,-4.40503,-0.0125507,-2.99573,0,-4.74406,-0.00370164,4.6,0,-0.105361,0,-3.5265,0.436824,africa,All,#4682B4,0
6,34,-9.47147,1.4678,2.56834,-0.0281929,-4.38453,0.00795425,-2.99573,0,-4.72974,0.0106228,4.6,0,-0.105361,0,-3.15505,0.808276,africa,All,#4682B4,0
7,34,-11.9181,-0.978874,2.62512,0.0285942,-4.36115,0.0313308,-2.99573,0,-4.74261,-0.00224464,4.6,0,-0.105361,0,-3.44598,0.517345,africa,All,#4682B4,0
8,34,-11.2833,-0.344083,2.59577,-0.00075426,-4.40772,-0.0152356,-2.99573,0,-4.73288,0.00747889,4.6,0,-0.105361,0,-3.41221,0.551116,africa,All,#4682B4,0
9,34,-11.6772,-0.737971,2.57281,-0.0237203,-4.39917,-0.00668254,-2.99573,0,-4.73798,0.00237962,4.6,0,-0.105361,0,-3.67169,0.291632,africa,All,#4682B4,0
10,34,-11.5034,-0.564112,2.60443,0.00790544,-4.36072,0.0317621,-2.99573,0,-4.74113,-0.000767823,4.6,0,-0.105361,0,-3.61026,0.353072,africa,All,#4682B4,0
