rep,id_var,eta_initT_simulated,eta_aS_simulated,eta_dS_simulated,eta_lBt0_simulated,eta_dI_simulated,eta_w_simulated,split,color,filter
1,35,-1.86696,0.0184055,0.0464013,0,-0.0547552,0,All,#4682B4,0
2,35,-1.37763,0.0315383,0.0378857,0,0.00635735,0,All,#4682B4,0
3,35,-1.03395,-0.0320042,0.161605,0,0.0796817,0,All,#4682B4,0
4,35,-5.40089,-0.0570454,0.143172,0,0.0977897,0,All,#4682B4,0
5,35,-0.0429482,-0.029449,-0.24991,0,0.0205831,0,All,#4682B4,0
6,35,-0.577043,-0.0531628,-0.223425,0,-0.091367,0,All,#4682B4,0
7,35,-0.0290644,0.000449509,0.0588774,0,0.0435762,0,All,#4682B4,0
8,35,-4.47598,-0.00290285,-0.0592507,0,-0.131227,0,All,#4682B4,0
9,35,0.290314,-0.0165872,-0.0911373,0,0.0210758,0,All,#4682B4,0
10,35,-2.43278,0.0219677,0.0174971,0,-0.0780204,0,All,#4682B4,0
1,36,4.36581,-0.000179768,0.0519963,0,0.0738887,0,All,#4682B4,0
2,36,4.35212,0.0374697,-0.144971,0,-0.0357489,0,All,#4682B4,0
3,36,4.35212,0.0836795,-0.0444513,0,-0.0151213,0,All,#4682B4,0
4,36,3.98396,0.000983574,0.0902385,0,0.0951849,0,All,#4682B4,0
5,36,4.15023,0.031919,-0.169052,0,-0.06209,0,All,#4682B4,0
6,36,4.65379,0.0197206,-0.152099,0,0.0472193,0,All,#4682B4,0
7,36,4.28567,0.0444928,0.0705268,0,0.0591294,0,All,#4682B4,0
8,36,4.41196,0.0792246,-0.0730521,0,0.0427891,0,All,#4682B4,0
9,36,4.3147,-0.0268102,0.0173495,0,0.0543792,0,All,#4682B4,0
10,36,4.56769,0.0749783,-0.00749556,0,0.0907015,0,All,#4682B4,0
1,37,0.216903,0.00823059,-0.00383284,0,-0.079644,0,All,#4682B4,0
2,37,2.6355,0.0823414,0.0824426,0,-0.00497195,0,All,#4682B4,0
3,37,-0.390691,0.0962782,0.0475563,0,-0.0812578,0,All,#4682B4,0
4,37,-1.18492,0.0233503,0.239902,0,-0.0942539,0,All,#4682B4,0
5,37,2.14168,-0.0651941,0.00219326,0,0.0168833,0,All,#4682B4,0
6,37,0.417083,0.152174,-0.00269692,0,-0.113057,0,All,#4682B4,0
7,37,1.25847,-0.0787028,0.120702,0,0.0761703,0,All,#4682B4,0
8,37,-0.00108617,-0.0122783,0.21872,0,0.0454518,0,All,#4682B4,0
9,37,0.319996,-0.00361354,-0.0175179,0,-0.119707,0,All,#4682B4,0
10,37,2.73724,0.0212471,-0.0888245,0,0.0589941,0,All,#4682B4,0
1,38,-3.14926,0.0577566,-0.00733775,0,-0.0319127,0,All,#4682B4,0
2,38,-6.5804,-0.00521485,0.0133792,0,-0.115052,0,All,#4682B4,0
3,38,-2.84251,-0.0182085,0.0746171,0,-0.0303992,0,All,#4682B4,0
4,38,-1.99755,0.000509955,0.101733,0,-0.0415559,0,All,#4682B4,0
5,38,0.689665,0.00448714,-0.0277091,0,0.00317332,0,All,#4682B4,0
6,38,-1.0134,0.0208208,0.0262712,0,-0.0329313,0,All,#4682B4,0
7,38,-3.63786,0.15837,0.0294508,0,-0.104509,0,All,#4682B4,0
8,38,-1.78761,-0.0833936,-0.207863,0,-0.0768052,0,All,#4682B4,0
9,38,-1.64155,-0.00876104,-0.0842008,0,-0.0299553,0,All,#4682B4,0
10,38,-0.907197,0.0230195,0.0741537,0,0.0250912,0,All,#4682B4,0
1,39,-2.27548,0.0416398,-0.0080649,0,-0.142864,0,All,#4682B4,0
2,39,-0.463601,-0.0288528,0.20314,0,-0.109192,0,All,#4682B4,0
3,39,-0.641512,0.0762171,0.201656,0,-0.0577735,0,All,#4682B4,0
4,39,-2.88837,-0.00523764,0.230168,0,-0.0462843,0,All,#4682B4,0
5,39,-1.94066,-0.0118431,0.212685,0,-0.0957042,0,All,#4682B4,0
6,39,-2.34729,-0.11148,0.128558,0,-0.0318564,0,All,#4682B4,0
7,39,-2.42235,0.0062381,0.0665864,0,-0.146019,0,All,#4682B4,0
8,39,-1.55117,0.0431873,-0.041863,0,-0.161377,0,All,#4682B4,0
9,39,-1.59329,0.0198994,0.129723,0,-0.0813568,0,All,#4682B4,0
10,39,-2.00345,-0.0768655,-0.00735396,0,-0.0927924,0,All,#4682B4,0
1,40,-0.712437,-0.0907242,-0.171792,0,-0.07683,0,All,#4682B4,0
2,40,-0.820698,-0.112353,-0.0242804,0,0.0405864,0,All,#4682B4,0
3,40,-2.19607,-0.0194266,0.101403,0,-0.00129771,0,All,#4682B4,0
4,40,-1.32718,-0.0390684,0.140381,0,-0.0191306,0,All,#4682B4,0
5,40,-0.969397,-0.104351,-0.121144,0,-0.0398778,0,All,#4682B4,0
6,40,-0.691866,-0.120845,-0.0316485,0,0.0252391,0,All,#4682B4,0
7,40,-1.1112,-0.0244391,0.041445,0,-0.0205432,0,All,#4682B4,0
8,40,-1.69001,0.0501867,-0.111815,0,-0.108875,0,All,#4682B4,0
9,40,-2.84994,0.0589862,-0.0470766,0,-0.0640254,0,All,#4682B4,0
10,40,-3.62368,-0.0866803,0.172513,0,-0.0521226,0,All,#4682B4,0
1,41,0.711247,-0.0246885,0.188783,0,0.0371688,0,All,#4682B4,0
2,41,1.2935,0.0412649,0.0734184,0,-0.0356983,0,All,#4682B4,0
3,41,0.477259,-0.0450871,0.0300048,0,-0.0205411,0,All,#4682B4,0
4,41,-0.00968821,-0.0585247,0.0887927,0,-0.00531634,0,All,#4682B4,0
5,41,1.66893,0.0241311,-0.127033,0,-0.0499774,0,All,#4682B4,0
6,41,1.79885,-0.030341,-0.0168402,0,0.00817421,0,All,#4682B4,0
7,41,2.8931,-0.000583037,-0.0576214,0,-0.0155781,0,All,#4682B4,0
8,41,1.34917,0.0131527,0.103392,0,-0.0596425,0,All,#4682B4,0
9,41,0.0558226,-0.0228624,0.184828,0,-0.00236346,0,All,#4682B4,0
10,41,1.80751,-0.00385638,0.00131515,0,-0.0273937,0,All,#4682B4,0
1,42,-0.898087,-0.0380846,-0.102629,0,-0.0829991,0,All,#4682B4,0
2,42,-0.399428,-0.0253488,0.0694726,0,-0.0731395,0,All,#4682B4,0
3,42,1.95891,0.0120536,-0.0447975,0,-0.0764557,0,All,#4682B4,0
4,42,2.59383,-0.0420913,-0.148379,0,0.0142357,0,All,#4682B4,0
5,42,1.21321,-0.08174,-0.114491,0,-0.0445023,0,All,#4682B4,0
6,42,0.565411,-0.0150419,-0.0119243,0,-0.0427215,0,All,#4682B4,0
7,42,2.28325,0.101257,-0.126916,0,-0.0549333,0,All,#4682B4,0
8,42,-0.880361,-0.00345907,0.0916346,0,-0.0403611,0,All,#4682B4,0
9,42,0.421225,-0.0775073,-0.0310703,0,-0.0856615,0,All,#4682B4,0
10,42,-1.69944,0.0233472,0.0201369,0,-0.14152,0,All,#4682B4,0
1,43,1.83608,-0.0204403,0.0736139,0,-0.096172,0,All,#4682B4,0
2,43,0.752676,0.016761,0.149027,0,-0.0306859,0,All,#4682B4,0
3,43,1.51079,-0.0307395,0.040523,0,-0.0305323,0,All,#4682B4,0
4,43,0.900827,0.00488847,-0.000168218,0,-0.10209,0,All,#4682B4,0
5,43,0.696857,0.0188755,0.094295,0,-0.162803,0,All,#4682B4,0
6,43,1.43314,-0.0302624,0.0307397,0,-0.11406,0,All,#4682B4,0
7,43,1.34897,0.00911392,0.117714,0,-0.0324142,0,All,#4682B4,0
8,43,0.726318,-0.0813701,0.155241,0,-0.068125,0,All,#4682B4,0
9,43,3.14359,-0.0971979,0.00701142,0,0.0982591,0,All,#4682B4,0
10,43,3.244,-0.0419952,-0.117242,0,0.00810262,0,All,#4682B4,0
1,44,-0.947232,0.0861956,-0.0549791,0,0.090217,0,All,#4682B4,0
2,44,-4.02982,0.017469,0.030287,0,0.0545707,0,All,#4682B4,0
3,44,0.188639,-0.0948724,0.0330345,0,0.113589,0,All,#4682B4,0
4,44,-2.01057,0.065661,0.0711465,0,0.0372936,0,All,#4682B4,0
5,44,-5.27997,0.039031,-0.000156042,0,-0.0201576,0,All,#4682B4,0
6,44,0.818003,0.0580268,0.087442,0,0.110411,0,All,#4682B4,0
7,44,-1.3848,0.0283218,-0.139102,0,0.131431,0,All,#4682B4,0
8,44,1.38839,-0.00171247,-0.0614859,0,0.143687,0,All,#4682B4,0
9,44,-1.02142,0.10372,0.0884436,0,0.0300232,0,All,#4682B4,0
10,44,2.19709,0.0519872,-0.0521711,0,0.105894,0,All,#4682B4,0
1,45,2.18641,-0.0486042,0.0656866,0,-0.0156795,0,All,#4682B4,0
2,45,2.7818,-0.0237609,0.0915638,0,0.0441576,0,All,#4682B4,0
3,45,2.72165,0.0747358,0.0384894,0,-0.0393304,0,All,#4682B4,0
4,45,2.29824,-0.0921511,0.0906405,0,-0.00626498,0,All,#4682B4,0
5,45,2.12208,0.0346317,-0.00209385,0,-0.0245351,0,All,#4682B4,0
6,45,2.04517,-0.0186494,0.0336369,0,0.0131279,0,All,#4682B4,0
7,45,1.89671,0.0540384,-0.115037,0,-0.0694673,0,All,#4682B4,0
8,45,1.63639,-0.0640477,0.119861,0,0.0609979,0,All,#4682B4,0
9,45,2.66228,-0.0662115,0.075754,0,0.00198123,0,All,#4682B4,0
10,45,1.209,0.00126084,0.269718,0,0.0143219,0,All,#4682B4,0
1,46,-1.41275,-0.0664721,-0.138161,0,-0.0617052,0,All,#4682B4,0
2,46,-1.37197,0.0128908,-0.150885,0,-0.193517,0,All,#4682B4,0
3,46,-1.3326,0.0403567,0.0860842,0,-0.0295433,0,All,#4682B4,0
4,46,0.74694,0.00745224,0.262039,0,0.0914381,0,All,#4682B4,0
5,46,-0.121549,-0.0589485,0.162985,0,0.0970783,0,All,#4682B4,0
6,46,1.01201,0.123255,0.0711087,0,0.0799808,0,All,#4682B4,0
7,46,0.518025,0.0360604,-0.146899,0,-0.0567653,0,All,#4682B4,0
8,46,0.571083,-0.0156695,-0.13239,0,0.039375,0,All,#4682B4,0
9,46,2.61809,0.104824,-0.120616,0,0.0596467,0,All,#4682B4,0
10,46,-1.9876,0.0293762,-0.0893299,0,-0.0311168,0,All,#4682B4,0
1,47,2.07862,-0.00497024,0.0311692,0,-0.00286048,0,All,#4682B4,0
2,47,2.96441,-0.0703406,0.127534,0,0.08904,0,All,#4682B4,0
3,47,2.20424,0.0309332,0.233195,0,0.0712517,0,All,#4682B4,0
4,47,2.49187,0.00179571,-0.012934,0,0.0208231,0,All,#4682B4,0
5,47,1.49914,-0.10396,0.208344,0,0.0589694,0,All,#4682B4,0
6,47,0.631305,0.0971967,0.000758324,0,-0.0916008,0,All,#4682B4,0
7,47,1.93076,0.0444055,-0.04163,0,-0.117991,0,All,#4682B4,0
8,47,2.29829,0.0232531,-0.0492494,0,-0.0718132,0,All,#4682B4,0
9,47,1.39711,-0.0414519,-0.0595534,0,-0.0817634,0,All,#4682B4,0
10,47,2.02941,0.0243252,-0.0843631,0,-0.0504467,0,All,#4682B4,0
1,48,3.05747,-0.0144573,-0.0494349,0,-0.00714879,0,All,#4682B4,0
2,48,-0.716076,-0.0359998,-0.0869923,0,-0.0655976,0,All,#4682B4,0
3,48,0.224365,0.0213885,0.274751,0,-0.0117148,0,All,#4682B4,0
4,48,-0.60451,-0.0483811,0.0716037,0,-0.0684235,0,All,#4682B4,0
5,48,-1.97973,0.0164705,0.0320427,0,-0.156342,0,All,#4682B4,0
6,48,1.37883,0.00472745,0.0664934,0,-0.0842627,0,All,#4682B4,0
7,48,2.13687,-0.0384882,-0.00921854,0,-0.0342199,0,All,#4682B4,0
8,48,0.885585,0.00101307,0.119391,0,-0.0711811,0,All,#4682B4,0
9,48,0.206689,-0.134833,-0.00470148,0,-0.0645042,0,All,#4682B4,0
10,48,1.73649,0.0149282,-0.0205712,0,-0.0405067,0,All,#4682B4,0
1,49,4.26585,0.116226,0.0589713,0,0.0117701,0,All,#4682B4,0
2,49,3.98117,-0.00404413,-0.0057682,0,0.0325673,0,All,#4682B4,0
3,49,3.54657,-0.031433,0.0373782,0,0.0253282,0,All,#4682B4,0
4,49,4.71221,0.0555737,0.035147,0,0.0236876,0,All,#4682B4,0
5,49,4.04058,0.11804,0.122494,0,0.0242232,0,All,#4682B4,0
6,49,4.22012,-0.0617747,0.143128,0,0.0888605,0,All,#4682B4,0
7,49,3.92332,0.0148608,0.0162216,0,-0.000312345,0,All,#4682B4,0
8,49,3.49383,-0.00324108,0.0697482,0,0.0350188,0,All,#4682B4,0
9,49,4.29027,-0.0439913,0.104397,0,0.103214,0,All,#4682B4,0
10,49,4.25142,-0.0475904,-0.188747,0,-0.0400622,0,All,#4682B4,0
1,50,3.80279,0.0291857,0.130122,0,0.04499,0,All,#4682B4,0
2,50,3.77414,0.00282154,0.141727,0,0.0626717,0,All,#4682B4,0
3,50,3.21173,0.0436869,0.0486283,0,-0.037944,0,All,#4682B4,0
4,50,4.26359,-0.01834,-0.0490573,0,0.0464055,0,All,#4682B4,0
5,50,3.81648,0.00555791,0.173609,0,-0.00272381,0,All,#4682B4,0
6,50,3.13003,0.0249954,-0.0160866,0,-0.112253,0,All,#4682B4,0
7,50,3.84084,-0.0230333,-0.00248777,0,-0.01191,0,All,#4682B4,0
8,50,4.45105,-0.0326266,-0.0831705,0,0.099601,0,All,#4682B4,0
9,50,3.89618,0.0437542,0.0138436,0,0.0554219,0,All,#4682B4,0
10,50,3.64247,-0.050479,0.0255942,0,0.0285113,0,All,#4682B4,0
1,51,1.07645,-0.0553649,-0.055405,0,-0.0333715,0,All,#4682B4,0
2,51,-3.84541,-0.103192,0.215563,0,-0.0132416,0,All,#4682B4,0
3,51,-0.923303,-0.0216046,0.0354324,0,-0.108363,0,All,#4682B4,0
4,51,-1.71828,0.0566658,-0.0915572,0,-0.0999653,0,All,#4682B4,0
5,51,0.627677,-0.00414914,0.0269937,0,0.00123398,0,All,#4682B4,0
6,51,-1.03086,0.0477863,0.118623,0,-0.0189049,0,All,#4682B4,0
7,51,-1.08587,0.0439253,0.121604,0,-0.0769895,0,All,#4682B4,0
8,51,-3.06394,-0.0175927,0.0322457,0,-0.0737167,0,All,#4682B4,0
9,51,-1.1274,-0.0786634,0.00303488,0,-0.0406066,0,All,#4682B4,0
10,51,-1.41456,0.138445,0.153434,0,-0.0700461,0,All,#4682B4,0
1,1,-0.00329568,-0.0984864,-0.017111,0,-0.032032,0,All,#4682B4,0
2,1,-3.43219,0.00301133,0.139382,0,-0.0195568,0,All,#4682B4,0
3,1,-1.42248,-0.0486776,0.297228,0,0.0369606,0,All,#4682B4,0
4,1,-2.44795,-0.0427787,0.374768,0,0.0135909,0,All,#4682B4,0
5,1,-3.50041,-0.0162261,0.0407573,0,-0.06789,0,All,#4682B4,0
6,1,1.55435,0.00726612,-0.0395773,0,-0.00310172,0,All,#4682B4,0
7,1,-1.94663,-0.027892,0.0209776,0,-0.0737006,0,All,#4682B4,0
8,1,-1.711,0.04603,-0.0213406,0,-0.0904826,0,All,#4682B4,0
9,1,-0.267145,-0.044406,0.339131,0,0.0832639,0,All,#4682B4,0
10,1,-1.36372,-0.0923715,0.00154709,0,-0.0120675,0,All,#4682B4,0
1,2,0.476796,-0.132794,0.0229419,0,-0.0164476,0,All,#4682B4,0
2,2,1.68086,-0.123847,-0.0775077,0,0.0231698,0,All,#4682B4,0
3,2,1.17643,-0.108045,0.0831692,0,-0.00629157,0,All,#4682B4,0
4,2,0.696812,-0.0329075,0.0107148,0,-0.0518666,0,All,#4682B4,0
5,2,1.23129,-0.0638627,0.148686,0,-0.0214583,0,All,#4682B4,0
6,2,1.26556,-0.0769237,0.0391315,0,0.00590905,0,All,#4682B4,0
7,2,1.08303,-0.0271572,0.00288095,0,-0.0232646,0,All,#4682B4,0
8,2,0.854558,0.0110842,-0.051058,0,-0.0667557,0,All,#4682B4,0
9,2,1.44967,-0.0253859,0.00305551,0,-0.0310997,0,All,#4682B4,0
10,2,0.593669,-0.0423931,-0.0507313,0,-0.0447847,0,All,#4682B4,0
1,3,-0.906715,-0.0657966,-0.00189584,0,-0.120562,0,All,#4682B4,0
2,3,2.70544,-0.018627,-0.0459681,0,0.0264078,0,All,#4682B4,0
3,3,1.99544,-0.0184808,0.143983,0,0.0340716,0,All,#4682B4,0
4,3,0.623775,0.00956537,-0.118966,0,-0.095325,0,All,#4682B4,0
5,3,2.11732,-0.00397119,-0.00148968,0,-0.101523,0,All,#4682B4,0
6,3,0.315465,-0.0304465,0.25397,0,0.013599,0,All,#4682B4,0
7,3,3.10284,-0.101235,-0.0202712,0,0.094102,0,All,#4682B4,0
8,3,-0.511343,0.0309239,-0.0631478,0,-0.0550011,0,All,#4682B4,0
9,3,-0.602931,0.0229921,0.0277584,0,-0.105231,0,All,#4682B4,0
10,3,-0.68382,-0.0273542,0.139593,0,-0.0270829,0,All,#4682B4,0
1,4,3.61504,-0.0141113,-0.0625756,0,0.102433,0,All,#4682B4,0
2,4,2.9987,0.0365104,-0.169663,0,0.0729225,0,All,#4682B4,0
3,4,-2.881,0.0639071,0.0988089,0,0.0108175,0,All,#4682B4,0
4,4,-1.18777,0.0261592,0.0211483,0,0.0303151,0,All,#4682B4,0
5,4,2.96998,0.0386338,-0.117344,0,0.0552795,0,All,#4682B4,0
6,4,2.56917,0.0841665,-0.0407309,0,0.0533618,0,All,#4682B4,0
7,4,-1.04756,0.0171798,-0.081096,0,0.0190527,0,All,#4682B4,0
8,4,-3.96167,0.00825665,-0.0166608,0,0.0148984,0,All,#4682B4,0
9,4,2.87868,0.067984,-0.0175141,0,0.106243,0,All,#4682B4,0
10,4,-2.28016,-0.00719276,0.0229439,0,0.0629245,0,All,#4682B4,0
1,5,-2.08337,-0.0371213,-0.126398,0,0.00443449,0,All,#4682B4,0
2,5,1.13115,-0.0184151,0.0392344,0,0.184351,0,All,#4682B4,0
3,5,-2.0756,0.0879202,-0.00433878,0,-0.102411,0,All,#4682B4,0
4,5,-0.276337,0.0707434,0.250448,0,0.038559,0,All,#4682B4,0
5,5,-0.409166,-0.101161,-0.0303378,0,-0.0153419,0,All,#4682B4,0
6,5,-0.743697,0.0353646,-0.0615738,0,-0.0592685,0,All,#4682B4,0
7,5,-0.94618,0.00608433,0.0447593,0,-0.0536663,0,All,#4682B4,0
8,5,1.40189,0.0140488,0.00439907,0,0.0843486,0,All,#4682B4,0
9,5,1.10236,-0.0567927,0.0892902,0,0.0880272,0,All,#4682B4,0
10,5,-2.89828,0.0554249,-0.111997,0,-0.136506,0,All,#4682B4,0
1,6,-1.381,-0.0470828,-0.160657,0,0.0486377,0,All,#4682B4,0
2,6,-1.37856,0.108737,-0.0285852,0,0.0506933,0,All,#4682B4,0
3,6,-6.41357,-0.0978019,0.00587629,0,0.0103329,0,All,#4682B4,0
4,6,-2.65763,0.0311522,-0.0508936,0,0.192344,0,All,#4682B4,0
5,6,-5.55222,0.073011,-0.118487,0,0.0883828,0,All,#4682B4,0
6,6,-3.17884,-0.0242736,0.0615198,0,0.11769,0,All,#4682B4,0
7,6,-2.26446,-0.0415096,0.102645,0,0.0559075,0,All,#4682B4,0
8,6,-7.03796,-0.0467852,-0.0356795,0,-0.0483869,0,All,#4682B4,0
9,6,-3.82881,0.0390584,0.0926489,0,0.0933985,0,All,#4682B4,0
10,6,1.23894,0.0912242,-0.290518,0,0.0216534,0,All,#4682B4,0
1,7,1.17288,0.0172718,-0.0225235,0,0.0766375,0,All,#4682B4,0
2,7,1.76102,0.105296,-0.00301042,0,0.11165,0,All,#4682B4,0
3,7,2.34867,0.10814,0.0794468,0,0.140717,0,All,#4682B4,0
4,7,1.99296,-0.0762917,0.0711019,0,0.164494,0,All,#4682B4,0
5,7,1.99296,-0.0168407,0.0449256,0,0.14481,0,All,#4682B4,0
6,7,1.55463,-0.100715,0.0375644,0,0.134803,0,All,#4682B4,0
7,7,2.242,-0.153563,0.0665384,0,0.204004,0,All,#4682B4,0
8,7,2.70933,0.0390374,0.0257126,0,0.124929,0,All,#4682B4,0
9,7,1.78387,-0.00543822,-0.00149404,0,0.106383,0,All,#4682B4,0
10,7,2.44248,0.0207991,-0.0747412,0,0.0705229,0,All,#4682B4,0
1,8,-0.0229691,-0.038988,-0.140462,0,-0.0888264,0,All,#4682B4,0
2,8,-0.214028,-0.00810772,-0.0781006,0,-0.0665905,0,All,#4682B4,0
3,8,-1.66043,-0.0157181,-0.112864,0,-0.0933276,0,All,#4682B4,0
4,8,0.555049,0.0292392,-0.168637,0,-0.150549,0,All,#4682B4,0
5,8,0.117695,0.0292254,-0.0105747,0,-0.0352823,0,All,#4682B4,0
6,8,-0.540803,-0.0785561,-0.00893079,0,-0.0268064,0,All,#4682B4,0
7,8,-1.22666,-0.0536807,-0.0579272,0,-0.0735186,0,All,#4682B4,0
8,8,-0.370755,-0.0515256,-0.0400808,0,-0.058914,0,All,#4682B4,0
9,8,0.103477,0.000950709,-0.0761646,0,-0.0999805,0,All,#4682B4,0
10,8,-1.99493,-0.0186424,-0.0203389,0,-0.0845722,0,All,#4682B4,0
1,9,0.635534,0.0066589,-0.0453771,0,0.0901576,0,All,#4682B4,0
2,9,-0.783902,0.0890636,-0.0384072,0,0.00699476,0,All,#4682B4,0
3,9,-0.848917,0.019732,-0.0401163,0,0.0556591,0,All,#4682B4,0
4,9,-0.432627,0.0197082,-0.121597,0,0.0110703,0,All,#4682B4,0
5,9,-0.418956,-0.0417253,-0.0548769,0,0.0615163,0,All,#4682B4,0
6,9,-2.23758,-0.0700928,0.0729292,0,0.0918224,0,All,#4682B4,0
7,9,-1.3718,0.0435567,0.0130257,0,0.0483233,0,All,#4682B4,0
8,9,-0.689431,-0.0080318,0.0298004,0,0.0652106,0,All,#4682B4,0
9,9,-1.04341,0.0272077,-0.230799,0,-0.0410664,0,All,#4682B4,0
10,9,0.999302,0.0564452,-0.160681,0,-0.00848895,0,All,#4682B4,0
1,10,-1.21269,0.0384616,-0.0766775,0,-0.0307357,0,All,#4682B4,0
2,10,-3.56182,0.0263439,-0.0105758,0,-0.0528552,0,All,#4682B4,0
3,10,-0.69934,-0.0596942,-0.0738542,0,0.0416741,0,All,#4682B4,0
4,10,-1.20917,-0.0463662,0.0626738,0,0.0532822,0,All,#4682B4,0
5,10,-0.523871,0.0644083,-0.167373,0,-0.0118471,0,All,#4682B4,0
6,10,-2.5917,0.00225446,0.190883,0,0.067958,0,All,#4682B4,0
7,10,-0.714634,0.0643967,-0.0131969,0,-0.011014,0,All,#4682B4,0
8,10,-3.81286,-0.045516,0.144467,0,0.0222904,0,All,#4682B4,0
9,10,0.517122,-0.0625181,0.077004,0,0.0687896,0,All,#4682B4,0
10,10,-2.76286,-0.0237029,-0.0628432,0,-0.0238836,0,All,#4682B4,0
1,11,1.31495,0.0582969,0.184031,0,0.0329027,0,All,#4682B4,0
2,11,2.61203,0.0513367,-0.104521,0,-0.0881519,0,All,#4682B4,0
3,11,2.62792,-0.00758921,0.217076,0,0.0210834,0,All,#4682B4,0
4,11,0.546964,-0.0196015,0.0405087,0,-0.0715268,0,All,#4682B4,0
5,11,1.77991,0.0305226,0.0156694,0,-0.056521,0,All,#4682B4,0
6,11,-2.13082,-0.114059,-0.0227392,0,-0.0596487,0,All,#4682B4,0
7,11,-1.14617,-0.0487055,0.0340075,0,-0.0817544,0,All,#4682B4,0
8,11,0.547686,0.0786364,-0.00706178,0,-0.0797878,0,All,#4682B4,0
9,11,1.18453,-0.0548948,0.0209236,0,-0.0238627,0,All,#4682B4,0
10,11,2.92136,0.0443047,-0.0131444,0,0.0112365,0,All,#4682B4,0
1,12,3.76941,0.00375687,-0.223301,0,0.0731924,0,All,#4682B4,0
2,12,1.40821,-0.0746668,-0.0881464,0,0.0438796,0,All,#4682B4,0
3,12,-0.510867,-0.114362,-0.031568,0,0.0753173,0,All,#4682B4,0
4,12,1.6093,0.0719601,-0.125135,0,0.043531,0,All,#4682B4,0
5,12,0.0660166,0.192741,0.20153,0,0.050296,0,All,#4682B4,0
6,12,5.09465,0.0064111,-0.185339,0,0.122703,0,All,#4682B4,0
7,12,-1.68906,-0.0710948,-0.108272,0,0.0302969,0,All,#4682B4,0
8,12,0.18572,0.0834774,0.0677892,0,0.06133,0,All,#4682B4,0
9,12,-1.12824,0.0798981,-0.0309327,0,0.0398719,0,All,#4682B4,0
10,12,0.112456,-0.00780165,-0.0162413,0,0.0814042,0,All,#4682B4,0
1,13,0.00106973,-0.039344,-0.0867723,0,-0.0276598,0,All,#4682B4,0
2,13,-0.306091,0.0255198,0.0395098,0,-0.0329958,0,All,#4682B4,0
3,13,-0.35069,-0.0519255,0.00612285,0,0.00125443,0,All,#4682B4,0
4,13,2.90725,0.0386013,-0.0411576,0,-0.00550319,0,All,#4682B4,0
5,13,0.375791,-0.0291487,-0.0362018,0,-0.026532,0,All,#4682B4,0
6,13,-1.41171,0.00765977,-0.146875,0,-0.0891829,0,All,#4682B4,0
7,13,1.73009,0.0230291,-0.118262,0,0.0204491,0,All,#4682B4,0
8,13,1.86696,0.0521734,0.0383299,0,0.0327152,0,All,#4682B4,0
9,13,0.577137,0.0445085,0.127292,0,0.00924073,0,All,#4682B4,0
10,13,-1.79193,-0.147767,0.129494,0,0.00346637,0,All,#4682B4,0
1,14,4.28449,0.0482789,-0.171177,0,0.0974985,0,All,#4682B4,0
2,14,3.51557,0.0222584,0.0321781,0,0.0901946,0,All,#4682B4,0
3,14,2.64314,0.112165,0.043732,0,0.0613873,0,All,#4682B4,0
4,14,3.60191,0.00902231,-0.133828,0,0.0554954,0,All,#4682B4,0
5,14,4.21306,0.0327879,-0.134222,0,0.0416868,0,All,#4682B4,0
6,14,3.24792,0.0528007,0.0379316,0,0.0760913,0,All,#4682B4,0
7,14,0.84703,0.00860361,-0.0142188,0,0.0107946,0,All,#4682B4,0
8,14,3.12629,0.000912806,0.0477314,0,0.130356,0,All,#4682B4,0
9,14,3.06989,-0.126747,0.189299,0,0.194753,0,All,#4682B4,0
10,14,3.75861,0.0717952,-0.0793985,0,0.10947,0,All,#4682B4,0
1,15,1.07732,-0.000648328,0.0552614,0,-0.00698073,0,All,#4682B4,0
2,15,-0.836841,0.0154404,0.11017,0,-0.0176285,0,All,#4682B4,0
3,15,0.551231,-0.116773,0.123944,0,0.0247916,0,All,#4682B4,0
4,15,1.50576,0.0316117,-0.0883124,0,-0.037417,0,All,#4682B4,0
5,15,-1.49387,-0.0293821,-0.0326045,0,-0.0951592,0,All,#4682B4,0
6,15,0.64621,-0.114741,-0.169671,0,-0.0614979,0,All,#4682B4,0
7,15,1.31905,-0.0472552,-0.0922819,0,-0.0408886,0,All,#4682B4,0
8,15,-0.0183321,-0.00444709,0.0141395,0,-0.0319753,0,All,#4682B4,0
9,15,-0.0152111,-0.00338621,0.0582726,0,0.00507614,0,All,#4682B4,0
10,15,0.120329,0.0324037,-0.159569,0,-0.111685,0,All,#4682B4,0
1,16,1.63685,-0.101641,-0.0196469,0,-0.0774362,0,All,#4682B4,0
2,16,3.86741,0.0305333,-0.0130154,0,0.000263506,0,All,#4682B4,0
3,16,4.03842,-0.082433,-0.0423621,0,-0.0137816,0,All,#4682B4,0
4,16,2.25651,0.00394757,-0.0486649,0,-0.0958679,0,All,#4682B4,0
5,16,1.08009,-0.021726,-0.0715615,0,-0.103179,0,All,#4682B4,0
6,16,0.218289,-0.013096,0.201611,0,0.00826451,0,All,#4682B4,0
7,16,-0.513247,-0.0267925,-0.0041279,0,-0.140446,0,All,#4682B4,0
8,16,1.22105,-0.088599,0.147945,0,-0.051881,0,All,#4682B4,0
9,16,1.91846,-0.000692508,0.0705906,0,-0.0274067,0,All,#4682B4,0
10,16,-0.355309,-0.0204134,0.0624532,0,-0.14757,0,All,#4682B4,0
1,17,1.93091,-0.0441871,0.0524382,0,0.0847237,0,All,#4682B4,0
2,17,2.27668,0.0641482,-0.032321,0,0.0522843,0,All,#4682B4,0
3,17,0.496401,-0.0682169,-0.141359,0,-0.0705675,0,All,#4682B4,0
4,17,2.15026,-0.0576819,-0.101962,0,0.0458173,0,All,#4682B4,0
5,17,-4.03184,0.0138662,0.0348442,0,-0.0815972,0,All,#4682B4,0
6,17,-2.40873,-0.0737724,0.136839,0,-0.0147274,0,All,#4682B4,0
7,17,-1.49323,-0.0240702,0.115998,0,-0.034156,0,All,#4682B4,0
8,17,1.06281,-0.0605145,-0.108179,0,-0.113258,0,All,#4682B4,0
9,17,0.00938524,-0.0181708,-0.0159845,0,0.0361393,0,All,#4682B4,0
10,17,-0.980044,-0.0485864,-0.111807,0,0.0670754,0,All,#4682B4,0
1,18,4.16713,0.00683731,0.197515,0,0.0814211,0,All,#4682B4,0
2,18,4.63544,0.0528574,0.176956,0,0.0422672,0,All,#4682B4,0
3,18,4.31304,0.0166324,0.193457,0,0.0544862,0,All,#4682B4,0
4,18,4.443,0.0142367,0.195212,0,0.0597683,0,All,#4682B4,0
5,18,4.65501,-0.0514845,0.115409,0,0.0538512,0,All,#4682B4,0
6,18,4.34961,-0.00882894,0.262184,0,0.0947572,0,All,#4682B4,0
7,18,4.10592,-0.107813,0.128116,0,0.0572108,0,All,#4682B4,0
8,18,4.04202,0.087879,0.161436,0,-0.00619,0,All,#4682B4,0
9,18,4.25776,-0.00531419,0.0643883,0,0.0197952,0,All,#4682B4,0
10,18,3.92387,-0.0441611,0.0487726,0,0.0222152,0,All,#4682B4,0
1,19,-1.25094,0.0554681,0.0755085,0,-0.0690594,0,All,#4682B4,0
2,19,-0.27497,-0.0129003,-0.0430152,0,-0.00915352,0,All,#4682B4,0
3,19,-0.708914,0.106318,-0.0878793,0,0.0651213,0,All,#4682B4,0
4,19,-2.90304,-0.0383551,-0.0555989,0,-0.0407064,0,All,#4682B4,0
5,19,-0.197421,-0.0683452,0.0122675,0,0.0130684,0,All,#4682B4,0
6,19,1.31467,0.00915022,0.0228786,0,0.0554781,0,All,#4682B4,0
7,19,-2.27082,0.00582203,0.179552,0,0.0457158,0,All,#4682B4,0
8,19,-1.3282,-0.0120701,0.179443,0,0.109104,0,All,#4682B4,0
9,19,-1.94083,0.128936,0.0446049,0,0.0449789,0,All,#4682B4,0
10,19,-3.05448,0.144521,-0.122938,0,-0.014,0,All,#4682B4,0
1,20,1.77894,0.0265396,-0.1474,0,-0.0472843,0,All,#4682B4,0
2,20,1.81464,0.0504552,0.205221,0,-0.0384436,0,All,#4682B4,0
3,20,-0.454153,-0.0338398,0.0469309,0,-0.00385772,0,All,#4682B4,0
4,20,1.24758,0.0925697,-0.0369364,0,0.0162308,0,All,#4682B4,0
5,20,3.88068,0.0436248,-0.0475799,0,0.0684873,0,All,#4682B4,0
6,20,1.32768,-0.05029,-0.162347,0,-0.0604188,0,All,#4682B4,0
7,20,1.28585,-0.0255727,0.0555387,0,-0.0328979,0,All,#4682B4,0
8,20,-0.559586,0.0351915,-0.0593442,0,-0.123029,0,All,#4682B4,0
9,20,0.108236,-0.102404,0.0617275,0,-0.0374648,0,All,#4682B4,0
10,20,-0.631767,0.0613319,0.00722769,0,-0.0989038,0,All,#4682B4,0
1,21,-0.267927,0.00950587,0.235916,0,0.132041,0,All,#4682B4,0
2,21,1.86166,0.0284898,0.0956778,0,0.14397,0,All,#4682B4,0
3,21,0.363091,0.08253,0.0492425,0,0.0281068,0,All,#4682B4,0
4,21,0.585123,-0.0435858,-0.0395392,0,-0.0370492,0,All,#4682B4,0
5,21,1.6823,0.02092,-0.150851,0,-0.00776858,0,All,#4682B4,0
6,21,1.01094,-0.0591264,0.111422,0,0.105452,0,All,#4682B4,0
7,21,-0.502061,0.0254639,0.314994,0,-0.0151948,0,All,#4682B4,0
8,21,0.366427,0.0978886,0.0308323,0,-0.0449622,0,All,#4682B4,0
9,21,0.233644,-0.0107024,0.00330026,0,-0.0377536,0,All,#4682B4,0
10,21,-1.38187,0.00769578,0.167541,0,-0.0407139,0,All,#4682B4,0
1,22,-1.89854,-0.0337325,-0.0187119,0,0.0715531,0,All,#4682B4,0
2,22,-0.684677,0.0676866,-0.0986108,0,0.103972,0,All,#4682B4,0
3,22,-0.997257,0.030342,0.0902385,0,0.118696,0,All,#4682B4,0
4,22,-0.776052,0.0125371,-0.156138,0,0.0939164,0,All,#4682B4,0
5,22,-3.28864,0.00868282,-0.167744,0,0.0232711,0,All,#4682B4,0
6,22,-2.98897,0.00807005,0.116001,0,0.114198,0,All,#4682B4,0
7,22,-1.61513,-0.0508494,-0.0725603,0,0.067566,0,All,#4682B4,0
8,22,-1.20224,-0.0355747,-0.165988,0,0.068028,0,All,#4682B4,0
9,22,-2.05057,-0.133047,-0.242905,0,0.0389452,0,All,#4682B4,0
10,22,-4.21615,-0.0126915,-0.347947,0,-0.0393521,0,All,#4682B4,0
1,23,-0.925387,0.0592005,0.0976173,0,-0.00223105,0,All,#4682B4,0
2,23,-0.252655,0.0411393,-0.0268222,0,-0.0663322,0,All,#4682B4,0
3,23,-4.5022,0.0300939,-0.0612329,0,-0.074592,0,All,#4682B4,0
4,23,-2.67391,-0.033032,-0.0538671,0,-0.0713358,0,All,#4682B4,0
5,23,-0.874533,-0.00665865,-0.270055,0,-0.0898697,0,All,#4682B4,0
6,23,-1.78954,0.0175414,-0.117977,0,-0.113827,0,All,#4682B4,0
7,23,-0.386031,-0.0776536,-0.00975456,0,0.00790143,0,All,#4682B4,0
8,23,-2.05625,-0.0424261,0.0529221,0,-0.017566,0,All,#4682B4,0
9,23,-3.30326,0.0664842,-0.0244551,0,-0.137233,0,All,#4682B4,0
10,23,-3.13992,0.0318809,0.115513,0,-0.0645918,0,All,#4682B4,0
1,24,3.72496,0.0307561,-0.147505,0,-0.0151834,0,All,#4682B4,0
2,24,1.23439,0.0279431,0.154137,0,0.106719,0,All,#4682B4,0
3,24,0.333038,-0.00822576,-0.0860665,0,-0.102149,0,All,#4682B4,0
4,24,-1.06768,0.052681,0.198494,0,0.00473511,0,All,#4682B4,0
5,24,-0.861393,-0.0662537,0.157497,0,-0.00838473,0,All,#4682B4,0
6,24,0.717646,-0.0235272,0.0974139,0,-0.0498766,0,All,#4682B4,0
7,24,2.32158,0.096146,0.117685,0,-0.000259829,0,All,#4682B4,0
8,24,-0.433608,-0.0782353,0.0755657,0,-0.0448238,0,All,#4682B4,0
9,24,0.432526,-0.075922,0.0796201,0,-0.0136072,0,All,#4682B4,0
10,24,1.41038,-0.0440924,-0.0883189,0,-0.0763492,0,All,#4682B4,0
1,25,1.06032,0.126782,-0.108785,0,0.0236084,0,All,#4682B4,0
2,25,-1.24581,-0.0405612,-0.125328,0,0.0475116,0,All,#4682B4,0
3,25,1.2403,-0.0336285,-0.0762507,0,0.0695072,0,All,#4682B4,0
4,25,1.81307,0.121998,-0.0505871,0,0.0830549,0,All,#4682B4,0
5,25,2.41244,-0.0265198,-0.0876804,0,0.103829,0,All,#4682B4,0
6,25,0.718882,0.00939513,-0.0203119,0,0.0919329,0,All,#4682B4,0
7,25,-1.23442,0.0905252,0.313905,0,0.119799,0,All,#4682B4,0
8,25,-0.165703,0.0246532,0.042069,0,0.0641993,0,All,#4682B4,0
9,25,-2.75468,0.0154924,0.126352,0,0.0105627,0,All,#4682B4,0
10,25,1.68696,0.0752286,0.115551,0,0.136512,0,All,#4682B4,0
1,26,0.947614,0.0101553,0.0639372,0,0.242429,0,All,#4682B4,0
2,26,-2.40797,-0.0426787,0.041011,0,0.233578,0,All,#4682B4,0
3,26,-2.02359,-0.0684741,-0.12059,0,0.233589,0,All,#4682B4,0
4,26,-4.9088,0.0644794,-0.0550532,0,0.137739,0,All,#4682B4,0
5,26,-5.84836,-0.0886089,0.0223729,0,0.226881,0,All,#4682B4,0
6,26,-3.52623,-0.0843876,-0.187051,0,0.175853,0,All,#4682B4,0
7,26,-5.3349,0.0292166,-0.247907,0,0.0937402,0,All,#4682B4,0
8,26,-4.32207,-0.0140872,-0.113698,0,0.12,0,All,#4682B4,0
9,26,-4.67746,0.15676,-0.107604,0,0.0932808,0,All,#4682B4,0
10,26,-4.31999,0.037334,-0.149605,0,0.141227,0,All,#4682B4,0
1,27,0.904436,0.070001,-0.0988218,0,-0.065623,0,All,#4682B4,0
2,27,-1.436,-0.132279,-0.0804285,0,-0.0296415,0,All,#4682B4,0
3,27,-1.5638,-0.0387107,-0.0899211,0,-0.0759159,0,All,#4682B4,0
4,27,-0.624759,0.0478392,0.019701,0,-0.0340534,0,All,#4682B4,0
5,27,-1.47651,-0.0186317,-0.000534041,0,-0.0669562,0,All,#4682B4,0
6,27,-1.62488,-0.054794,0.0550676,0,0.0159219,0,All,#4682B4,0
7,27,0.0397643,0.0314742,-0.037979,0,0.0352282,0,All,#4682B4,0
8,27,0.938377,0.0487497,-0.195555,0,-0.0693711,0,All,#4682B4,0
9,27,-0.00575422,0.00120217,0.0472297,0,-0.0263476,0,All,#4682B4,0
10,27,-2.44736,0.00610274,-0.0970732,0,-0.165258,0,All,#4682B4,0
1,28,-2.5932,0.0386086,-0.0371446,0,-0.157624,0,All,#4682B4,0
2,28,0.253935,0.151744,0.0780544,0,-0.0922791,0,All,#4682B4,0
3,28,-0.949105,-0.00188754,0.0219041,0,-0.13241,0,All,#4682B4,0
4,28,0.280839,-0.114284,-0.00326597,0,-0.036314,0,All,#4682B4,0
5,28,-2.42151,0.0351855,-0.0664642,0,-0.160674,0,All,#4682B4,0
6,28,-0.0909752,0.0787261,0.00584047,0,-0.159237,0,All,#4682B4,0
7,28,0.795638,0.106201,-0.0960587,0,-0.159316,0,All,#4682B4,0
8,28,-2.74818,-0.02635,-0.0417269,0,-0.129783,0,All,#4682B4,0
9,28,-2.11548,0.0427553,-0.0245058,0,-0.162924,0,All,#4682B4,0
10,28,0.594239,-0.0847742,-0.082933,0,-0.0296976,0,All,#4682B4,0
1,29,-0.585643,0.0521097,-0.118167,0,-0.00746855,0,All,#4682B4,0
2,29,-0.925473,0.0725272,-0.0821157,0,0.0556222,0,All,#4682B4,0
3,29,-2.40263,-0.0444743,-0.168945,0,-0.0990018,0,All,#4682B4,0
4,29,-0.493725,-0.000607277,0.129723,0,0.135536,0,All,#4682B4,0
5,29,-0.902395,-0.0496055,0.0337407,0,0.139154,0,All,#4682B4,0
6,29,-0.669478,0.0153646,0.0661834,0,0.0132884,0,All,#4682B4,0
7,29,-2.12052,-0.0228539,0.0282335,0,-0.0372245,0,All,#4682B4,0
8,29,-2.9494,-0.114687,0.0421287,0,-0.0288279,0,All,#4682B4,0
9,29,-1.21098,-0.0248824,-0.0557261,0,-0.0842396,0,All,#4682B4,0
10,29,-1.72745,-0.0638904,-0.136271,0,0.0353787,0,All,#4682B4,0
1,30,1.30918,-0.0413078,0.151171,0,-0.0160989,0,All,#4682B4,0
2,30,1.33745,-0.116058,-0.054277,0,-0.0441195,0,All,#4682B4,0
3,30,-1.61339,0.0407602,0.264809,0,-0.0980031,0,All,#4682B4,0
4,30,-0.433028,0.100972,-0.122402,0,-0.211585,0,All,#4682B4,0
5,30,1.11046,-0.0651695,0.0768166,0,-0.000863036,0,All,#4682B4,0
6,30,-0.983362,-0.0608497,0.22678,0,-0.00407758,0,All,#4682B4,0
7,30,-1.34936,0.0172168,-0.155641,0,-0.245956,0,All,#4682B4,0
8,30,-1.46107,0.0354692,0.0104477,0,-0.179165,0,All,#4682B4,0
9,30,-1.41729,-0.0283159,0.144741,0,-0.110025,0,All,#4682B4,0
10,30,-1.70033,0.0235503,0.150955,0,-0.10805,0,All,#4682B4,0
1,31,-4.21273,-0.0833767,0.0411077,0,0.02546,0,All,#4682B4,0
2,31,-0.457545,0.00348528,0.0614103,0,0.0558108,0,All,#4682B4,0
3,31,-0.949161,-0.0894343,-0.0227009,0,0.0306372,0,All,#4682B4,0
4,31,0.550685,0.0767219,-0.0434161,0,-0.0201196,0,All,#4682B4,0
5,31,1.29147,0.00723001,-0.221903,0,-0.0450852,0,All,#4682B4,0
6,31,0.110217,-0.0240291,-0.139914,0,-0.0445667,0,All,#4682B4,0
7,31,-1.09987,-0.0233441,-0.100415,0,-0.0377734,0,All,#4682B4,0
8,31,-1.28027,-0.00358783,-0.0638806,0,0.014044,0,All,#4682B4,0
9,31,-3.4309,-0.0732053,-0.123176,0,-0.0260551,0,All,#4682B4,0
10,31,-0.465533,-0.0476757,0.100861,0,0.0730912,0,All,#4682B4,0
1,32,-1.06133,0.0704853,-0.0905529,0,0.0182881,0,All,#4682B4,0
2,32,-3.58407,-0.0288112,0.106888,0,0.133411,0,All,#4682B4,0
3,32,-6.1832,-0.0351571,0.139504,0,0.0963014,0,All,#4682B4,0
4,32,-4.41753,-0.0121278,0.0293301,0,0.047298,0,All,#4682B4,0
5,32,-4.22973,0.0537939,-0.0350288,0,-0.0255237,0,All,#4682B4,0
6,32,-3.10249,-0.00759643,-0.295475,0,-0.0426408,0,All,#4682B4,0
7,32,-2.55552,-0.00273033,-0.0737019,0,0.0434857,0,All,#4682B4,0
8,32,-3.41814,-0.0405481,-0.0883934,0,0.0196168,0,All,#4682B4,0
9,32,-6.01326,-0.0173501,-0.171407,0,-0.00683102,0,All,#4682B4,0
10,32,-1.86893,-0.0199893,-0.218918,0,0.00341027,0,All,#4682B4,0
1,33,-0.0421531,-0.0805238,-0.135031,0,-0.0476266,0,All,#4682B4,0
2,33,-0.456548,0.0491797,0.0666292,0,0.00902654,0,All,#4682B4,0
3,33,1.05589,-0.0114371,-0.0686539,0,-0.00036337,0,All,#4682B4,0
4,33,-0.964786,0.00979165,0.122521,0,0.0444496,0,All,#4682B4,0
5,33,1.19598,-0.114996,0.0035273,0,0.09189,0,All,#4682B4,0
6,33,0.0206221,-0.129415,-0.0560817,0,0.035096,0,All,#4682B4,0
7,33,1.36547,0.0394439,-0.05809,0,-0.0165718,0,All,#4682B4,0
8,33,2.53696,0.0493599,-0.100979,0,0.0341675,0,All,#4682B4,0
9,33,0.807694,-0.0113495,-0.0227227,0,0.0256488,0,All,#4682B4,0
10,33,-1.13922,0.0416289,0.138599,0,0.0112022,0,All,#4682B4,0
1,34,-9.75722,0.00629343,-0.216532,0,0.0746004,0,All,#4682B4,0
2,34,-10.7999,0.0498353,-0.120946,0,0.0533751,0,All,#4682B4,0
3,34,-7.18301,0.065208,-0.319045,0,0.0516059,0,All,#4682B4,0
4,34,-6.74685,0.0257063,-0.390462,0,0.0724129,0,All,#4682B4,0
5,34,-7.66674,0.064663,-0.178971,0,0.0935607,0,All,#4682B4,0
6,34,-4.99871,0.0812021,-0.287804,0,0.106133,0,All,#4682B4,0
7,34,-3.19167,0.0351724,-0.237088,0,0.155569,0,All,#4682B4,0
8,34,-2.4641,-0.0772149,-0.266918,0,0.192816,0,All,#4682B4,0
9,34,-5.28844,-0.034175,-0.187983,0,0.154506,0,All,#4682B4,0
10,34,-4.7677,-0.0250979,-0.245529,0,0.129258,0,All,#4682B4,0
