rep,id_var,initT_simulated,dS_simulated,lBt0_simulated,lw_simulated,lI50_simulated,eta_initT_simulated,eta_dS_simulated,eta_lBt0_simulated,eta_lw_simulated,eta_lI50_simulated,data,split,color,filter
1,35,-3.19169,-0.506103,4.2485,0,-2.91511,0.0449526,-2.99573,0,-4.58786,0.0702707,thai,All,#4682B4,0
2,35,-3.83011,-1.14452,4.2485,0,-2.85065,0.109407,-2.99573,0,-4.59212,0.066012,thai,All,#4682B4,0
3,35,-2.94361,-0.258022,4.2485,0,-2.99953,-0.0394656,-2.99573,0,-4.63102,0.0271077,thai,All,#4682B4,0
4,35,-3.74076,-1.05517,4.2485,0,-2.98472,-0.0246641,-2.99573,0,-4.60954,0.0485943,thai,All,#4682B4,0
5,35,-3.74993,-1.06434,4.2485,0,-2.93571,0.0243461,-2.99573,0,-4.57037,0.0877592,thai,All,#4682B4,0
6,35,-3.10593,-0.420338,4.2485,0,-3.02933,-0.0692656,-2.99573,0,-4.57976,0.0783699,thai,All,#4682B4,0
7,35,-3.22209,-0.536495,4.2485,0,-2.94469,0.0153702,-2.99573,0,-4.62374,0.0343964,thai,All,#4682B4,0
8,35,-3.27632,-0.590727,4.2485,0,-3.09393,-0.133867,-2.99573,0,-4.63034,0.0277924,thai,All,#4682B4,0
9,35,-3.1517,-0.466111,4.2485,0,-2.99215,-0.0320855,-2.99573,0,-4.61121,0.0469231,thai,All,#4682B4,0
10,35,-3.18292,-0.497327,4.2485,0,-2.96757,-0.00751335,-2.99573,0,-4.6056,0.0525304,thai,All,#4682B4,0
1,36,-1.46438,1.22121,4.2485,0,-2.80501,0.155049,-2.99573,0,-4.70445,-0.0463211,thai,All,#4682B4,0
2,36,-2.68667,-0.00107845,4.2485,0,-2.92063,0.0394341,-2.99573,0,-4.74897,-0.0908336,thai,All,#4682B4,0
3,36,-2.40939,0.276197,4.2485,0,-2.9247,0.0353596,-2.99573,0,-4.73362,-0.075484,thai,All,#4682B4,0
4,36,-2.50789,0.177698,4.2485,0,-2.92633,0.0337329,-2.99573,0,-4.69793,-0.039794,thai,All,#4682B4,0
5,36,-3.09312,-0.407533,4.2485,0,-2.83406,0.126004,-2.99573,0,-4.7133,-0.0551624,thai,All,#4682B4,0
6,36,-2.04577,0.639825,4.2485,0,-2.92517,0.0348847,-2.99573,0,-4.76153,-0.103394,thai,All,#4682B4,0
7,36,-2.5796,0.105988,4.2485,0,-2.83198,0.128079,-2.99573,0,-4.74361,-0.0854805,thai,All,#4682B4,0
8,36,-2.76921,-0.0836238,4.2485,0,-2.97072,-0.0106623,-2.99573,0,-4.76332,-0.105187,thai,All,#4682B4,0
9,36,-1.71178,0.973813,4.2485,0,-2.90984,0.0502184,-2.99573,0,-4.65139,0.00674385,thai,All,#4682B4,0
10,36,-2.20429,0.481301,4.2485,0,-2.84327,0.116794,-2.99573,0,-4.69282,-0.0346921,thai,All,#4682B4,0
1,37,-2.84274,-0.157147,4.2485,0,-3.01488,-0.054824,-2.99573,0,-4.64118,0.0169523,thai,All,#4682B4,0
2,37,-2.82006,-0.134469,4.2485,0,-2.9335,0.0265605,-2.99573,0,-4.667,-0.00887059,thai,All,#4682B4,0
3,37,-2.76867,-0.0830809,4.2485,0,-3.05193,-0.09187,-2.99573,0,-4.68117,-0.023041,thai,All,#4682B4,0
4,37,-3.15762,-0.472033,4.2485,0,-2.99091,-0.0308538,-2.99573,0,-4.6877,-0.029568,thai,All,#4682B4,0
5,37,-2.3246,0.360992,4.2485,0,-2.9344,0.0256562,-2.99573,0,-4.63373,0.0244037,thai,All,#4682B4,0
6,37,-2.3498,0.335791,4.2485,0,-2.97395,-0.0138869,-2.99573,0,-4.68181,-0.0236749,thai,All,#4682B4,0
7,37,-2.36769,0.317904,4.2485,0,-2.95487,0.00518485,-2.99573,0,-4.64837,0.00976177,thai,All,#4682B4,0
8,37,-1.68608,0.999508,4.2485,0,-2.9431,0.0169621,-2.99573,0,-4.58155,0.0765874,thai,All,#4682B4,0
9,37,-2.36115,0.324445,4.2485,0,-2.99814,-0.0380835,-2.99573,0,-4.6858,-0.0276638,thai,All,#4682B4,0
10,37,-2.4435,0.242088,4.2485,0,-2.89016,0.0698955,-2.99573,0,-4.64343,0.014701,thai,All,#4682B4,0
1,38,-2.502,0.183589,4.2485,0,-2.86103,0.0990268,-2.99573,0,-4.59415,0.0639817,thai,All,#4682B4,0
2,38,-3.55318,-0.867589,4.2485,0,-3.04785,-0.0877886,-2.99573,0,-4.68927,-0.0311346,thai,All,#4682B4,0
3,38,-2.89988,-0.21429,4.2485,0,-2.92789,0.0321659,-2.99573,0,-4.62805,0.0300801,thai,All,#4682B4,0
4,38,-3.04313,-0.357542,4.2485,0,-3.05031,-0.0902455,-2.99573,0,-4.70048,-0.0423457,thai,All,#4682B4,0
5,38,-2.83753,-0.151943,4.2485,0,-2.98419,-0.0241276,-2.99573,0,-4.61583,0.0423008,thai,All,#4682B4,0
6,38,-2.67298,0.01261,4.2485,0,-2.93435,0.0257104,-2.99573,0,-4.59886,0.059273,thai,All,#4682B4,0
7,38,-3.30829,-0.622699,4.2485,0,-3.03665,-0.0765941,-2.99573,0,-4.70984,-0.0517065,thai,All,#4682B4,0
8,38,-3.41954,-0.733953,4.2485,0,-2.821,0.139058,-2.99573,0,-4.59379,0.0643389,thai,All,#4682B4,0
9,38,-2.67486,0.0107339,4.2485,0,-2.9971,-0.0370446,-2.99573,0,-4.59311,0.0650194,thai,All,#4682B4,0
10,38,-2.7811,-0.0955101,4.2485,0,-3.00251,-0.0424489,-2.99573,0,-4.65402,0.0041083,thai,All,#4682B4,0
1,39,-1.9528,0.73279,4.2485,0,-2.94801,0.0120503,-2.99573,0,-4.75095,-0.0928215,thai,All,#4682B4,0
2,39,-3.00146,-0.315869,4.2485,0,-2.88099,0.0790743,-2.99573,0,-4.68812,-0.0299884,thai,All,#4682B4,0
3,39,-3.61396,-0.92837,4.2485,0,-2.73729,0.222765,-2.99573,0,-4.68852,-0.0303872,thai,All,#4682B4,0
4,39,-2.92876,-0.243173,4.2485,0,-2.77046,0.189602,-2.99573,0,-4.66043,-0.00230014,thai,All,#4682B4,0
5,39,-2.30844,0.37715,4.2485,0,-2.94676,0.0132949,-2.99573,0,-4.75212,-0.0939839,thai,All,#4682B4,0
6,39,-3.05435,-0.368763,4.2485,0,-2.94511,0.0149536,-2.99573,0,-4.72358,-0.0654474,thai,All,#4682B4,0
7,39,-3.36709,-0.681501,4.2485,0,-2.88633,0.0737264,-2.99573,0,-4.73816,-0.0800263,thai,All,#4682B4,0
8,39,-2.20382,0.481774,4.2485,0,-2.97065,-0.0105935,-2.99573,0,-4.74219,-0.0840622,thai,All,#4682B4,0
9,39,-3.52777,-0.842183,4.2485,0,-2.86792,0.0921406,-2.99573,0,-4.72858,-0.0704477,thai,All,#4682B4,0
10,39,-2.6801,0.00549125,4.2485,0,-2.91058,0.0494772,-2.99573,0,-4.68272,-0.0245828,thai,All,#4682B4,0
1,40,-3.23369,-0.548099,4.2485,0,-3.00218,-0.0421233,-2.99573,0,-4.68284,-0.0247063,thai,All,#4682B4,0
2,40,-3.5795,-0.893907,4.2485,0,-3.11724,-0.157176,-2.99573,0,-4.69185,-0.0337192,thai,All,#4682B4,0
3,40,-3.44995,-0.764358,4.2485,0,-3.01054,-0.0504845,-2.99573,0,-4.68364,-0.0255059,thai,All,#4682B4,0
4,40,-3.53962,-0.854028,4.2485,0,-3.06522,-0.105165,-2.99573,0,-4.6641,-0.00596379,thai,All,#4682B4,0
5,40,-3.48373,-0.798142,4.2485,0,-2.97729,-0.0172279,-2.99573,0,-4.64551,0.0126204,thai,All,#4682B4,0
6,40,-3.3185,-0.632908,4.2485,0,-2.94634,0.0137216,-2.99573,0,-4.59957,0.0585635,thai,All,#4682B4,0
7,40,-2.90834,-0.222745,4.2485,0,-2.96445,-0.0043909,-2.99573,0,-4.61178,0.0463573,thai,All,#4682B4,0
8,40,-2.66745,0.018136,4.2485,0,-2.9532,0.00686347,-2.99573,0,-4.55098,0.10715,thai,All,#4682B4,0
9,40,-3.27294,-0.587353,4.2485,0,-3.03339,-0.0733267,-2.99573,0,-4.65244,0.00568933,thai,All,#4682B4,0
10,40,-2.93624,-0.250653,4.2485,0,-2.9084,0.0516606,-2.99573,0,-4.54883,0.109299,thai,All,#4682B4,0
1,41,-2.26039,0.425204,4.2485,0,-3.12969,-0.169627,-2.99573,0,-4.72915,-0.0710183,thai,All,#4682B4,0
2,41,-2.97113,-0.285535,4.2485,0,-3.04068,-0.080623,-2.99573,0,-4.67125,-0.0131193,thai,All,#4682B4,0
3,41,-2.57827,0.107323,4.2485,0,-3.00502,-0.0449591,-2.99573,0,-4.66965,-0.0115207,thai,All,#4682B4,0
4,41,-2.67412,0.0114675,4.2485,0,-3.00615,-0.0460939,-2.99573,0,-4.65575,0.00238305,thai,All,#4682B4,0
5,41,-2.02832,0.657275,4.2485,0,-2.97317,-0.0131109,-2.99573,0,-4.66363,-0.00549251,thai,All,#4682B4,0
6,41,-2.4346,0.250993,4.2485,0,-2.93856,0.0215036,-2.99573,0,-4.64942,0.00870999,thai,All,#4682B4,0
7,41,-3.09869,-0.413098,4.2485,0,-3.02598,-0.0659221,-2.99573,0,-4.72408,-0.0659466,thai,All,#4682B4,0
8,41,-2.47003,0.215563,4.2485,0,-2.92384,0.0362203,-2.99573,0,-4.64828,0.00984776,thai,All,#4682B4,0
9,41,-2.9077,-0.22211,4.2485,0,-3.02595,-0.0658899,-2.99573,0,-4.65101,0.0071255,thai,All,#4682B4,0
10,41,-2.51736,0.168231,4.2485,0,-3.01143,-0.0513725,-2.99573,0,-4.68672,-0.0285828,thai,All,#4682B4,0
1,42,-2.83346,-0.147871,4.2485,0,-2.95041,0.00965222,-2.99573,0,-4.67453,-0.0163993,thai,All,#4682B4,0
2,42,-2.28542,0.400166,4.2485,0,-2.93995,0.0201095,-2.99573,0,-4.66526,-0.0071321,thai,All,#4682B4,0
3,42,-2.18031,0.505277,4.2485,0,-2.86698,0.0930817,-2.99573,0,-4.62237,0.0357624,thai,All,#4682B4,0
4,42,-1.86704,0.818551,4.2485,0,-2.93743,0.0226337,-2.99573,0,-4.60317,0.0549632,thai,All,#4682B4,0
5,42,-2.34277,0.342823,4.2485,0,-2.91409,0.0459737,-2.99573,0,-4.65617,0.00196587,thai,All,#4682B4,0
6,42,-2.68158,0.00400719,4.2485,0,-2.97947,-0.0194098,-2.99573,0,-4.67098,-0.0128451,thai,All,#4682B4,0
7,42,-3.13984,-0.454251,4.2485,0,-2.84449,0.115573,-2.99573,0,-4.63423,0.0239,thai,All,#4682B4,0
8,42,-3.25644,-0.570854,4.2485,0,-2.94823,0.0118334,-2.99573,0,-4.65487,0.0032668,thai,All,#4682B4,0
9,42,-3.23259,-0.546996,4.2485,0,-2.89574,0.0643168,-2.99573,0,-4.67783,-0.0196965,thai,All,#4682B4,0
10,42,-3.40511,-0.719516,4.2485,0,-2.93883,0.0212255,-2.99573,0,-4.69939,-0.0412577,thai,All,#4682B4,0
1,43,-2.26222,0.423373,4.2485,0,-2.84193,0.118131,-2.99573,0,-4.67932,-0.0211826,thai,All,#4682B4,0
2,43,-2.52364,0.161947,4.2485,0,-2.90712,0.0529412,-2.99573,0,-4.69885,-0.0407188,thai,All,#4682B4,0
3,43,-2.91772,-0.232134,4.2485,0,-2.98447,-0.0244116,-2.99573,0,-4.71928,-0.0611509,thai,All,#4682B4,0
4,43,-2.77764,-0.0920463,4.2485,0,-2.93108,0.0289773,-2.99573,0,-4.70521,-0.0470737,thai,All,#4682B4,0
5,43,-2.60624,0.0793499,4.2485,0,-2.90196,0.058099,-2.99573,0,-4.65034,0.00779147,thai,All,#4682B4,0
6,43,-2.92203,-0.236437,4.2485,0,-2.98732,-0.0272604,-2.99573,0,-4.72066,-0.062531,thai,All,#4682B4,0
7,43,-3.08019,-0.394599,4.2485,0,-2.9141,0.045964,-2.99573,0,-4.70402,-0.0458882,thai,All,#4682B4,0
8,43,-2.98453,-0.298939,4.2485,0,-2.94705,0.0130112,-2.99573,0,-4.68508,-0.0269434,thai,All,#4682B4,0
9,43,-2.6705,0.0150865,4.2485,0,-2.9253,0.0347633,-2.99573,0,-4.6731,-0.014967,thai,All,#4682B4,0
10,43,-2.57184,0.11375,4.2485,0,-2.96261,-0.00254874,-2.99573,0,-4.6948,-0.0366695,thai,All,#4682B4,0
1,44,-2.26377,0.421825,4.2485,0,-3.09146,-0.131403,-2.99573,0,-4.6223,0.0358286,thai,All,#4682B4,0
2,44,-1.8215,0.864092,4.2485,0,-3.06672,-0.106659,-2.99573,0,-4.59597,0.0621644,thai,All,#4682B4,0
3,44,-2.6041,0.0814925,4.2485,0,-2.97712,-0.0170618,-2.99573,0,-4.57121,0.0869275,thai,All,#4682B4,0
4,44,-2.21265,0.472938,4.2485,0,-3.05672,-0.0966579,-2.99573,0,-4.61259,0.0455452,thai,All,#4682B4,0
5,44,-2.77093,-0.0853406,4.2485,0,-3.11637,-0.156314,-2.99573,0,-4.66588,-0.00774428,thai,All,#4682B4,0
6,44,-2.87116,-0.18557,4.2485,0,-2.94572,0.0143438,-2.99573,0,-4.58802,0.0701125,thai,All,#4682B4,0
7,44,-1.72388,0.961715,4.2485,0,-2.97622,-0.0161576,-2.99573,0,-4.57844,0.0796963,thai,All,#4682B4,0
8,44,-1.8878,0.797788,4.2485,0,-2.95147,0.00858803,-2.99573,0,-4.59219,0.0659451,thai,All,#4682B4,0
9,44,-1.94617,0.739421,4.2485,0,-3.0924,-0.132342,-2.99573,0,-4.62466,0.0334694,thai,All,#4682B4,0
10,44,-2.45685,0.228739,4.2485,0,-3.06119,-0.101128,-2.99573,0,-4.60479,0.053347,thai,All,#4682B4,0
1,45,-2.44835,0.237243,4.2485,0,-2.97779,-0.0177271,-2.99573,0,-4.69483,-0.0366928,thai,All,#4682B4,0
2,45,-2.5036,0.181994,4.2485,0,-2.98975,-0.0296934,-2.99573,0,-4.73114,-0.0730112,thai,All,#4682B4,0
3,45,-3.27111,-0.585516,4.2485,0,-2.90251,0.0575506,-2.99573,0,-4.72947,-0.0713352,thai,All,#4682B4,0
4,45,-2.65143,0.0341557,4.2485,0,-2.98933,-0.0292726,-2.99573,0,-4.72601,-0.0678771,thai,All,#4682B4,0
5,45,-2.97049,-0.284904,4.2485,0,-2.97781,-0.0177519,-2.99573,0,-4.72415,-0.0660181,thai,All,#4682B4,0
6,45,-2.82371,-0.138118,4.2485,0,-2.95024,0.00981783,-2.99573,0,-4.71908,-0.0609434,thai,All,#4682B4,0
7,45,-3.06273,-0.377136,4.2485,0,-3.05178,-0.0917154,-2.99573,0,-4.7733,-0.11517,thai,All,#4682B4,0
8,45,-2.34269,0.342898,4.2485,0,-2.93,0.0300554,-2.99573,0,-4.67248,-0.014346,thai,All,#4682B4,0
9,45,-2.80206,-0.116468,4.2485,0,-2.96608,-0.00602131,-2.99573,0,-4.68485,-0.0267155,thai,All,#4682B4,0
10,45,-3.89661,-1.21102,4.2485,0,-2.85598,0.104075,-2.99573,0,-4.71877,-0.0606329,thai,All,#4682B4,0
1,46,-2.53686,0.148731,4.2485,0,-3.09997,-0.139906,-2.99573,0,-4.66227,-0.00413502,thai,All,#4682B4,0
2,46,-3.32707,-0.641478,4.2485,0,-3.0056,-0.0455416,-2.99573,0,-4.63163,0.026506,thai,All,#4682B4,0
3,46,-1.83813,0.847464,4.2485,0,-3.11691,-0.156854,-2.99573,0,-4.66128,-0.00315077,thai,All,#4682B4,0
4,46,-2.64454,0.0410469,4.2485,0,-2.92822,0.0318438,-2.99573,0,-4.57357,0.084567,thai,All,#4682B4,0
5,46,-2.19708,0.488509,4.2485,0,-2.98876,-0.0287006,-2.99573,0,-4.60858,0.0495564,thai,All,#4682B4,0
6,46,-3.2854,-0.599811,4.2485,0,-3.01844,-0.0583778,-2.99573,0,-4.62033,0.0377987,thai,All,#4682B4,0
7,46,-2.57259,0.113003,4.2485,0,-3.01301,-0.0529522,-2.99573,0,-4.64819,0.00994719,thai,All,#4682B4,0
8,46,-2.56958,0.116006,4.2485,0,-2.9531,0.00696365,-2.99573,0,-4.58371,0.0744206,thai,All,#4682B4,0
9,46,-2.9515,-0.265911,4.2485,0,-2.99026,-0.0301961,-2.99573,0,-4.6113,0.0468337,thai,All,#4682B4,0
10,46,-2.5442,0.141391,4.2485,0,-3.07061,-0.110547,-2.99573,0,-4.64821,0.00992029,thai,All,#4682B4,0
1,47,-1.6412,1.04439,4.2485,0,-2.92752,0.0325365,-2.99573,0,-4.62842,0.0297136,thai,All,#4682B4,0
2,47,-2.49828,0.187309,4.2485,0,-2.94681,0.0132524,-2.99573,0,-4.68734,-0.0292084,thai,All,#4682B4,0
3,47,-2.59309,0.0925044,4.2485,0,-2.91116,0.048899,-2.99573,0,-4.65106,0.00707089,thai,All,#4682B4,0
4,47,-2.6661,0.0194889,4.2485,0,-2.91613,0.0439257,-2.99573,0,-4.65423,0.00390073,thai,All,#4682B4,0
5,47,-2.45241,0.233183,4.2485,0,-2.88475,0.0753111,-2.99573,0,-4.65525,0.00288037,thai,All,#4682B4,0
6,47,-2.00036,0.685235,4.2485,0,-2.85467,0.105392,-2.99573,0,-4.66622,-0.00809,thai,All,#4682B4,0
7,47,-3.07115,-0.385555,4.2485,0,-2.74805,0.212012,-2.99573,0,-4.60101,0.0571262,thai,All,#4682B4,0
8,47,-2.7354,-0.0498097,4.2485,0,-2.85792,0.102136,-2.99573,0,-4.63185,0.0262867,thai,All,#4682B4,0
9,47,-2.48634,0.199249,4.2485,0,-2.89401,0.066048,-2.99573,0,-4.65157,0.00656017,thai,All,#4682B4,0
10,47,-2.51629,0.169301,4.2485,0,-2.83309,0.126969,-2.99573,0,-4.61861,0.039525,thai,All,#4682B4,0
1,48,-1.85436,0.831234,4.2485,0,-3.05425,-0.0941888,-2.99573,0,-4.72976,-0.0716243,thai,All,#4682B4,0
2,48,-2.95871,-0.273124,4.2485,0,-3.02612,-0.066061,-2.99573,0,-4.7739,-0.115772,thai,All,#4682B4,0
3,48,-1.84315,0.842438,4.2485,0,-2.95898,0.00108078,-2.99573,0,-4.69722,-0.03909,thai,All,#4682B4,0
4,48,-3.09716,-0.411567,4.2485,0,-2.82236,0.137696,-2.99573,0,-4.69628,-0.0381483,thai,All,#4682B4,0
5,48,-2.13137,0.554216,4.2485,0,-2.80798,0.152076,-2.99573,0,-4.65437,0.0037644,thai,All,#4682B4,0
6,48,-2.71526,-0.0296652,4.2485,0,-2.7835,0.176555,-2.99573,0,-4.65019,0.00794482,thai,All,#4682B4,0
7,48,-2.40932,0.27627,4.2485,0,-2.90953,0.0505266,-2.99573,0,-4.67921,-0.0210761,thai,All,#4682B4,0
8,48,-2.55356,0.132028,4.2485,0,-2.83898,0.121079,-2.99573,0,-4.6743,-0.0161722,thai,All,#4682B4,0
9,48,-2.11152,0.574073,4.2485,0,-2.86976,0.0902976,-2.99573,0,-4.67417,-0.0160398,thai,All,#4682B4,0
10,48,-2.38284,0.302746,4.2485,0,-2.8016,0.158458,-2.99573,0,-4.67031,-0.0121725,thai,All,#4682B4,0
1,49,-1.68234,1.00325,4.2485,0,-2.99166,-0.0316014,-2.99573,0,-4.75598,-0.0978511,thai,All,#4682B4,0
2,49,-2.14108,0.544515,4.2485,0,-2.84073,0.119331,-2.99573,0,-4.75054,-0.0924045,thai,All,#4682B4,0
3,49,-2.2937,0.391886,4.2485,0,-2.92863,0.0314342,-2.99573,0,-4.76527,-0.107137,thai,All,#4682B4,0
4,49,-1.81021,0.875381,4.2485,0,-2.86588,0.0941749,-2.99573,0,-4.73666,-0.0785244,thai,All,#4682B4,0
5,49,-2.03648,0.649116,4.2485,0,-2.917,0.0430593,-2.99573,0,-4.74586,-0.0877318,thai,All,#4682B4,0
6,49,-2.61406,0.0715271,4.2485,0,-2.83122,0.128841,-2.99573,0,-4.74786,-0.0897289,thai,All,#4682B4,0
7,49,-2.22276,0.462831,4.2485,0,-2.83713,0.122925,-2.99573,0,-4.72702,-0.0688886,thai,All,#4682B4,0
8,49,-2.39999,0.285602,4.2485,0,-2.7988,0.161262,-2.99573,0,-4.72371,-0.0655805,thai,All,#4682B4,0
9,49,-2.11292,0.572671,4.2485,0,-2.73475,0.225307,-2.99573,0,-4.67509,-0.0169622,thai,All,#4682B4,0
10,49,-1.37236,1.31324,4.2485,0,-2.81764,0.142418,-2.99573,0,-4.68072,-0.0225902,thai,All,#4682B4,0
1,50,-2.36794,0.317655,4.2485,0,-2.89205,0.0680111,-2.99573,0,-4.68003,-0.0219019,thai,All,#4682B4,0
2,50,-2.94426,-0.258669,4.2485,0,-2.83624,0.123817,-2.99573,0,-4.66975,-0.0116185,thai,All,#4682B4,0
3,50,-2.00889,0.676703,4.2485,0,-2.91456,0.0455018,-2.99573,0,-4.66628,-0.00814293,thai,All,#4682B4,0
4,50,-3.31293,-0.627337,4.2485,0,-2.93655,0.0235131,-2.99573,0,-4.66973,-0.0115972,thai,All,#4682B4,0
5,50,-2.31495,0.370642,4.2485,0,-3.013,-0.052939,-2.99573,0,-4.72165,-0.0635185,thai,All,#4682B4,0
6,50,-2.85067,-0.165083,4.2485,0,-2.9853,-0.0252384,-2.99573,0,-4.74647,-0.0883331,thai,All,#4682B4,0
7,50,-3.49312,-0.807532,4.2485,0,-2.87875,0.0813061,-2.99573,0,-4.6831,-0.0249688,thai,All,#4682B4,0
8,50,-3.29381,-0.608224,4.2485,0,-2.9142,0.0458576,-2.99573,0,-4.69695,-0.0388145,thai,All,#4682B4,0
9,50,-2.56467,0.120919,4.2485,0,-2.93648,0.0235797,-2.99573,0,-4.70456,-0.0464319,thai,All,#4682B4,0
10,50,-2.58129,0.104301,4.2485,0,-2.88431,0.0757488,-2.99573,0,-4.61554,0.0425958,thai,All,#4682B4,0
1,51,-3.32866,-0.643067,4.2485,0,-2.98086,-0.0208014,-2.99573,0,-4.69336,-0.0352281,thai,All,#4682B4,0
2,51,-3.51453,-0.82894,4.2485,0,-2.91178,0.0482835,-2.99573,0,-4.65989,-0.00175559,thai,All,#4682B4,0
3,51,-2.72557,-0.0399783,4.2485,0,-2.98192,-0.0218627,-2.99573,0,-4.67356,-0.0154254,thai,All,#4682B4,0
4,51,-3.18016,-0.494573,4.2485,0,-2.90445,0.0556051,-2.99573,0,-4.65597,0.00215787,thai,All,#4682B4,0
5,51,-2.75027,-0.0646819,4.2485,0,-2.91506,0.0450002,-2.99573,0,-4.67836,-0.0202291,thai,All,#4682B4,0
6,51,-2.75175,-0.0661624,4.2485,0,-2.90484,0.0552182,-2.99573,0,-4.67132,-0.0131883,thai,All,#4682B4,0
7,51,-2.72012,-0.034528,4.2485,0,-3.0619,-0.101842,-2.99573,0,-4.68459,-0.0264599,thai,All,#4682B4,0
8,51,-2.92498,-0.239386,4.2485,0,-2.98709,-0.0270303,-2.99573,0,-4.69276,-0.0346243,thai,All,#4682B4,0
9,51,-2.66507,0.0205233,4.2485,0,-2.95293,0.00712513,-2.99573,0,-4.69781,-0.0396768,thai,All,#4682B4,0
10,51,-2.92023,-0.234638,4.2485,0,-2.94061,0.0194498,-2.99573,0,-4.6664,-0.00827054,thai,All,#4682B4,0
1,1,-3.99599,-1.3104,4.2485,0,-2.94505,0.015011,-2.99573,0,-4.68247,-0.0243404,africa,All,#4682B4,0
2,1,-2.42886,0.25673,4.2485,0,-2.96355,-0.0034895,-2.99573,0,-4.60742,0.0507159,africa,All,#4682B4,0
3,1,-3.57184,-0.886251,4.2485,0,-3.01296,-0.0529009,-2.99573,0,-4.73351,-0.0753777,africa,All,#4682B4,0
4,1,-2.7488,-0.0632053,4.2485,0,-2.87188,0.0881753,-2.99573,0,-4.65116,0.0069698,africa,All,#4682B4,0
5,1,-1.86526,0.820329,4.2485,0,-2.9359,0.0241598,-2.99573,0,-4.65671,0.00142368,africa,All,#4682B4,0
6,1,-2.94156,-0.255967,4.2485,0,-2.92193,0.0381334,-2.99573,0,-4.66331,-0.00517519,africa,All,#4682B4,0
7,1,-2.71839,-0.0328005,4.2485,0,-2.89335,0.0667108,-2.99573,0,-4.66512,-0.00698285,africa,All,#4682B4,0
8,1,-3.06561,-0.380016,4.2485,0,-3.02397,-0.0639085,-2.99573,0,-4.70007,-0.0419367,africa,All,#4682B4,0
9,1,-3.80555,-1.11996,4.2485,0,-2.94298,0.0170799,-2.99573,0,-4.7201,-0.0619662,africa,All,#4682B4,0
10,1,-2.64024,0.0453498,4.2485,0,-2.9459,0.0141595,-2.99573,0,-4.60812,0.0500118,africa,All,#4682B4,0
1,2,-1.90073,0.784857,4.2485,0,-2.95499,0.00506657,-2.99573,0,-4.63256,0.0255769,africa,All,#4682B4,0
2,2,-2.95214,-0.266553,4.2485,0,-2.99845,-0.0383854,-2.99573,0,-4.70727,-0.0491359,africa,All,#4682B4,0
3,2,-3.09503,-0.409438,4.2485,0,-2.90929,0.0507691,-2.99573,0,-4.65412,0.00401699,africa,All,#4682B4,0
4,2,-2.9343,-0.248712,4.2485,0,-3.02116,-0.0611038,-2.99573,0,-4.69058,-0.0324477,africa,All,#4682B4,0
5,2,-3.12512,-0.439534,4.2485,0,-2.94144,0.0186172,-2.99573,0,-4.68405,-0.0259148,africa,All,#4682B4,0
6,2,-2.01595,0.669638,4.2485,0,-2.86742,0.0926443,-2.99573,0,-4.62124,0.0368904,africa,All,#4682B4,0
7,2,-1.98145,0.704141,4.2485,0,-2.85887,0.101185,-2.99573,0,-4.66745,-0.00932092,africa,All,#4682B4,0
8,2,-2.90153,-0.215938,4.2485,0,-3.05453,-0.0944722,-2.99573,0,-4.72246,-0.064327,africa,All,#4682B4,0
9,2,-2.87056,-0.184971,4.2485,0,-2.95239,0.00767377,-2.99573,0,-4.68998,-0.0318472,africa,All,#4682B4,0
10,2,-2.621,0.0645938,4.2485,0,-2.90061,0.0594526,-2.99573,0,-4.67678,-0.0186509,africa,All,#4682B4,0
1,3,-2.70026,-0.0146696,4.2485,0,-2.93632,0.0237421,-2.99573,0,-4.6771,-0.01897,africa,All,#4682B4,0
2,3,-3.10733,-0.421736,4.2485,0,-2.98066,-0.0206011,-2.99573,0,-4.71993,-0.0617985,africa,All,#4682B4,0
3,3,-2.39972,0.285872,4.2485,0,-3.02882,-0.0687584,-2.99573,0,-4.70362,-0.0454922,africa,All,#4682B4,0
4,3,-3.7203,-1.03471,4.2485,0,-2.93613,0.0239279,-2.99573,0,-4.70032,-0.0421913,africa,All,#4682B4,0
5,3,-2.54826,0.137332,4.2485,0,-2.87576,0.0842953,-2.99573,0,-4.66229,-0.00415933,africa,All,#4682B4,0
6,3,-2.89702,-0.211429,4.2485,0,-2.87273,0.0873298,-2.99573,0,-4.68256,-0.0244318,africa,All,#4682B4,0
7,3,-2.88504,-0.199452,4.2485,0,-2.98879,-0.0287313,-2.99573,0,-4.69924,-0.041108,africa,All,#4682B4,0
8,3,-2.65893,0.0266591,4.2485,0,-2.91752,0.0425416,-2.99573,0,-4.6439,0.0142322,africa,All,#4682B4,0
9,3,-2.43301,0.252578,4.2485,0,-3.01995,-0.0598884,-2.99573,0,-4.68465,-0.0265129,africa,All,#4682B4,0
10,3,-3.05665,-0.371062,4.2485,0,-2.84702,0.113042,-2.99573,0,-4.63619,0.0219458,africa,All,#4682B4,0
1,4,-2.23947,0.446123,4.2485,0,-2.86677,0.0932853,-2.99573,0,-4.66682,-0.00868527,africa,All,#4682B4,0
2,4,-1.91121,0.774382,4.2485,0,-2.90938,0.0506817,-2.99573,0,-4.61352,0.0446124,africa,All,#4682B4,0
3,4,-2.13513,0.550459,4.2485,0,-2.9003,0.0597624,-2.99573,0,-4.65884,-0.000705438,africa,All,#4682B4,0
4,4,-1.60877,1.07682,4.2485,0,-2.99935,-0.0392894,-2.99573,0,-4.64446,0.0136759,africa,All,#4682B4,0
5,4,-2.96165,-0.276058,4.2485,0,-2.85998,0.100077,-2.99573,0,-4.65601,0.00212728,africa,All,#4682B4,0
6,4,-2.14765,0.537942,4.2485,0,-3.0086,-0.0485372,-2.99573,0,-4.66357,-0.00543335,africa,All,#4682B4,0
7,4,-2.53163,0.153957,4.2485,0,-2.97549,-0.0154307,-2.99573,0,-4.6295,0.028628,africa,All,#4682B4,0
8,4,-1.99819,0.687405,4.2485,0,-2.86456,0.0955011,-2.99573,0,-4.63999,0.0181461,africa,All,#4682B4,0
9,4,-2.48278,0.202809,4.2485,0,-2.882,0.078058,-2.99573,0,-4.61623,0.0419029,africa,All,#4682B4,0
10,4,-1.56806,1.11753,4.2485,0,-3.00338,-0.0433237,-2.99573,0,-4.60259,0.0555397,africa,All,#4682B4,0
1,5,-3.33961,-0.654021,4.2485,0,-3.07325,-0.11319,-2.99573,0,-4.6517,0.00643705,africa,All,#4682B4,0
2,5,-3.21339,-0.527803,4.2485,0,-2.97026,-0.0102032,-2.99573,0,-4.65977,-0.00163616,africa,All,#4682B4,0
3,5,-2.42467,0.260923,4.2485,0,-2.96291,-0.00284782,-2.99573,0,-4.61831,0.0398274,africa,All,#4682B4,0
4,5,-2.53535,0.150245,4.2485,0,-3.08206,-0.122,-2.99573,0,-4.71641,-0.0582751,africa,All,#4682B4,0
5,5,-3.25537,-0.569777,4.2485,0,-3.08544,-0.125382,-2.99573,0,-4.72523,-0.0670988,africa,All,#4682B4,0
6,5,-2.99439,-0.308799,4.2485,0,-2.94515,0.0149049,-2.99573,0,-4.6337,0.0244349,africa,All,#4682B4,0
7,5,-3.41507,-0.729478,4.2485,0,-2.89736,0.0627014,-2.99573,0,-4.60718,0.0509567,africa,All,#4682B4,0
8,5,-3.48419,-0.798599,4.2485,0,-2.97943,-0.0193738,-2.99573,0,-4.64172,0.0164087,africa,All,#4682B4,0
9,5,-2.96237,-0.276777,4.2485,0,-3.03426,-0.0742003,-2.99573,0,-4.66785,-0.00971579,africa,All,#4682B4,0
10,5,-2.96938,-0.283788,4.2485,0,-3.00386,-0.0438053,-2.99573,0,-4.63359,0.0245415,africa,All,#4682B4,0
1,6,-2.22462,0.460974,4.2485,0,-3.12372,-0.163664,-2.99573,0,-4.52431,0.133822,africa,All,#4682B4,0
2,6,-2.83513,-0.149538,4.2485,0,-2.9421,0.0179568,-2.99573,0,-4.58009,0.0780427,africa,All,#4682B4,0
3,6,-2.72408,-0.0384921,4.2485,0,-3.02738,-0.0673195,-2.99573,0,-4.61229,0.0458432,africa,All,#4682B4,0
4,6,-2.00493,0.680659,4.2485,0,-3.10048,-0.140422,-2.99573,0,-4.55366,0.104476,africa,All,#4682B4,0
5,6,-2.69262,-0.00702714,4.2485,0,-3.06388,-0.103821,-2.99573,0,-4.59861,0.0595202,africa,All,#4682B4,0
6,6,-1.81763,0.867958,4.2485,0,-3.0465,-0.0864384,-2.99573,0,-4.57341,0.0847264,africa,All,#4682B4,0
7,6,-2.15075,0.534839,4.2485,0,-3.09203,-0.13197,-2.99573,0,-4.58105,0.0770825,africa,All,#4682B4,0
8,6,-2.03166,0.65393,4.2485,0,-3.09397,-0.133913,-2.99573,0,-4.59046,0.0676757,africa,All,#4682B4,0
9,6,-2.05871,0.626882,4.2485,0,-3.07943,-0.119371,-2.99573,0,-4.57574,0.0823892,africa,All,#4682B4,0
10,6,-2.27562,0.409972,4.2485,0,-3.05995,-0.09989,-2.99573,0,-4.58553,0.0726073,africa,All,#4682B4,0
1,7,-1.99056,0.695027,4.2485,0,-2.96482,-0.00475941,-2.99573,0,-4.66653,-0.00839533,africa,All,#4682B4,0
2,7,-2.95258,-0.266989,4.2485,0,-2.90921,0.0508516,-2.99573,0,-4.66309,-0.00496009,africa,All,#4682B4,0
3,7,-3.02289,-0.3373,4.2485,0,-2.96821,-0.00815374,-2.99573,0,-4.67387,-0.0157393,africa,All,#4682B4,0
4,7,-3.16618,-0.48059,4.2485,0,-2.89582,0.0642384,-2.99573,0,-4.75424,-0.096103,africa,All,#4682B4,0
5,7,-2.69369,-0.0081035,4.2485,0,-2.887,0.073063,-2.99573,0,-4.70216,-0.0440265,africa,All,#4682B4,0
6,7,-2.73969,-0.0540983,4.2485,0,-2.88994,0.0701195,-2.99573,0,-4.63981,0.0183214,africa,All,#4682B4,0
7,7,-2.07299,0.612596,4.2485,0,-2.99792,-0.0378581,-2.99573,0,-4.70707,-0.0489328,africa,All,#4682B4,0
8,7,-3.49731,-0.811719,4.2485,0,-2.91015,0.0499112,-2.99573,0,-4.6713,-0.0131703,africa,All,#4682B4,0
9,7,-3.43643,-0.750838,4.2485,0,-2.90793,0.0521258,-2.99573,0,-4.61657,0.0415602,africa,All,#4682B4,0
10,7,-2.64144,0.0441534,4.2485,0,-2.98536,-0.0253041,-2.99573,0,-4.67048,-0.0123427,africa,All,#4682B4,0
1,8,-2.68356,0.00202664,4.2485,0,-2.9681,-0.00803769,-2.99573,0,-4.64719,0.0109404,africa,All,#4682B4,0
2,8,-2.07303,0.612564,4.2485,0,-3.0907,-0.130637,-2.99573,0,-4.67772,-0.0195827,africa,All,#4682B4,0
3,8,-2.69747,-0.0118798,4.2485,0,-3.07416,-0.114102,-2.99573,0,-4.70963,-0.0514959,africa,All,#4682B4,0
4,8,-2.19457,0.491022,4.2485,0,-3.05106,-0.0909958,-2.99573,0,-4.66863,-0.0104994,africa,All,#4682B4,0
5,8,-2.04779,0.637802,4.2485,0,-2.93927,0.0207919,-2.99573,0,-4.65665,0.00148332,africa,All,#4682B4,0
6,8,-2.40159,0.283996,4.2485,0,-3.05479,-0.0947342,-2.99573,0,-4.67428,-0.016145,africa,All,#4682B4,0
7,8,-2.38891,0.296684,4.2485,0,-3.1534,-0.19334,-2.99573,0,-4.73533,-0.0771977,africa,All,#4682B4,0
8,8,-2.34911,0.336481,4.2485,0,-3.07207,-0.112007,-2.99573,0,-4.67597,-0.0178404,africa,All,#4682B4,0
9,8,-2.56492,0.120673,4.2485,0,-2.97225,-0.0121903,-2.99573,0,-4.67346,-0.0153302,africa,All,#4682B4,0
10,8,-2.32624,0.359355,4.2485,0,-3.02363,-0.0635715,-2.99573,0,-4.63854,0.0195891,africa,All,#4682B4,0
1,9,-2.71463,-0.0290375,4.2485,0,-3.05255,-0.0924938,-2.99573,0,-4.60901,0.0491215,africa,All,#4682B4,0
2,9,-2.1351,0.55049,4.2485,0,-3.17831,-0.218252,-2.99573,0,-4.69917,-0.0410418,africa,All,#4682B4,0
3,9,-3.64753,-0.961938,4.2485,0,-3.03511,-0.0750492,-2.99573,0,-4.64073,0.0174007,africa,All,#4682B4,0
4,9,-3.44343,-0.757834,4.2485,0,-2.92191,0.0381546,-2.99573,0,-4.58154,0.0765959,africa,All,#4682B4,0
5,9,-3.33971,-0.654118,4.2485,0,-3.01301,-0.0529525,-2.99573,0,-4.63898,0.0191483,africa,All,#4682B4,0
6,9,-3.39001,-0.704418,4.2485,0,-2.96473,-0.00466933,-2.99573,0,-4.60794,0.050194,africa,All,#4682B4,0
7,9,-2.88522,-0.199633,4.2485,0,-2.8415,0.118555,-2.99573,0,-4.56637,0.0917672,africa,All,#4682B4,0
8,9,-2.04566,0.639932,4.2485,0,-2.97941,-0.019347,-2.99573,0,-4.59287,0.0652674,africa,All,#4682B4,0
9,9,-2.94225,-0.256663,4.2485,0,-3.14047,-0.180407,-2.99573,0,-4.67379,-0.0156558,africa,All,#4682B4,0
10,9,-2.5287,0.156891,4.2485,0,-2.89541,0.0646482,-2.99573,0,-4.63483,0.0233003,africa,All,#4682B4,0
1,10,-2.28556,0.400026,4.2485,0,-2.91506,0.0449973,-2.99573,0,-4.59378,0.0643574,africa,All,#4682B4,0
2,10,-2.4415,0.244091,4.2485,0,-2.96453,-0.00447478,-2.99573,0,-4.58683,0.0713056,africa,All,#4682B4,0
3,10,-3.35129,-0.665703,4.2485,0,-2.92382,0.0362385,-2.99573,0,-4.62866,0.0294691,africa,All,#4682B4,0
4,10,-3.10779,-0.422196,4.2485,0,-2.96177,-0.00171208,-2.99573,0,-4.6325,0.0256304,africa,All,#4682B4,0
5,10,-2.90781,-0.222215,4.2485,0,-2.92996,0.0300983,-2.99573,0,-4.60361,0.0545232,africa,All,#4682B4,0
6,10,-2.81284,-0.127245,4.2485,0,-3.07378,-0.113721,-2.99573,0,-4.61117,0.0469651,africa,All,#4682B4,0
7,10,-3.58531,-0.899715,4.2485,0,-3.06161,-0.101546,-2.99573,0,-4.66132,-0.00318434,africa,All,#4682B4,0
8,10,-3.1473,-0.461714,4.2485,0,-2.94573,0.0143273,-2.99573,0,-4.65061,0.00752356,africa,All,#4682B4,0
9,10,-3.09138,-0.405788,4.2485,0,-2.82257,0.13749,-2.99573,0,-4.60816,0.0499707,africa,All,#4682B4,0
10,10,-3.50964,-0.824051,4.2485,0,-2.90919,0.0508654,-2.99573,0,-4.61029,0.0478432,africa,All,#4682B4,0
1,11,-2.38911,0.296476,4.2485,0,-3.00351,-0.0434465,-2.99573,0,-4.69807,-0.0399403,africa,All,#4682B4,0
2,11,-2.66463,0.0209598,4.2485,0,-2.91238,0.047684,-2.99573,0,-4.65723,0.000905796,africa,All,#4682B4,0
3,11,-2.37391,0.311681,4.2485,0,-3.03181,-0.0717536,-2.99573,0,-4.7176,-0.0594665,africa,All,#4682B4,0
4,11,-2.77613,-0.0905352,4.2485,0,-2.96325,-0.00318582,-2.99573,0,-4.69907,-0.0409384,africa,All,#4682B4,0
5,11,-2.41982,0.265767,4.2485,0,-2.89854,0.0615235,-2.99573,0,-4.65624,0.00189072,africa,All,#4682B4,0
6,11,-3.18695,-0.501359,4.2485,0,-3.01276,-0.052705,-2.99573,0,-4.73965,-0.0815131,africa,All,#4682B4,0
7,11,-2.99087,-0.305278,4.2485,0,-2.94071,0.0193534,-2.99573,0,-4.69777,-0.0396422,africa,All,#4682B4,0
8,11,-2.14696,0.538632,4.2485,0,-2.99081,-0.0307506,-2.99573,0,-4.67744,-0.0193097,africa,All,#4682B4,0
9,11,-3.22961,-0.544018,4.2485,0,-3.01089,-0.0508328,-2.99573,0,-4.71444,-0.0563112,africa,All,#4682B4,0
10,11,-3.0434,-0.357806,4.2485,0,-2.90348,0.056578,-2.99573,0,-4.66875,-0.0106162,africa,All,#4682B4,0
1,12,-2.12148,0.564107,4.2485,0,-2.97466,-0.0146014,-2.99573,0,-4.63333,0.0247977,africa,All,#4682B4,0
2,12,-2.11626,0.569327,4.2485,0,-2.91781,0.0422455,-2.99573,0,-4.62236,0.0357729,africa,All,#4682B4,0
3,12,-2.05652,0.629069,4.2485,0,-3.11453,-0.154474,-2.99573,0,-4.69382,-0.0356889,africa,All,#4682B4,0
4,12,-1.52509,1.1605,4.2485,0,-2.95845,0.00161225,-2.99573,0,-4.64527,0.0128621,africa,All,#4682B4,0
5,12,-1.64389,1.0417,4.2485,0,-3.00102,-0.0409593,-2.99573,0,-4.64304,0.0150918,africa,All,#4682B4,0
6,12,-2.98257,-0.296984,4.2485,0,-3.00435,-0.0442904,-2.99573,0,-4.71172,-0.0535836,africa,All,#4682B4,0
7,12,-2.96692,-0.281331,4.2485,0,-3.10779,-0.14773,-2.99573,0,-4.6843,-0.0261642,africa,All,#4682B4,0
8,12,-2.04906,0.63653,4.2485,0,-2.88431,0.0757544,-2.99573,0,-4.57897,0.0791579,africa,All,#4682B4,0
9,12,-2.32688,0.358708,4.2485,0,-3.01229,-0.052233,-2.99573,0,-4.61774,0.0403907,africa,All,#4682B4,0
10,12,-1.3208,1.36479,4.2485,0,-2.8968,0.0632553,-2.99573,0,-4.54075,0.117379,africa,All,#4682B4,0
1,13,-2.25785,0.427736,4.2485,0,-2.79012,0.169937,-2.99573,0,-4.6743,-0.0161716,africa,All,#4682B4,0
2,13,-3.38572,-0.700129,4.2485,0,-2.93571,0.0243497,-2.99573,0,-4.73737,-0.0792422,africa,All,#4682B4,0
3,13,-2.8122,-0.126612,4.2485,0,-2.8847,0.0753561,-2.99573,0,-4.67748,-0.0193435,africa,All,#4682B4,0
4,13,-2.70317,-0.0175749,4.2485,0,-2.93912,0.0209436,-2.99573,0,-4.6405,0.0176376,africa,All,#4682B4,0
5,13,-2.77279,-0.0871947,4.2485,0,-2.8456,0.114462,-2.99573,0,-4.70771,-0.0495756,africa,All,#4682B4,0
6,13,-2.82809,-0.142503,4.2485,0,-2.82782,0.132236,-2.99573,0,-4.71115,-0.0530207,africa,All,#4682B4,0
7,13,-1.80404,0.881555,4.2485,0,-3.03197,-0.0719141,-2.99573,0,-4.75115,-0.0930194,africa,All,#4682B4,0
8,13,-3.31898,-0.633391,4.2485,0,-3.05909,-0.0990298,-2.99573,0,-4.74671,-0.0885754,africa,All,#4682B4,0
9,13,-2.44161,0.243981,4.2485,0,-2.94109,0.018973,-2.99573,0,-4.67406,-0.0159285,africa,All,#4682B4,0
10,13,-2.40496,0.280633,4.2485,0,-2.99388,-0.0338212,-2.99573,0,-4.74696,-0.0888301,africa,All,#4682B4,0
1,14,-2.40148,0.284107,4.2485,0,-3.12262,-0.162564,-2.99573,0,-4.72497,-0.0668415,africa,All,#4682B4,0
2,14,-2.63548,0.0501145,4.2485,0,-3.10149,-0.141429,-2.99573,0,-4.72852,-0.0703839,africa,All,#4682B4,0
3,14,-2.85384,-0.168251,4.2485,0,-2.87469,0.085374,-2.99573,0,-4.67876,-0.0206296,africa,All,#4682B4,0
4,14,-1.39163,1.29396,4.2485,0,-2.93166,0.0283952,-2.99573,0,-4.64782,0.010315,africa,All,#4682B4,0
5,14,-2.72913,-0.0435359,4.2485,0,-3.03879,-0.0787296,-2.99573,0,-4.72358,-0.0654439,africa,All,#4682B4,0
6,14,-2.47115,0.214438,4.2485,0,-2.89931,0.0607448,-2.99573,0,-4.72567,-0.067533,africa,All,#4682B4,0
7,14,-1.76198,0.92361,4.2485,0,-3.08807,-0.128007,-2.99573,0,-4.7297,-0.0715665,africa,All,#4682B4,0
8,14,-2.34455,0.341045,4.2485,0,-2.99848,-0.0384225,-2.99573,0,-4.71105,-0.0529182,africa,All,#4682B4,0
9,14,-2.40569,0.279904,4.2485,0,-2.90797,0.0520894,-2.99573,0,-4.66257,-0.00443993,africa,All,#4682B4,0
10,14,-2.15675,0.528843,4.2485,0,-2.93546,0.0246035,-2.99573,0,-4.71782,-0.0596906,africa,All,#4682B4,0
1,15,-3.25636,-0.570771,4.2485,0,-3.03995,-0.0798912,-2.99573,0,-4.74461,-0.0864739,africa,All,#4682B4,0
2,15,-2.75731,-0.0717173,4.2485,0,-2.96983,-0.00977103,-2.99573,0,-4.66354,-0.00541015,africa,All,#4682B4,0
3,15,-2.75379,-0.0681948,4.2485,0,-2.91619,0.0438741,-2.99573,0,-4.67922,-0.0210866,africa,All,#4682B4,0
4,15,-2.86255,-0.176955,4.2485,0,-3.0825,-0.122443,-2.99573,0,-4.71976,-0.0616264,africa,All,#4682B4,0
5,15,-3.21769,-0.532099,4.2485,0,-3.08748,-0.127422,-2.99573,0,-4.74201,-0.0838737,africa,All,#4682B4,0
6,15,-3.05227,-0.366682,4.2485,0,-2.95367,0.00639217,-2.99573,0,-4.69627,-0.0381418,africa,All,#4682B4,0
7,15,-2.72959,-0.0440017,4.2485,0,-3.01337,-0.0533151,-2.99573,0,-4.68431,-0.0261786,africa,All,#4682B4,0
8,15,-2.97076,-0.285171,4.2485,0,-2.96718,-0.00711997,-2.99573,0,-4.66619,-0.00805467,africa,All,#4682B4,0
9,15,-2.57943,0.106157,4.2485,0,-2.85543,0.104634,-2.99573,0,-4.64797,0.010158,africa,All,#4682B4,0
10,15,-2.91132,-0.225732,4.2485,0,-2.9761,-0.016039,-2.99573,0,-4.69316,-0.0350245,africa,All,#4682B4,0
1,16,-2.75479,-0.0691955,4.2485,0,-2.85747,0.102586,-2.99573,0,-4.6645,-0.00636327,africa,All,#4682B4,0
2,16,-3.53325,-0.847655,4.2485,0,-2.80467,0.155394,-2.99573,0,-4.66721,-0.00908193,africa,All,#4682B4,0
3,16,-3.12092,-0.435334,4.2485,0,-2.87653,0.0835304,-2.99573,0,-4.68715,-0.0290159,africa,All,#4682B4,0
4,16,-2.79756,-0.111968,4.2485,0,-3.01798,-0.0579231,-2.99573,0,-4.73702,-0.078888,africa,All,#4682B4,0
5,16,-2.37145,0.314145,4.2485,0,-2.94992,0.0101427,-2.99573,0,-4.68515,-0.0270162,africa,All,#4682B4,0
6,16,-2.13975,0.545838,4.2485,0,-2.95769,0.00236742,-2.99573,0,-4.72601,-0.0678805,africa,All,#4682B4,0
7,16,-2.90658,-0.220987,4.2485,0,-2.84785,0.112205,-2.99573,0,-4.68189,-0.0237612,africa,All,#4682B4,0
8,16,-3.15639,-0.470795,4.2485,0,-2.79057,0.16949,-2.99573,0,-4.63717,0.0209597,africa,All,#4682B4,0
9,16,-2.59995,0.0856357,4.2485,0,-2.88643,0.0736269,-2.99573,0,-4.67311,-0.0149787,africa,All,#4682B4,0
10,16,-1.79955,0.886037,4.2485,0,-2.91809,0.0419701,-2.99573,0,-4.68249,-0.0243526,africa,All,#4682B4,0
1,17,-2.72109,-0.0355014,4.2485,0,-2.825,0.13506,-2.99573,0,-4.69683,-0.0386965,africa,All,#4682B4,0
2,17,-2.99016,-0.304573,4.2485,0,-2.90671,0.0533487,-2.99573,0,-4.74209,-0.0839586,africa,All,#4682B4,0
3,17,-2.43983,0.245761,4.2485,0,-2.88497,0.0750853,-2.99573,0,-4.67567,-0.0175326,africa,All,#4682B4,0
4,17,-2.74728,-0.0616924,4.2485,0,-2.89604,0.0640194,-2.99573,0,-4.61441,0.0437275,africa,All,#4682B4,0
5,17,-1.5836,1.10199,4.2485,0,-2.85494,0.105115,-2.99573,0,-4.64991,0.00822569,africa,All,#4682B4,0
6,17,-2.53005,0.155543,4.2485,0,-3.01941,-0.0593532,-2.99573,0,-4.71903,-0.0608986,africa,All,#4682B4,0
7,17,-2.15567,0.529917,4.2485,0,-2.96995,-0.00988889,-2.99573,0,-4.67183,-0.0136925,africa,All,#4682B4,0
8,17,-1.99142,0.694174,4.2485,0,-3.02407,-0.0640079,-2.99573,0,-4.70302,-0.0448924,africa,All,#4682B4,0
9,17,-2.75954,-0.0739519,4.2485,0,-3.04912,-0.0890569,-2.99573,0,-4.70604,-0.0479109,africa,All,#4682B4,0
10,17,-1.87589,0.809697,4.2485,0,-2.88053,0.0795283,-2.99573,0,-4.65041,0.00771922,africa,All,#4682B4,0
1,18,-2.50276,0.182834,4.2485,0,-2.778,0.182061,-2.99573,0,-4.74544,-0.0873063,africa,All,#4682B4,0
2,18,-1.9651,0.720488,4.2485,0,-2.89621,0.0638512,-2.99573,0,-4.81529,-0.157157,africa,All,#4682B4,0
3,18,-2.74405,-0.058458,4.2485,0,-2.89268,0.0673827,-2.99573,0,-4.82959,-0.171462,africa,All,#4682B4,0
4,18,-3.31714,-0.631551,4.2485,0,-2.88075,0.0793129,-2.99573,0,-4.81896,-0.16083,africa,All,#4682B4,0
5,18,-2.1686,0.516987,4.2485,0,-2.81534,0.14472,-2.99573,0,-4.71357,-0.0554358,africa,All,#4682B4,0
6,18,-2.03234,0.653254,4.2485,0,-2.81375,0.146314,-2.99573,0,-4.76634,-0.108209,africa,All,#4682B4,0
7,18,-2.22863,0.456958,4.2485,0,-2.88274,0.0773236,-2.99573,0,-4.72656,-0.0684307,africa,All,#4682B4,0
8,18,-1.5118,1.17379,4.2485,0,-2.80059,0.159466,-2.99573,0,-4.70138,-0.0432483,africa,All,#4682B4,0
9,18,-2.13469,0.550897,4.2485,0,-2.95394,0.00611875,-2.99573,0,-4.80284,-0.14471,africa,All,#4682B4,0
10,18,-1.73914,0.946455,4.2485,0,-2.73348,0.226584,-2.99573,0,-4.73016,-0.0720226,africa,All,#4682B4,0
1,19,-2.74165,-0.0560574,4.2485,0,-2.93578,0.024282,-2.99573,0,-4.60561,0.0525231,africa,All,#4682B4,0
2,19,-2.14932,0.536269,4.2485,0,-2.99872,-0.0386561,-2.99573,0,-4.55679,0.101338,africa,All,#4682B4,0
3,19,-2.78031,-0.0947211,4.2485,0,-3.10589,-0.14583,-2.99573,0,-4.63523,0.0228986,africa,All,#4682B4,0
4,19,-2.48181,0.203782,4.2485,0,-2.88322,0.0768399,-2.99573,0,-4.59207,0.06606,africa,All,#4682B4,0
5,19,-2.19164,0.493951,4.2485,0,-2.99365,-0.0335863,-2.99573,0,-4.59757,0.0605653,africa,All,#4682B4,0
6,19,-2.10091,0.584677,4.2485,0,-2.84133,0.118729,-2.99573,0,-4.55679,0.101343,africa,All,#4682B4,0
7,19,-2.1236,0.561993,4.2485,0,-2.98235,-0.0222915,-2.99573,0,-4.5722,0.085928,africa,All,#4682B4,0
8,19,-1.09151,1.59408,4.2485,0,-3.11252,-0.152463,-2.99573,0,-4.55756,0.100572,africa,All,#4682B4,0
9,19,-2.08338,0.602212,4.2485,0,-2.95837,0.00168981,-2.99573,0,-4.59462,0.0635119,africa,All,#4682B4,0
10,19,-2.37513,0.310457,4.2485,0,-2.98904,-0.0289774,-2.99573,0,-4.61594,0.0421943,africa,All,#4682B4,0
1,20,-2.62644,0.0591531,4.2485,0,-2.95808,0.00198224,-2.99573,0,-4.69254,-0.0344058,africa,All,#4682B4,0
2,20,-2.85681,-0.171217,4.2485,0,-2.89968,0.0603829,-2.99573,0,-4.62858,0.0295574,africa,All,#4682B4,0
3,20,-2.75072,-0.0651267,4.2485,0,-2.98879,-0.0287288,-2.99573,0,-4.70748,-0.0493518,africa,All,#4682B4,0
4,20,-2.4859,0.199687,4.2485,0,-2.94142,0.018635,-2.99573,0,-4.70755,-0.0494157,africa,All,#4682B4,0
5,20,-3.43368,-0.748088,4.2485,0,-2.96135,-0.00128837,-2.99573,0,-4.69646,-0.0383306,africa,All,#4682B4,0
6,20,-2.53616,0.149431,4.2485,0,-2.95617,0.00388605,-2.99573,0,-4.66891,-0.010775,africa,All,#4682B4,0
7,20,-3.10519,-0.419602,4.2485,0,-2.94227,0.0177881,-2.99573,0,-4.64864,0.00949139,africa,All,#4682B4,0
8,20,-2.80697,-0.121383,4.2485,0,-3.04533,-0.0852715,-2.99573,0,-4.66372,-0.00558345,africa,All,#4682B4,0
9,20,-3.5356,-0.850004,4.2485,0,-2.90005,0.0600139,-2.99573,0,-4.63912,0.019013,africa,All,#4682B4,0
10,20,-3.61392,-0.928331,4.2485,0,-3.046,-0.0859402,-2.99573,0,-4.71269,-0.0545615,africa,All,#4682B4,0
1,21,-3.14164,-0.456047,4.2485,0,-2.89485,0.0652107,-2.99573,0,-4.57872,0.0794108,africa,All,#4682B4,0
2,21,-2.42246,0.263134,4.2485,0,-2.96553,-0.00547375,-2.99573,0,-4.60092,0.0572116,africa,All,#4682B4,0
3,21,-2.61941,0.0661838,4.2485,0,-2.98119,-0.021133,-2.99573,0,-4.59963,0.0585057,africa,All,#4682B4,0
4,21,-2.833,-0.14741,4.2485,0,-2.95291,0.00715328,-2.99573,0,-4.61372,0.0444144,africa,All,#4682B4,0
5,21,-2.60323,0.0823618,4.2485,0,-3.00743,-0.0473709,-2.99573,0,-4.57628,0.081855,africa,All,#4682B4,0
6,21,-3.2938,-0.608206,4.2485,0,-2.95771,0.0023497,-2.99573,0,-4.59192,0.0662078,africa,All,#4682B4,0
7,21,-2.49804,0.187552,4.2485,0,-3.02502,-0.0649642,-2.99573,0,-4.61203,0.0461075,africa,All,#4682B4,0
8,21,-3.06829,-0.382697,4.2485,0,-3.00581,-0.0457546,-2.99573,0,-4.61923,0.0388993,africa,All,#4682B4,0
9,21,-1.7428,0.942793,4.2485,0,-3.01885,-0.0587945,-2.99573,0,-4.57671,0.0814238,africa,All,#4682B4,0
10,21,-2.49799,0.187605,4.2485,0,-2.98878,-0.0287216,-2.99573,0,-4.55325,0.104882,africa,All,#4682B4,0
1,22,-3.18702,-0.501433,4.2485,0,-2.90887,0.0511931,-2.99573,0,-4.54004,0.118096,africa,All,#4682B4,0
2,22,-2.89795,-0.212358,4.2485,0,-3.14228,-0.182221,-2.99573,0,-4.5052,0.152929,africa,All,#4682B4,0
3,22,-2.92391,-0.238317,4.2485,0,-3.1122,-0.152137,-2.99573,0,-4.58454,0.0735921,africa,All,#4682B4,0
4,22,-2.92787,-0.242283,4.2485,0,-3.0733,-0.113241,-2.99573,0,-4.53527,0.122861,africa,All,#4682B4,0
5,22,-2.82257,-0.136976,4.2485,0,-3.11462,-0.154559,-2.99573,0,-4.59422,0.0639165,africa,All,#4682B4,0
6,22,-2.27218,0.413406,4.2485,0,-2.89533,0.0647331,-2.99573,0,-4.4196,0.238531,africa,All,#4682B4,0
7,22,-2.85671,-0.171115,4.2485,0,-2.88556,0.0745039,-2.99573,0,-4.48628,0.171852,africa,All,#4682B4,0
8,22,-3.27993,-0.594341,4.2485,0,-3.06179,-0.101731,-2.99573,0,-4.6069,0.0512278,africa,All,#4682B4,0
9,22,-2.60576,0.0798319,4.2485,0,-3.09989,-0.139835,-2.99573,0,-4.57459,0.0835473,africa,All,#4682B4,0
10,22,-3.50061,-0.815016,4.2485,0,-3.02242,-0.0623593,-2.99573,0,-4.55555,0.102586,africa,All,#4682B4,0
1,23,-1.84714,0.838455,4.2485,0,-2.96045,-0.000392471,-2.99573,0,-4.61672,0.0414106,africa,All,#4682B4,0
2,23,-2.53299,0.152604,4.2485,0,-2.76133,0.198734,-2.99573,0,-4.6133,0.0448361,africa,All,#4682B4,0
3,23,-2.41859,0.267001,4.2485,0,-3.10002,-0.139962,-2.99573,0,-4.69788,-0.0397464,africa,All,#4682B4,0
4,23,-2.63928,0.0463062,4.2485,0,-2.88893,0.0711313,-2.99573,0,-4.61592,0.0422141,africa,All,#4682B4,0
5,23,-2.19838,0.487209,4.2485,0,-3.03094,-0.0708761,-2.99573,0,-4.65462,0.00351144,africa,All,#4682B4,0
6,23,-2.75464,-0.0690477,4.2485,0,-2.99426,-0.0342005,-2.99573,0,-4.66577,-0.00763548,africa,All,#4682B4,0
7,23,-3.06024,-0.374654,4.2485,0,-2.80607,0.153988,-2.99573,0,-4.63078,0.0273527,africa,All,#4682B4,0
8,23,-1.63548,1.05011,4.2485,0,-3.08141,-0.121349,-2.99573,0,-4.6894,-0.0312681,africa,All,#4682B4,0
9,23,-2.76402,-0.0784255,4.2485,0,-2.95052,0.00953665,-2.99573,0,-4.67413,-0.0159981,africa,All,#4682B4,0
10,23,-2.36166,0.323932,4.2485,0,-2.98415,-0.0240923,-2.99573,0,-4.64972,0.00840831,africa,All,#4682B4,0
1,24,-2.56639,0.119198,4.2485,0,-3.02365,-0.0635859,-2.99573,0,-4.70944,-0.0513098,africa,All,#4682B4,0
2,24,-2.28457,0.401021,4.2485,0,-2.90621,0.0538535,-2.99573,0,-4.68251,-0.0243789,africa,All,#4682B4,0
3,24,-2.73862,-0.0530326,4.2485,0,-2.94622,0.0138402,-2.99573,0,-4.70329,-0.0451567,africa,All,#4682B4,0
4,24,-2.44459,0.241003,4.2485,0,-2.93079,0.0292733,-2.99573,0,-4.65517,0.00296218,africa,All,#4682B4,0
5,24,-2.05638,0.629215,4.2485,0,-2.95921,0.000850349,-2.99573,0,-4.6571,0.00103755,africa,All,#4682B4,0
6,24,-2.24701,0.438577,4.2485,0,-3.03829,-0.0782344,-2.99573,0,-4.71227,-0.0541358,africa,All,#4682B4,0
7,24,-1.96576,0.719827,4.2485,0,-2.8719,0.088161,-2.99573,0,-4.65089,0.00724661,africa,All,#4682B4,0
8,24,-2.94218,-0.256585,4.2485,0,-2.7441,0.215956,-2.99573,0,-4.59718,0.0609494,africa,All,#4682B4,0
9,24,-1.69705,0.988541,4.2485,0,-2.92181,0.0382543,-2.99573,0,-4.65654,0.00159483,africa,All,#4682B4,0
10,24,-2.47977,0.205816,4.2485,0,-2.88312,0.0769432,-2.99573,0,-4.65471,0.00342381,africa,All,#4682B4,0
1,25,-2.76347,-0.0778785,4.2485,0,-2.8429,0.117156,-2.99573,0,-4.5855,0.0726331,africa,All,#4682B4,0
2,25,-2.56961,0.115984,4.2485,0,-2.94431,0.0157508,-2.99573,0,-4.62633,0.0318055,africa,All,#4682B4,0
3,25,-2.59591,0.0896856,4.2485,0,-3.0275,-0.0674445,-2.99573,0,-4.6418,0.0163293,africa,All,#4682B4,0
4,25,-2.987,-0.301408,4.2485,0,-2.97344,-0.0133829,-2.99573,0,-4.67868,-0.0205494,africa,All,#4682B4,0
5,25,-2.75964,-0.0740522,4.2485,0,-2.922,0.0380598,-2.99573,0,-4.59851,0.0596196,africa,All,#4682B4,0
6,25,-2.14351,0.542085,4.2485,0,-2.95541,0.00464635,-2.99573,0,-4.61087,0.0472608,africa,All,#4682B4,0
7,25,-3.11201,-0.426419,4.2485,0,-2.9178,0.042259,-2.99573,0,-4.64801,0.0101243,africa,All,#4682B4,0
8,25,-3.14489,-0.459301,4.2485,0,-2.90525,0.0548093,-2.99573,0,-4.63446,0.0236687,africa,All,#4682B4,0
9,25,-2.5879,0.0976861,4.2485,0,-2.93687,0.0231917,-2.99573,0,-4.65713,0.00100668,africa,All,#4682B4,0
10,25,-2.73594,-0.0503473,4.2485,0,-3.02577,-0.0657102,-2.99573,0,-4.68016,-0.0220315,africa,All,#4682B4,0
1,26,-2.8223,-0.136714,4.2485,0,-2.99065,-0.0305881,-2.99573,0,-4.58579,0.0723428,africa,All,#4682B4,0
2,26,-2.93693,-0.251342,4.2485,0,-2.94522,0.0148384,-2.99573,0,-4.59789,0.060242,africa,All,#4682B4,0
3,26,-2.93203,-0.246444,4.2485,0,-3.06727,-0.107215,-2.99573,0,-4.62723,0.0309073,africa,All,#4682B4,0
4,26,-3.21871,-0.533123,4.2485,0,-2.85649,0.103568,-2.99573,0,-4.59893,0.0592068,africa,All,#4682B4,0
5,26,-3.60712,-0.921525,4.2485,0,-2.86349,0.0965741,-2.99573,0,-4.56666,0.0914703,africa,All,#4682B4,0
6,26,-2.62233,0.0632592,4.2485,0,-3.0402,-0.0801387,-2.99573,0,-4.62016,0.0379712,africa,All,#4682B4,0
7,26,-2.83233,-0.146736,4.2485,0,-3.04341,-0.0833487,-2.99573,0,-4.62126,0.0368762,africa,All,#4682B4,0
8,26,-2.40603,0.279561,4.2485,0,-3.01436,-0.0542984,-2.99573,0,-4.634,0.0241335,africa,All,#4682B4,0
9,26,-2.98782,-0.302229,4.2485,0,-3.05265,-0.0925941,-2.99573,0,-4.59988,0.0582481,africa,All,#4682B4,0
10,26,-3.00573,-0.320135,4.2485,0,-3.00365,-0.0435941,-2.99573,0,-4.56939,0.0887397,africa,All,#4682B4,0
1,27,-3.31757,-0.631984,4.2485,0,-3.06506,-0.105004,-2.99573,0,-4.70108,-0.0429486,africa,All,#4682B4,0
2,27,-2.923,-0.237408,4.2485,0,-2.91491,0.0451505,-2.99573,0,-4.56527,0.0928651,africa,All,#4682B4,0
3,27,-2.87865,-0.193062,4.2485,0,-3.0138,-0.0537412,-2.99573,0,-4.59009,0.0680466,africa,All,#4682B4,0
4,27,-2.09596,0.589634,4.2485,0,-3.05207,-0.0920126,-2.99573,0,-4.66327,-0.00513536,africa,All,#4682B4,0
5,27,-2.80763,-0.122037,4.2485,0,-2.86215,0.0979128,-2.99573,0,-4.59982,0.0583163,africa,All,#4682B4,0
6,27,-3.13526,-0.449672,4.2485,0,-2.86119,0.0988697,-2.99573,0,-4.61621,0.0419235,africa,All,#4682B4,0
7,27,-3.54695,-0.861355,4.2485,0,-3.03979,-0.0797324,-2.99573,0,-4.66444,-0.00630366,africa,All,#4682B4,0
8,27,-2.5978,0.0877872,4.2485,0,-3.00208,-0.0420246,-2.99573,0,-4.68903,-0.0308955,africa,All,#4682B4,0
9,27,-3.0589,-0.373312,4.2485,0,-3.02346,-0.0634026,-2.99573,0,-4.70363,-0.0454958,africa,All,#4682B4,0
10,27,-2.98231,-0.296721,4.2485,0,-2.93508,0.0249795,-2.99573,0,-4.67909,-0.0209524,africa,All,#4682B4,0
1,28,-2.14225,0.543341,4.2485,0,-3.01493,-0.054867,-2.99573,0,-4.69366,-0.0355294,africa,All,#4682B4,0
2,28,-2.1285,0.557088,4.2485,0,-2.99574,-0.0356816,-2.99573,0,-4.69634,-0.0382039,africa,All,#4682B4,0
3,28,-2.91591,-0.230316,4.2485,0,-2.98589,-0.0258317,-2.99573,0,-4.70882,-0.0506878,africa,All,#4682B4,0
4,28,-2.36274,0.322853,4.2485,0,-2.94846,0.011604,-2.99573,0,-4.6932,-0.035068,africa,All,#4682B4,0
5,28,-2.54287,0.142722,4.2485,0,-3.01291,-0.0528478,-2.99573,0,-4.71281,-0.0546763,africa,All,#4682B4,0
6,28,-1.80392,0.881669,4.2485,0,-2.89484,0.065221,-2.99573,0,-4.66246,-0.00432973,africa,All,#4682B4,0
7,28,-3.12678,-0.441187,4.2485,0,-2.84446,0.115603,-2.99573,0,-4.62569,0.0324468,africa,All,#4682B4,0
8,28,-2.2667,0.418895,4.2485,0,-2.98069,-0.0206338,-2.99573,0,-4.67543,-0.0172949,africa,All,#4682B4,0
9,28,-2.6433,0.042291,4.2485,0,-2.87182,0.0882396,-2.99573,0,-4.63727,0.0208593,africa,All,#4682B4,0
10,28,-3.28052,-0.59493,4.2485,0,-2.95575,0.00431295,-2.99573,0,-4.70394,-0.0458037,africa,All,#4682B4,0
1,29,-2.92573,-0.240136,4.2485,0,-2.95417,0.00588862,-2.99573,0,-4.54578,0.112356,africa,All,#4682B4,0
2,29,-2.12388,0.561712,4.2485,0,-3.01441,-0.0543463,-2.99573,0,-4.54459,0.113543,africa,All,#4682B4,0
3,29,-2.40392,0.281667,4.2485,0,-2.99045,-0.0303897,-2.99573,0,-4.57657,0.0815665,africa,All,#4682B4,0
4,29,-2.89544,-0.209845,4.2485,0,-2.86517,0.0948932,-2.99573,0,-4.53747,0.120665,africa,All,#4682B4,0
5,29,-3.06246,-0.376874,4.2485,0,-3.01626,-0.0562042,-2.99573,0,-4.59935,0.0587873,africa,All,#4682B4,0
6,29,-2.57136,0.114232,4.2485,0,-3.1115,-0.151436,-2.99573,0,-4.59353,0.064606,africa,All,#4682B4,0
7,29,-2.22676,0.458832,4.2485,0,-3.08566,-0.125602,-2.99573,0,-4.64428,0.0138551,africa,All,#4682B4,0
8,29,-2.43339,0.252203,4.2485,0,-3.08157,-0.121513,-2.99573,0,-4.65236,0.00577033,africa,All,#4682B4,0
9,29,-2.2595,0.426093,4.2485,0,-3.18471,-0.22465,-2.99573,0,-4.57874,0.0793927,africa,All,#4682B4,0
10,29,-2.32146,0.364126,4.2485,0,-3.03146,-0.071396,-2.99573,0,-4.5931,0.065037,africa,All,#4682B4,0
1,30,-3.10138,-0.415791,4.2485,0,-2.99207,-0.0320118,-2.99573,0,-4.75444,-0.0963095,africa,All,#4682B4,0
2,30,-2.44892,0.236666,4.2485,0,-3.02934,-0.0692822,-2.99573,0,-4.75406,-0.0959251,africa,All,#4682B4,0
3,30,-1.85153,0.834058,4.2485,0,-2.93947,0.0205915,-2.99573,0,-4.6904,-0.0322685,africa,All,#4682B4,0
4,30,-3.15521,-0.469616,4.2485,0,-2.9566,0.00346166,-2.99573,0,-4.71998,-0.0618504,africa,All,#4682B4,0
5,30,-1.99929,0.686298,4.2485,0,-2.94402,0.0160375,-2.99573,0,-4.66869,-0.0105605,africa,All,#4682B4,0
6,30,-2.44786,0.237728,4.2485,0,-2.99545,-0.0353917,-2.99573,0,-4.71949,-0.0613594,africa,All,#4682B4,0
7,30,-3.05588,-0.370294,4.2485,0,-2.9203,0.0397619,-2.99573,0,-4.67592,-0.0177873,africa,All,#4682B4,0
8,30,-2.82176,-0.136172,4.2485,0,-3.04273,-0.0826737,-2.99573,0,-4.75493,-0.0968011,africa,All,#4682B4,0
9,30,-2.97803,-0.292439,4.2485,0,-2.91555,0.0445054,-2.99573,0,-4.70858,-0.050449,africa,All,#4682B4,0
10,30,-1.66389,1.0217,4.2485,0,-2.84055,0.119508,-2.99573,0,-4.63039,0.0277378,africa,All,#4682B4,0
1,31,-1.92274,0.762849,4.2485,0,-2.93308,0.0269779,-2.99573,0,-4.61344,0.0446901,africa,All,#4682B4,0
2,31,-3.22258,-0.536986,4.2485,0,-2.88131,0.0787517,-2.99573,0,-4.64934,0.00879219,africa,All,#4682B4,0
3,31,-2.466,0.219593,4.2485,0,-2.96025,-0.000193658,-2.99573,0,-4.66689,-0.00875581,africa,All,#4682B4,0
4,31,-2.87751,-0.191923,4.2485,0,-2.93685,0.023212,-2.99573,0,-4.64111,0.0170224,africa,All,#4682B4,0
5,31,-2.97315,-0.287563,4.2485,0,-2.97564,-0.0155819,-2.99573,0,-4.66407,-0.00593751,africa,All,#4682B4,0
6,31,-2.93782,-0.252226,4.2485,0,-2.98911,-0.0290513,-2.99573,0,-4.68089,-0.0227585,africa,All,#4682B4,0
7,31,-3.66211,-0.976515,4.2485,0,-2.92937,0.030693,-2.99573,0,-4.66916,-0.0110298,africa,All,#4682B4,0
8,31,-2.48611,0.199482,4.2485,0,-3.01332,-0.0532587,-2.99573,0,-4.6595,-0.00136451,africa,All,#4682B4,0
9,31,-2.78193,-0.0963359,4.2485,0,-2.89729,0.0627666,-2.99573,0,-4.62188,0.0362519,africa,All,#4682B4,0
10,31,-2.45538,0.230207,4.2485,0,-2.99066,-0.0305965,-2.99573,0,-4.68486,-0.0267308,africa,All,#4682B4,0
1,32,-3.33731,-0.651716,4.2485,0,-3.03376,-0.0736965,-2.99573,0,-4.52139,0.136739,africa,All,#4682B4,0
2,32,-3.37961,-0.694023,4.2485,0,-3.02929,-0.0692302,-2.99573,0,-4.564,0.0941347,africa,All,#4682B4,0
3,32,-3.24745,-0.561857,4.2485,0,-2.96148,-0.0014215,-2.99573,0,-4.51852,0.139616,africa,All,#4682B4,0
4,32,-3.2742,-0.588611,4.2485,0,-2.98744,-0.0273842,-2.99573,0,-4.51326,0.144874,africa,All,#4682B4,0
5,32,-3.07816,-0.392566,4.2485,0,-3.06544,-0.105384,-2.99573,0,-4.54333,0.114804,africa,All,#4682B4,0
6,32,-3.0951,-0.409508,4.2485,0,-3.0798,-0.119744,-2.99573,0,-4.5743,0.0838358,africa,All,#4682B4,0
7,32,-2.84381,-0.158216,4.2485,0,-3.11032,-0.150261,-2.99573,0,-4.63856,0.0195729,africa,All,#4682B4,0
8,32,-3.55002,-0.864432,4.2485,0,-3.06705,-0.106989,-2.99573,0,-4.55379,0.104345,africa,All,#4682B4,0
9,32,-2.99462,-0.309027,4.2485,0,-3.09707,-0.137008,-2.99573,0,-4.56287,0.0952617,africa,All,#4682B4,0
10,32,-3.36839,-0.682801,4.2485,0,-3.03835,-0.0782914,-2.99573,0,-4.56822,0.0899128,africa,All,#4682B4,0
1,33,-2.87058,-0.184993,4.2485,0,-2.80874,0.151315,-2.99573,0,-4.62834,0.0297901,africa,All,#4682B4,0
2,33,-1.98557,0.700021,4.2485,0,-2.88192,0.0781352,-2.99573,0,-4.6308,0.0273336,africa,All,#4682B4,0
3,33,-2.17366,0.511927,4.2485,0,-3.17485,-0.214789,-2.99573,0,-4.74906,-0.0909287,africa,All,#4682B4,0
4,33,-2.95538,-0.269793,4.2485,0,-3.02436,-0.0643033,-2.99573,0,-4.67208,-0.0139502,africa,All,#4682B4,0
5,33,-3.434,-0.748407,4.2485,0,-2.92765,0.0324077,-2.99573,0,-4.6502,0.00793161,africa,All,#4682B4,0
6,33,-2.9335,-0.247908,4.2485,0,-2.98365,-0.0235908,-2.99573,0,-4.64943,0.00870472,africa,All,#4682B4,0
7,33,-2.86671,-0.181117,4.2485,0,-3.01012,-0.0500638,-2.99573,0,-4.68076,-0.0226252,africa,All,#4682B4,0
8,33,-2.16028,0.525312,4.2485,0,-3.08138,-0.121318,-2.99573,0,-4.66717,-0.00904131,africa,All,#4682B4,0
9,33,-2.88596,-0.200371,4.2485,0,-2.97059,-0.0105278,-2.99573,0,-4.67825,-0.0201177,africa,All,#4682B4,0
10,33,-2.31817,0.367419,4.2485,0,-2.92012,0.0399377,-2.99573,0,-4.66926,-0.0111304,africa,All,#4682B4,0
1,34,-3.07088,-0.385289,4.2485,0,-3.07655,-0.116491,-2.99573,0,-4.76364,-0.105509,africa,All,#4682B4,0
2,34,-2.39286,0.292731,4.2485,0,-3.01695,-0.0568946,-2.99573,0,-4.64253,0.015601,africa,All,#4682B4,0
3,34,-2.06378,0.621815,4.2485,0,-3.14283,-0.182769,-2.99573,0,-4.73351,-0.0753788,africa,All,#4682B4,0
4,34,-2.88095,-0.195357,4.2485,0,-2.8789,0.0811588,-2.99573,0,-4.62491,0.0332252,africa,All,#4682B4,0
5,34,-1.91671,0.768882,4.2485,0,-2.9508,0.00925965,-2.99573,0,-4.64328,0.0148534,africa,All,#4682B4,0
6,34,-2.79326,-0.107672,4.2485,0,-2.95643,0.00362617,-2.99573,0,-4.62569,0.0324464,africa,All,#4682B4,0
7,34,-2.76504,-0.0794498,4.2485,0,-2.89478,0.0652763,-2.99573,0,-4.63777,0.0203591,africa,All,#4682B4,0
8,34,-1.98304,0.702549,4.2485,0,-2.97513,-0.0150677,-2.99573,0,-4.70733,-0.0491967,africa,All,#4682B4,0
9,34,-2.37955,0.30604,4.2485,0,-2.99423,-0.034168,-2.99573,0,-4.64684,0.0112906,africa,All,#4682B4,0
10,34,-1.84699,0.838606,4.2485,0,-2.9343,0.02576,-2.99573,0,-4.69346,-0.0353271,africa,All,#4682B4,0
